id,pred
0,0.787432
1,0.676203
2,0.804845
3,0.745584
4,0.969049
5,0.69354
6,0.775965
7,0.956435
8,0.711109
9,0.765073
10,0.74503
11,0.871475
12,0.556806
13,0.507273
14,0.922355
15,0.632859
16,0.706675
17,0.533657
18,0.781584
19,0.557022
20,0.336583
21,0.951352
22,0.756022
23,0.160793
24,0.549388
25,0.809086
26,0.51067
27,0.674614
28,0.988697
29,0.918135
30,0.828754
31,0.969853
32,0.667396
33,0.729685
34,0.950483
35,0.590926
36,0.526872
37,0.801997
38,0.682529
39,0.496091
40,0.280682
41,0.811137
42,0.809841
43,0.833912
44,0.679725
45,0.951137
46,0.53939
47,0.784777
48,0.681622
49,0.668769
50,0.75429
51,0.131634
52,0.784152
53,0.958449
54,0.98903
55,0.809638
56,0.082533
57,0.887279
58,0.670546
59,0.923492
60,0.636047
61,0.926047
62,0.476794
63,0.745208
64,0.733751
65,0.577691
66,0.628291
67,0.775864
68,0.165108
69,0.912822
70,0.561066
71,0.888812
72,0.797594
73,0.526855
74,0.962179
75,0.637952
76,0.854421
77,0.980382
78,0.986858
79,0.915742
80,0.562062
81,0.521888
82,0.126076
83,0.638983
84,0.823486
85,0.585637
86,0.834352
87,0.823254
88,0.936375
89,0.855771
90,0.845573
91,0.827613
92,0.971983
93,0.741588
94,0.951364
95,0.929893
96,0.778158
97,0.753492
98,0.62439
99,0.950378
100,0.694072
101,0.1319
102,0.725348
103,0.929328
104,0.245806
105,0.797593
106,0.160352
107,0.826346
108,0.562086
109,0.540556
110,0.650576
111,0.475701
112,0.763576
113,0.86678
114,0.707568
115,0.572241
116,0.733056
117,0.925706
118,0.770641
119,0.898611
120,0.825272
121,0.983307
122,0.478604
123,0.884927
124,0.890928
125,0.551229
126,0.578973
127,0.799523
128,0.787006
129,0.412165
130,0.671428
131,0.197964
132,0.812227
133,0.776168
134,0.568963
135,0.793056
136,0.554178
137,0.597513
138,0.740771
139,0.499834
140,0.851569
141,0.948574
142,0.413257
143,0.770495
144,0.968878
145,0.809402
146,0.805168
147,0.816382
148,0.737933
149,0.909917
150,0.7729
151,0.498211
152,0.726743
153,0.132976
154,0.995957
155,0.971872
156,0.795745
157,0.571429
158,0.948294
159,0.983647
160,0.693116
161,0.936175
162,0.788677
163,0.626818
164,0.530415
165,0.522052
166,0.619145
167,0.96029
168,0.761458
169,0.877164
170,0.832345
171,0.589583
172,0.829061
173,0.865798
174,0.8322
175,0.900963
176,0.969958
177,0.050254
178,0.217462
179,0.657787
180,0.826949
181,0.501688
182,0.603747
183,0.365762
184,0.875613
185,0.933016
186,0.826356
187,0.59755
188,0.895682
189,0.829868
190,0.973937
191,0.722163
192,0.614045
193,0.924112
194,0.796859
195,0.767655
196,0.603953
197,0.699588
198,0.810701
199,0.686277
200,0.65442
201,0.832125
202,0.545405
203,0.898356
204,0.828968
205,0.696642
206,0.897609
207,0.611134
208,0.655744
209,0.474281
210,0.49596
211,0.822706
212,0.40574
213,0.539002
214,0.637364
215,0.730844
216,0.780471
217,0.810348
218,0.170051
219,0.7391
220,0.724736
221,0.776375
222,0.727819
223,0.882028
224,0.729033
225,0.66086
226,0.64193
227,0.427341
228,0.539621
229,0.876781
230,0.668062
231,0.906279
232,0.908436
233,0.903015
234,0.588533
235,0.103728
236,0.551127
237,0.540035
238,0.960734
239,0.76795
240,0.920191
241,0.971487
242,0.791242
243,0.517327
244,0.239139
245,0.834915
246,0.711199
247,0.612431
248,0.596196
249,0.6562
250,0.723452
251,0.854072
252,0.950494
253,0.902785
254,0.455589
255,0.92539
256,0.708381
257,0.891309
258,0.664433
259,0.683025
260,0.209753
261,0.421414
262,0.909861
263,0.991967
264,0.972368
265,0.687748
266,0.721626
267,0.579116
268,0.733492
269,0.723328
270,0.821292
271,0.710997
272,0.796197
273,0.944218
274,0.539324
275,0.517672
276,0.782182
277,0.821877
278,0.674842
279,0.594372
280,0.978166
281,0.972367
282,0.942816
283,0.773422
284,0.748142
285,0.834544
286,0.711506
287,0.774952
288,0.425254
289,0.865648
290,0.944112
291,0.87659
292,0.573377
293,0.562907
294,0.409677
295,0.964795
296,0.956667
297,0.568732
298,0.625004
299,0.737915
300,0.916239
301,0.662996
302,0.765771
303,0.807317
304,0.866141
305,0.819971
306,0.752091
307,0.497503
308,0.622589
309,0.577989
310,0.747518
311,0.986821
312,0.667731
313,0.589723
314,0.652926
315,0.647443
316,0.722894
317,0.817617
318,0.872305
319,0.628565
320,0.672408
321,0.774784
322,0.585077
323,0.915739
324,0.95416
325,0.344967
326,0.529919
327,0.66588
328,0.285439
329,0.835024
330,0.70243
331,0.372542
332,0.644538
333,0.765607
334,0.640695
335,0.682421
336,0.78806
337,0.678597
338,0.69373
339,0.711596
340,0.491911
341,0.918632
342,0.509337
343,0.764243
344,0.594107
345,0.381765
346,0.927273
347,0.497212
348,0.668851
349,0.459591
350,0.696303
351,0.95716
352,0.936688
353,0.715232
354,0.967454
355,0.745376
356,0.711434
357,0.704186
358,0.92169
359,0.548275
360,0.735471
361,0.55967
362,0.532309
363,0.897569
364,0.854328
365,0.924728
366,0.902762
367,0.492813
368,0.93219
369,0.924083
370,0.580035
371,0.882435
372,0.823675
373,0.914936
374,0.539303
375,0.927773
376,0.534994
377,0.959672
378,0.546968
379,0.895815
380,0.103507
381,0.838286
382,0.722585
383,0.149257
384,0.824141
385,0.865525
386,0.70768
387,0.878627
388,0.298078
389,0.185762
390,0.704043
391,0.736238
392,0.976356
393,0.441852
394,0.49493
395,0.528174
396,0.751777
397,0.041287
398,0.529398
399,0.810898
400,0.857766
401,0.604861
402,0.766533
403,0.926462
404,0.775556
405,0.945293
406,0.954321
407,0.80948
408,0.939116
409,0.636076
410,0.622638
411,0.353725
412,0.877791
413,0.698726
414,0.608872
415,0.618335
416,0.57968
417,0.683151
418,0.980793
419,0.847839
420,0.930129
421,0.843146
422,0.7157
423,0.740524
424,0.597022
425,0.918157
426,0.515892
427,0.982985
428,0.62337
429,0.675706
430,0.483133
431,0.579061
432,0.499906
433,0.718917
434,0.840785
435,0.762848
436,0.895721
437,0.976832
438,0.870856
439,0.556139
440,0.743755
441,0.826163
442,0.748934
443,0.671024
444,0.359563
445,0.931319
446,0.93211
447,0.717299
448,0.84091
449,0.694703
450,0.72028
451,0.830629
452,0.554111
453,0.973016
454,0.762309
455,0.659175
456,0.841452
457,0.589507
458,0.841778
459,0.978217
460,0.442828
461,0.853457
462,0.790863
463,0.780774
464,0.793108
465,0.767609
466,0.758996
467,0.985546
468,0.822644
469,0.806235
470,0.54123
471,0.659793
472,0.63889
473,0.704303
474,0.763993
475,0.753018
476,0.652519
477,0.643636
478,0.936588
479,0.675475
480,0.827258
481,0.661836
482,0.686103
483,0.704009
484,0.964231
485,0.723862
486,0.883748
487,0.383938
488,0.580606
489,0.286119
490,0.691535
491,0.97056
492,0.199654
493,0.871616
494,0.688087
495,0.764341
496,0.969805
497,0.19918
498,0.850918
499,0.444103
500,0.65658
501,0.294764
502,0.761257
503,0.904422
504,0.770855
505,0.69931
506,0.802393
507,0.819778
508,0.645438
509,0.72405
510,0.900225
511,0.901929
512,0.640757
513,0.84269
514,0.407936
515,0.563758
516,0.491119
517,0.781159
518,0.617515
519,0.741625
520,0.853585
521,0.479087
522,0.630447
523,0.559339
524,0.832099
525,0.830333
526,0.775058
527,0.93504
528,0.762161
529,0.943411
530,0.56935
531,0.866944
532,0.597634
533,0.92173
534,0.688587
535,0.527828
536,0.85754
537,0.087189
538,0.966756
539,0.839616
540,0.928647
541,0.898039
542,0.757725
543,0.463172
544,0.82895
545,0.493685
546,0.632305
547,0.735822
548,0.963146
549,0.973579
550,0.510143
551,0.754514
552,0.835524
553,0.7507
554,0.573895
555,0.761492
556,0.691758
557,0.834308
558,0.735637
559,0.948222
560,0.812299
561,0.929703
562,0.904899
563,0.681002
564,0.80166
565,0.546153
566,0.900485
567,0.771275
568,0.734804
569,0.734869
570,0.701092
571,0.762519
572,0.527205
573,0.649921
574,0.727278
575,0.945586
576,0.616105
577,0.247489
578,0.677399
579,0.536588
580,0.979496
581,0.612698
582,0.57592
583,0.743293
584,0.68211
585,0.799205
586,0.880565
587,0.740309
588,0.948766
589,0.352217
590,0.691308
591,0.575368
592,0.821505
593,0.831636
594,0.840698
595,0.851609
596,0.976564
597,0.683661
598,0.468456
599,0.70615
600,0.92586
601,0.504081
602,0.720216
603,0.303786
604,0.55066
605,0.500775
606,0.526053
607,0.903743
608,0.708147
609,0.93426
610,0.612286
611,0.932763
612,0.457198
613,0.635892
614,0.630257
615,0.50475
616,0.926616
617,0.952499
618,0.950208
619,0.791872
620,0.15228
621,0.947285
622,0.51589
623,0.960451
624,0.885836
625,0.828648
626,0.771742
627,0.94499
628,0.671057
629,0.972557
630,0.905705
631,0.933063
632,0.596254
633,0.841125
634,0.62164
635,0.921067
636,0.964379
637,0.845445
638,0.88904
639,0.665817
640,0.62642
641,0.855617
642,0.771139
643,0.793446
644,0.873823
645,0.776117
646,0.674535
647,0.814883
648,0.345688
649,0.600493
650,0.9088
651,0.53642
652,0.647007
653,0.746982
654,0.838967
655,0.805448
656,0.748385
657,0.60997
658,0.558802
659,0.567788
660,0.58819
661,0.929983
662,0.850837
663,0.837458
664,0.461086
665,0.721302
666,0.861794
667,0.769295
668,0.801095
669,0.703153
670,0.734654
671,0.758839
672,0.808513
673,0.265683
674,0.888347
675,0.635228
676,0.643043
677,0.951454
678,0.657377
679,0.935186
680,0.565087
681,0.86785
682,0.750064
683,0.972854
684,0.886035
685,0.857634
686,0.930722
687,0.811538
688,0.647697
689,0.66261
690,0.763548
691,0.532191
692,0.842083
693,0.880239
694,0.666674
695,0.80027
696,0.640336
697,0.515491
698,0.518455
699,0.695699
700,0.613971
701,0.845445
702,0.483416
703,0.347186
704,0.746283
705,0.866835
706,0.673452
707,0.955041
708,0.350128
709,0.440758
710,0.722825
711,0.674566
712,0.99695
713,0.626182
714,0.45614
715,0.731605
716,0.846939
717,0.777432
718,0.717919
719,0.543444
720,0.534732
721,0.35489
722,0.936716
723,0.92654
724,0.906226
725,0.702485
726,0.787949
727,0.674576
728,0.409435
729,0.463556
730,0.556623
731,0.71895
732,0.055232
733,0.73938
734,0.848628
735,0.760858
736,0.984497
737,0.784486
738,0.530057
739,0.740117
740,0.648599
741,0.897898
742,0.842044
743,0.962625
744,0.949963
745,0.642655
746,0.794961
747,0.435821
748,0.790383
749,0.359487
750,0.924087
751,0.754423
752,0.694305
753,0.88922
754,0.524916
755,0.795214
756,0.780178
757,0.555147
758,0.835109
759,0.783974
760,0.759349
761,0.413103
762,0.875318
763,0.649061
764,0.987192
765,0.933747
766,0.914813
767,0.92232
768,0.68119
769,0.827785
770,0.974314
771,0.556792
772,0.305933
773,0.603089
774,0.7333
775,0.805718
776,0.615622
777,0.964074
778,0.739747
779,0.979084
780,0.729557
781,0.839489
782,0.537085
783,0.806386
784,0.7044
785,0.809845
786,0.755639
787,0.470605
788,0.805835
789,0.988171
790,0.766017
791,0.686805
792,0.731208
793,0.824751
794,0.84669
795,0.856648
796,0.925267
797,0.684261
798,0.685353
799,0.555968
800,0.383819
801,0.739454
802,0.724455
803,0.794068
804,0.511344
805,0.723869
806,0.56008
807,0.665631
808,0.91567
809,0.760171
810,0.535929
811,0.913971
812,0.98599
813,0.811596
814,0.802912
815,0.804331
816,0.443483
817,0.806306
818,0.750355
819,0.362079
820,0.709727
821,0.81163
822,0.603976
823,0.715303
824,0.107717
825,0.983331
826,0.646762
827,0.882918
828,0.953818
829,0.648394
830,0.730167
831,0.924711
832,0.845942
833,0.442715
834,0.978793
835,0.714963
836,0.850665
837,0.655723
838,0.859707
839,0.300423
840,0.892043
841,0.835987
842,0.88581
843,0.677422
844,0.623108
845,0.853018
846,0.872001
847,0.339184
848,0.885027
849,0.946692
850,0.761115
851,0.826701
852,0.751206
853,0.499036
854,0.859317
855,0.651893
856,0.789121
857,0.791032
858,0.832564
859,0.394318
860,0.593107
861,0.804695
862,0.8978
863,0.788623
864,0.931207
865,0.524176
866,0.726435
867,0.687284
868,0.413798
869,0.815509
870,0.626001
871,0.897634
872,0.704387
873,0.685784
874,0.617098
875,0.697073
876,0.806092
877,0.702307
878,0.883273
879,0.594004
880,0.763344
881,0.987853
882,0.744792
883,0.829374
884,0.985199
885,0.921207
886,0.967256
887,0.792211
888,0.977152
889,0.92107
890,0.663673
891,0.611473
892,0.720197
893,0.447896
894,0.103288
895,0.051874
896,0.95144
897,0.726458
898,0.896742
899,0.982301
900,0.823214
901,0.839378
902,0.919534
903,0.705838
904,0.717696
905,0.599653
906,0.625701
907,0.784656
908,0.976937
909,0.553295
910,0.725245
911,0.87796
912,0.667938
913,0.663076
914,0.677756
915,0.809468
916,0.960377
917,0.815636
918,0.823096
919,0.316263
920,0.549478
921,0.920593
922,0.664505
923,0.794336
924,0.905457
925,0.73637
926,0.604821
927,0.718832
928,0.726311
929,0.542619
930,0.459161
931,0.82558
932,0.640291
933,0.975882
934,0.950733
935,0.392759
936,0.938964
937,0.607488
938,0.560963
939,0.946036
940,0.732382
941,0.72294
942,0.936814
943,0.720444
944,0.835353
945,0.366855
946,0.612895
947,0.547478
948,0.468838
949,0.647609
950,0.619112
951,0.857198
952,0.93982
953,0.691825
954,0.877648
955,0.618494
956,0.814958
957,0.799436
958,0.925121
959,0.805143
960,0.627295
961,0.359031
962,0.257166
963,0.704511
964,0.834523
965,0.77196
966,0.936696
967,0.906967
968,0.536092
969,0.652411
970,0.941566
971,0.562884
972,0.719885
973,0.942102
974,0.624873
975,0.707137
976,0.514559
977,0.388332
978,0.463275
979,0.841892
980,0.918415
981,0.773982
982,0.771305
983,0.645413
984,0.703839
985,0.498377
986,0.321865
987,0.883127
988,0.701164
989,0.923974
990,0.832925
991,0.942035
992,0.812125
993,0.497406
994,0.600875
995,0.957845
996,0.473506
997,0.677978
998,0.628754
999,0.611153
1000,0.868127
1001,0.774526
1002,0.819972
1003,0.717095
1004,0.92584
1005,0.560958
1006,0.623328
1007,0.679145
1008,0.964769
1009,0.976028
1010,0.953112
1011,0.838794
1012,0.942716
1013,0.759056
1014,0.439496
1015,0.856956
1016,0.648327
1017,0.908536
1018,0.48028
1019,0.693655
1020,0.807934
1021,0.845963
1022,0.310027
1023,0.526434
1024,0.743801
1025,0.966022
1026,0.705038
1027,0.886218
1028,0.493748
1029,0.774598
1030,0.397753
1031,0.782893
1032,0.858119
1033,0.681295
1034,0.802002
1035,0.79754
1036,0.775579
1037,0.566865
1038,0.714982
1039,0.699712
1040,0.776173
1041,0.595282
1042,0.819523
1043,0.781098
1044,0.793322
1045,0.945912
1046,0.924594
1047,0.343814
1048,0.843836
1049,0.969626
1050,0.974553
1051,0.742452
1052,0.623877
1053,0.829437
1054,0.805045
1055,0.691027
1056,0.866614
1057,0.633312
1058,0.321073
1059,0.94996
1060,0.997534
1061,0.540807
1062,0.555488
1063,0.734845
1064,0.781994
1065,0.484739
1066,0.134274
1067,0.936642
1068,0.817998
1069,0.507336
1070,0.612052
1071,0.882476
1072,0.907216
1073,0.987546
1074,0.591164
1075,0.934846
1076,0.089957
1077,0.334463
1078,0.758432
1079,0.03261
1080,0.657768
1081,0.593696
1082,0.940021
1083,0.814859
1084,0.907511
1085,0.81219
1086,0.843186
1087,0.85372
1088,0.877431
1089,0.635937
1090,0.920338
1091,0.653835
1092,0.881296
1093,0.589886
1094,0.591457
1095,0.792509
1096,0.723657
1097,0.683169
1098,0.799333
1099,0.733644
1100,0.964108
1101,0.443239
1102,0.54364
1103,0.64359
1104,0.611122
1105,0.473789
1106,0.834929
1107,0.594729
1108,0.972148
1109,0.480348
1110,0.424198
1111,0.102413
1112,0.091313
1113,0.854415
1114,0.829332
1115,0.375424
1116,0.696812
1117,0.792964
1118,0.915406
1119,0.646124
1120,0.98551
1121,0.476512
1122,0.865587
1123,0.941626
1124,0.705378
1125,0.345689
1126,0.552173
1127,0.727597
1128,0.667166
1129,0.702685
1130,0.838834
1131,0.852717
1132,0.939376
1133,0.622373
1134,0.939989
1135,0.766985
1136,0.733236
1137,0.869812
1138,0.706687
1139,0.363762
1140,0.17591
1141,0.957202
1142,0.660561
1143,0.64356
1144,0.82466
1145,0.336618
1146,0.506798
1147,0.777373
1148,0.981264
1149,0.532052
1150,0.932991
1151,0.445489
1152,0.725217
1153,0.955705
1154,0.918635
1155,0.84596
1156,0.650117
1157,0.714042
1158,0.644633
1159,0.72985
1160,0.923141
1161,0.517262
1162,0.80661
1163,0.95853
1164,0.828209
1165,0.470498
1166,0.757397
1167,0.79825
1168,0.948751
1169,0.954321
1170,0.714404
1171,0.706711
1172,0.863282
1173,0.324882
1174,0.745396
1175,0.988094
1176,0.772765
1177,0.703101
1178,0.961085
1179,0.777782
1180,0.661568
1181,0.965978
1182,0.385589
1183,0.746545
1184,0.549458
1185,0.406127
1186,0.101448
1187,0.843463
1188,0.566516
1189,0.471473
1190,0.967937
1191,0.841518
1192,0.926691
1193,0.825119
1194,0.761316
1195,0.507497
1196,0.965376
1197,0.810731
1198,0.599378
1199,0.661365
1200,0.442041
1201,0.758344
1202,0.908019
1203,0.810052
1204,0.822304
1205,0.611614
1206,0.653895
1207,0.487204
1208,0.743778
1209,0.677438
1210,0.622943
1211,0.866713
1212,0.748707
1213,0.86936
1214,0.827327
1215,0.675584
1216,0.918103
1217,0.766661
1218,0.813321
1219,0.532797
1220,0.527284
1221,0.778036
1222,0.578968
1223,0.76722
1224,0.891603
1225,0.905405
1226,0.980648
1227,0.581758
1228,0.906719
1229,0.805045
1230,0.750326
1231,0.01979
1232,0.764794
1233,0.741414
1234,0.943007
1235,0.740571
1236,0.557215
1237,0.685984
1238,0.723717
1239,0.51209
1240,0.584685
1241,0.453339
1242,0.788553
1243,0.750458
1244,0.712409
1245,0.767312
1246,0.823869
1247,0.101234
1248,0.8694
1249,0.796188
1250,0.097434
1251,0.785005
1252,0.702985
1253,0.855213
1254,0.617163
1255,0.656761
1256,0.935216
1257,0.726449
1258,0.944169
1259,0.760734
1260,0.640762
1261,0.713264
1262,0.599252
1263,0.868953
1264,0.628392
1265,0.592339
1266,0.674773
1267,0.939726
1268,0.909858
1269,0.933888
1270,0.759375
1271,0.82641
1272,0.500307
1273,0.911291
1274,0.904906
1275,0.896879
1276,0.646088
1277,0.597594
1278,0.9175
1279,0.645674
1280,0.943938
1281,0.688939
1282,0.711304
1283,0.579945
1284,0.92445
1285,0.92167
1286,0.695875
1287,0.802477
1288,0.965348
1289,0.968464
1290,0.789008
1291,0.685753
1292,0.816725
1293,0.828422
1294,0.873964
1295,0.676568
1296,0.798492
1297,0.380802
1298,0.698908
1299,0.9012
1300,0.820319
1301,0.720555
1302,0.65528
1303,0.848986
1304,0.74218
1305,0.791203
1306,0.776648
1307,0.745801
1308,0.928407
1309,0.076957
1310,0.552641
1311,0.941211
1312,0.884069
1313,0.920086
1314,0.848897
1315,0.590817
1316,0.364613
1317,0.716689
1318,0.341096
1319,0.586818
1320,0.831473
1321,0.783202
1322,0.782967
1323,0.619777
1324,0.55369
1325,0.748378
1326,0.708574
1327,0.628673
1328,0.34305
1329,0.962838
1330,0.536494
1331,0.631805
1332,0.820042
1333,0.977377
1334,0.966878
1335,0.478268
1336,0.878613
1337,0.662181
1338,0.781656
1339,0.817397
1340,0.776403
1341,0.626001
1342,0.745734
1343,0.781669
1344,0.702377
1345,0.841535
1346,0.698679
1347,0.630457
1348,0.741382
1349,0.599676
1350,0.974959
1351,0.856115
1352,0.955492
1353,0.758432
1354,0.773206
1355,0.677965
1356,0.629728
1357,0.78148
1358,0.623366
1359,0.630932
1360,0.379771
1361,0.543859
1362,0.207133
1363,0.745195
1364,0.552156
1365,0.347765
1366,0.966204
1367,0.734107
1368,0.932147
1369,0.915943
1370,0.908332
1371,0.865815
1372,0.563078
1373,0.891803
1374,0.877332
1375,0.693678
1376,0.849165
1377,0.744069
1378,0.548931
1379,0.842949
1380,0.701751
1381,0.816194
1382,0.898433
1383,0.91655
1384,0.293581
1385,0.809099
1386,0.773861
1387,0.755871
1388,0.790221
1389,0.799565
1390,0.866763
1391,0.430488
1392,0.753675
1393,0.054339
1394,0.930987
1395,0.929489
1396,0.676384
1397,0.888465
1398,0.490156
1399,0.172796
1400,0.870519
1401,0.690257
1402,0.803622
1403,0.8236
1404,0.837719
1405,0.726252
1406,0.676451
1407,0.85569
1408,0.763698
1409,0.875806
1410,0.883363
1411,0.917606
1412,0.72965
1413,0.58517
1414,0.618597
1415,0.820753
1416,0.548736
1417,0.864681
1418,0.69051
1419,0.86312
1420,0.572379
1421,0.503058
1422,0.691472
1423,0.512402
1424,0.876826
1425,0.440757
1426,0.360579
1427,0.955882
1428,0.943223
1429,0.561595
1430,0.810066
1431,0.783119
1432,0.563233
1433,0.380184
1434,0.604414
1435,0.756026
1436,0.60669
1437,0.639095
1438,0.619979
1439,0.886532
1440,0.584186
1441,0.626278
1442,0.575785
1443,0.666386
1444,0.698972
1445,0.945259
1446,0.771675
1447,0.793786
1448,0.609686
1449,0.77888
1450,0.679051
1451,0.761078
1452,0.791104
1453,0.87955
1454,0.895158
1455,0.818904
1456,0.615382
1457,0.81385
1458,0.633136
1459,0.384205
1460,0.650143
1461,0.777044
1462,0.402185
1463,0.806054
1464,0.946736
1465,0.427023
1466,0.797012
1467,0.839852
1468,0.650913
1469,0.739058
1470,0.698758
1471,0.378711
1472,0.833025
1473,0.467739
1474,0.838487
1475,0.805668
1476,0.619331
1477,0.952204
1478,0.656154
1479,0.940321
1480,0.666037
1481,0.807325
1482,0.12897
1483,0.459928
1484,0.969522
1485,0.835288
1486,0.885853
1487,0.797322
1488,0.45781
1489,0.542426
1490,0.689784
1491,0.605867
1492,0.856289
1493,0.472576
1494,0.731211
1495,0.531943
1496,0.863552
1497,0.588196
1498,0.855806
1499,0.939913
1500,0.970914
1501,0.729875
1502,0.927825
1503,0.493977
1504,0.889645
1505,0.942332
1506,0.918151
1507,0.950164
1508,0.607495
1509,0.806505
1510,0.980346
1511,0.773335
1512,0.764552
1513,0.969744
1514,0.71058
1515,0.693119
1516,0.636016
1517,0.740176
1518,0.840072
1519,0.741744
1520,0.93932
1521,0.717803
1522,0.681079
1523,0.965128
1524,0.821232
1525,0.761701
1526,0.869227
1527,0.941492
1528,0.809032
1529,0.939143
1530,0.983325
1531,0.690118
1532,0.979971
1533,0.708429
1534,0.78621
1535,0.679224
1536,0.503952
1537,0.659813
1538,0.81685
1539,0.978752
1540,0.832363
1541,0.699065
1542,0.636691
1543,0.444469
1544,0.857116
1545,0.957277
1546,0.669391
1547,0.507805
1548,0.952399
1549,0.6664
1550,0.875722
1551,0.517497
1552,0.972226
1553,0.792676
1554,0.724716
1555,0.610479
1556,0.548861
1557,0.919956
1558,0.633868
1559,0.756372
1560,0.857219
1561,0.916889
1562,0.934528
1563,0.878387
1564,0.905904
1565,0.864894
1566,0.473081
1567,0.736673
1568,0.623876
1569,0.961884
1570,0.534039
1571,0.760396
1572,0.845115
1573,0.605801
1574,0.842554
1575,0.584942
1576,0.760064
1577,0.846787
1578,0.87584
1579,0.791641
1580,0.747922
1581,0.52741
1582,0.502353
1583,0.812977
1584,0.990432
1585,0.827945
1586,0.822516
1587,0.726472
1588,0.919695
1589,0.930634
1590,0.91178
1591,0.040949
1592,0.230925
1593,0.551583
1594,0.581147
1595,0.769535
1596,0.821137
1597,0.716666
1598,0.727194
1599,0.849649
1600,0.670516
1601,0.671814
1602,0.554526
1603,0.596591
1604,0.475077
1605,0.727606
1606,0.658802
1607,0.688763
1608,0.882891
1609,0.926377
1610,0.809087
1611,0.631488
1612,0.957888
1613,0.524767
1614,0.744504
1615,0.910388
1616,0.922272
1617,0.602789
1618,0.384193
1619,0.707411
1620,0.767119
1621,0.762633
1622,0.131706
1623,0.895159
1624,0.90823
1625,0.98219
1626,0.933684
1627,0.798835
1628,0.804334
1629,0.64768
1630,0.570255
1631,0.704366
1632,0.908309
1633,0.814551
1634,0.878865
1635,0.136073
1636,0.619277
1637,0.724064
1638,0.729668
1639,0.602423
1640,0.757006
1641,0.676595
1642,0.78504
1643,0.818613
1644,0.466887
1645,0.610637
1646,0.598268
1647,0.737874
1648,0.757604
1649,0.79114
1650,0.971522
1651,0.350755
1652,0.676673
1653,0.829291
1654,0.823967
1655,0.883117
1656,0.646684
1657,0.824402
1658,0.723186
1659,0.775703
1660,0.703535
1661,0.523711
1662,0.54832
1663,0.888838
1664,0.689701
1665,0.748357
1666,0.840978
1667,0.859514
1668,0.922861
1669,0.610919
1670,0.985519
1671,0.80115
1672,0.822227
1673,0.385585
1674,0.926232
1675,0.938191
1676,0.955032
1677,0.201122
1678,0.836846
1679,0.8168
1680,0.627266
1681,0.519988
1682,0.777559
1683,0.851509
1684,0.952604
1685,0.846662
1686,0.876534
1687,0.676744
1688,0.985669
1689,0.745002
1690,0.743366
1691,0.808587
1692,0.653949
1693,0.68826
1694,0.934256
1695,0.485061
1696,0.883219
1697,0.889612
1698,0.714829
1699,0.661354
1700,0.792954
1701,0.623002
1702,0.866024
1703,0.700743
1704,0.70475
1705,0.657484
1706,0.65226
1707,0.898403
1708,0.666704
1709,0.845395
1710,0.911239
1711,0.870793
1712,0.906297
1713,0.520262
1714,0.608304
1715,0.530242
1716,0.675944
1717,0.811079
1718,0.629222
1719,0.925519
1720,0.761232
1721,0.894688
1722,0.901294
1723,0.513548
1724,0.466146
1725,0.871703
1726,0.989325
1727,0.821675
1728,0.520691
1729,0.6098
1730,0.874555
1731,0.783943
1732,0.742897
1733,0.833599
1734,0.786179
1735,0.694154
1736,0.557103
1737,0.95019
1738,0.516107
1739,0.694574
1740,0.566039
1741,0.636558
1742,0.37793
1743,0.831393
1744,0.862634
1745,0.706834
1746,0.686633
1747,0.41671
1748,0.910785
1749,0.786726
1750,0.951161
1751,0.92998
1752,0.529933
1753,0.781773
1754,0.796947
1755,0.752613
1756,0.809332
1757,0.716776
1758,0.082524
1759,0.507925
1760,0.64304
1761,0.823749
1762,0.837665
1763,0.717726
1764,0.953108
1765,0.703729
1766,0.713096
1767,0.99108
1768,0.794335
1769,0.626329
1770,0.83605
1771,0.467951
1772,0.404063
1773,0.935072
1774,0.903512
1775,0.68686
1776,0.910636
1777,0.125941
1778,0.610193
1779,0.625857
1780,0.894434
1781,0.535779
1782,0.783568
1783,0.901028
1784,0.622276
1785,0.101476
1786,0.674942
1787,0.49768
1788,0.629471
1789,0.724203
1790,0.871999
1791,0.56826
1792,0.761402
1793,0.34767
1794,0.962471
1795,0.78454
1796,0.462717
1797,0.733776
1798,0.871241
1799,0.459804
1800,0.768014
1801,0.046255
1802,0.822519
1803,0.87135
1804,0.366608
1805,0.416425
1806,0.53195
1807,0.523143
1808,0.830179
1809,0.644607
1810,0.849507
1811,0.573721
1812,0.843882
1813,0.965346
1814,0.966263
1815,0.694756
1816,0.852198
1817,0.093388
1818,0.890152
1819,0.503804
1820,0.616875
1821,0.934813
1822,0.356006
1823,0.721264
1824,0.642669
1825,0.332059
1826,0.949005
1827,0.809455
1828,0.699129
1829,0.622292
1830,0.463569
1831,0.703224
1832,0.798988
1833,0.88911
1834,0.615139
1835,0.520305
1836,0.796021
1837,0.905163
1838,0.892225
1839,0.708203
1840,0.850303
1841,0.745159
1842,0.777705
1843,0.913639
1844,0.898613
1845,0.632735
1846,0.522342
1847,0.888546
1848,0.923454
1849,0.680573
1850,0.924772
1851,0.728927
1852,0.749516
1853,0.747772
1854,0.945733
1855,0.850672
1856,0.955664
1857,0.824577
1858,0.470432
1859,0.969156
1860,0.947338
1861,0.507734
1862,0.658536
1863,0.533941
1864,0.96773
1865,0.831592
1866,0.691591
1867,0.501096
1868,0.517539
1869,0.816137
1870,0.849779
1871,0.907755
1872,0.71168
1873,0.715167
1874,0.470121
1875,0.051812
1876,0.316474
1877,0.47065
1878,0.379493
1879,0.63655
1880,0.929636
1881,0.575324
1882,0.854178
1883,0.934762
1884,0.984441
1885,0.812149
1886,0.845394
1887,0.818797
1888,0.538109
1889,0.82431
1890,0.716285
1891,0.686208
1892,0.695493
1893,0.639542
1894,0.710829
1895,0.867258
1896,0.982581
1897,0.76649
1898,0.671495
1899,0.874863
1900,0.569822
1901,0.750079
1902,0.84638
1903,0.779435
1904,0.904148
1905,0.640647
1906,0.77902
1907,0.677184
1908,0.950504
1909,0.905877
1910,0.930469
1911,0.975585
1912,0.112944
1913,0.814446
1914,0.503098
1915,0.779614
1916,0.747543
1917,0.675925
1918,0.949559
1919,0.405896
1920,0.544238
1921,0.727326
1922,0.699905
1923,0.98221
1924,0.868878
1925,0.837784
1926,0.924015
1927,0.412832
1928,0.764216
1929,0.375521
1930,0.826809
1931,0.672854
1932,0.943263
1933,0.67513
1934,0.541836
1935,0.797284
1936,0.717539
1937,0.64725
1938,0.739277
1939,0.902663
1940,0.959597
1941,0.776523
1942,0.757016
1943,0.914303
1944,0.766153
1945,0.841799
1946,0.659722
1947,0.938398
1948,0.660203
1949,0.041974
1950,0.892704
1951,0.668167
1952,0.658698
1953,0.564705
1954,0.502972
1955,0.59578
1956,0.697546
1957,0.503427
1958,0.92134
1959,0.982
1960,0.924416
1961,0.333266
1962,0.927501
1963,0.556892
1964,0.531025
1965,0.638036
1966,0.412805
1967,0.806436
1968,0.946608
1969,0.627323
1970,0.092864
1971,0.702281
1972,0.250231
1973,0.742508
1974,0.594659
1975,0.810386
1976,0.619324
1977,0.868129
1978,0.863886
1979,0.822044
1980,0.716374
1981,0.836907
1982,0.616568
1983,0.565721
1984,0.98288
1985,0.586235
1986,0.83953
1987,0.962136
1988,0.73915
1989,0.775746
1990,0.730312
1991,0.496046
1992,0.682299
1993,0.72081
1994,0.836634
1995,0.964458
1996,0.851272
1997,0.651164
1998,0.908944
1999,0.623339
2000,0.816175
2001,0.859882
2002,0.788114
2003,0.19838
2004,0.225178
2005,0.974228
2006,0.850093
2007,0.744601
2008,0.238354
2009,0.417972
2010,0.355424
2011,0.478477
2012,0.93095
2013,0.588129
2014,0.43377
2015,0.379847
2016,0.202259
2017,0.768158
2018,0.635453
2019,0.874689
2020,0.837797
2021,0.688083
2022,0.512753
2023,0.798317
2024,0.510691
2025,0.483649
2026,0.510732
2027,0.760971
2028,0.675249
2029,0.947233
2030,0.787255
2031,0.887618
2032,0.300861
2033,0.799706
2034,0.705226
2035,0.576283
2036,0.635499
2037,0.639456
2038,0.725914
2039,0.902502
2040,0.816958
2041,0.617707
2042,0.804431
2043,0.950968
2044,0.977677
2045,0.669264
2046,0.638144
2047,0.647643
2048,0.760685
2049,0.627359
2050,0.346567
2051,0.625298
2052,0.855842
2053,0.884762
2054,0.784865
2055,0.969314
2056,0.554868
2057,0.761918
2058,0.889728
2059,0.70489
2060,0.979597
2061,0.738691
2062,0.704953
2063,0.599043
2064,0.723802
2065,0.879204
2066,0.562427
2067,0.748953
2068,0.65644
2069,0.922657
2070,0.788419
2071,0.799304
2072,0.844315
2073,0.355569
2074,0.638811
2075,0.82587
2076,0.346628
2077,0.741674
2078,0.544232
2079,0.77748
2080,0.876548
2081,0.985215
2082,0.759307
2083,0.686315
2084,0.686856
2085,0.812135
2086,0.989924
2087,0.803721
2088,0.63643
2089,0.562294
2090,0.623633
2091,0.500677
2092,0.970985
2093,0.722083
2094,0.681928
2095,0.973658
2096,0.635328
2097,0.747198
2098,0.758712
2099,0.895256
2100,0.551673
2101,0.666549
2102,0.425182
2103,0.891961
2104,0.660678
2105,0.72416
2106,0.483753
2107,0.941531
2108,0.185939
2109,0.657865
2110,0.458705
2111,0.826958
2112,0.831689
2113,0.962761
2114,0.622518
2115,0.779774
2116,0.883627
2117,0.593886
2118,0.995624
2119,0.634308
2120,0.921272
2121,0.918915
2122,0.919088
2123,0.905663
2124,0.829636
2125,0.466735
2126,0.805231
2127,0.514284
2128,0.152105
2129,0.982391
2130,0.620279
2131,0.029421
2132,0.718218
2133,0.750683
2134,0.971631
2135,0.79364
2136,0.924586
2137,0.616827
2138,0.947295
2139,0.724912
2140,0.957805
2141,0.447786
2142,0.756174
2143,0.769468
2144,0.750012
2145,0.610891
2146,0.472355
2147,0.954041
2148,0.589247
2149,0.77308
2150,0.729894
2151,0.99199
2152,0.652114
2153,0.932673
2154,0.510618
2155,0.625156
2156,0.51676
2157,0.720763
2158,0.443797
2159,0.768282
2160,0.567555
2161,0.655495
2162,0.044077
2163,0.523401
2164,0.736935
2165,0.591442
2166,0.7196
2167,0.72119
2168,0.882891
2169,0.640498
2170,0.599598
2171,0.80213
2172,0.792273
2173,0.729295
2174,0.476027
2175,0.930983
2176,0.084725
2177,0.882148
2178,0.978999
2179,0.831974
2180,0.910435
2181,0.20106
2182,0.817085
2183,0.746143
2184,0.292604
2185,0.893364
2186,0.956907
2187,0.778891
2188,0.638393
2189,0.827778
2190,0.588453
2191,0.779567
2192,0.593221
2193,0.833078
2194,0.723744
2195,0.657894
2196,0.988479
2197,0.642892
2198,0.906712
2199,0.945002
2200,0.752475
2201,0.569387
2202,0.844752
2203,0.810115
2204,0.416097
2205,0.845608
2206,0.861405
2207,0.400507
2208,0.584346
2209,0.672382
2210,0.736416
2211,0.909271
2212,0.667825
2213,0.800363
2214,0.983861
2215,0.750836
2216,0.771133
2217,0.948158
2218,0.813511
2219,0.549578
2220,0.624965
2221,0.389478
2222,0.663306
2223,0.76584
2224,0.869659
2225,0.830357
2226,0.753503
2227,0.755669
2228,0.444337
2229,0.436147
2230,0.640319
2231,0.67968
2232,0.537187
2233,0.407353
2234,0.169961
2235,0.446437
2236,0.971261
2237,0.817281
2238,0.699069
2239,0.604645
2240,0.73678
2241,0.868999
2242,0.678504
2243,0.769491
2244,0.80878
2245,0.884634
2246,0.625249
2247,0.68039
2248,0.870548
2249,0.847027
2250,0.481972
2251,0.640047
2252,0.939701
2253,0.090107
2254,0.879702
2255,0.691314
2256,0.313234
2257,0.503563
2258,0.669454
2259,0.815897
2260,0.617159
2261,0.055131
2262,0.216811
2263,0.335519
2264,0.908202
2265,0.572362
2266,0.562524
2267,0.605625
2268,0.581096
2269,0.790853
2270,0.816171
2271,0.961331
2272,0.524308
2273,0.822071
2274,0.615229
2275,0.875672
2276,0.844989
2277,0.774523
2278,0.118851
2279,0.793744
2280,0.762874
2281,0.590785
2282,0.832665
2283,0.892235
2284,0.691914
2285,0.539618
2286,0.16711
2287,0.937785
2288,0.640098
2289,0.488593
2290,0.645601
2291,0.834328
2292,0.598028
2293,0.797492
2294,0.133586
2295,0.443656
2296,0.478687
2297,0.536524
2298,0.74873
2299,0.57363
2300,0.681907
2301,0.989531
2302,0.976587
2303,0.789665
2304,0.814314
2305,0.71667
2306,0.618199
2307,0.43348
2308,0.580767
2309,0.738332
2310,0.869907
2311,0.092559
2312,0.849339
2313,0.07816
2314,0.947136
2315,0.689715
2316,0.95317
2317,0.339168
2318,0.91743
2319,0.87339
2320,0.574864
2321,0.881228
2322,0.911944
2323,0.717567
2324,0.892701
2325,0.507534
2326,0.878892
2327,0.308154
2328,0.682106
2329,0.952574
2330,0.96202
2331,0.697313
2332,0.786932
2333,0.843053
2334,0.696358
2335,0.626681
2336,0.967722
2337,0.785973
2338,0.098362
2339,0.855029
2340,0.852512
2341,0.616664
2342,0.775781
2343,0.456314
2344,0.816206
2345,0.817802
2346,0.806169
2347,0.897138
2348,0.899163
2349,0.694614
2350,0.465831
2351,0.963998
2352,0.906009
2353,0.8889
2354,0.892711
2355,0.619924
2356,0.738515
2357,0.688778
2358,0.811157
2359,0.955346
2360,0.56168
2361,0.823775
2362,0.798657
2363,0.562333
2364,0.787417
2365,0.763206
2366,0.73684
2367,0.480445
2368,0.667141
2369,0.72286
2370,0.738295
2371,0.708877
2372,0.849132
2373,0.8099
2374,0.527093
2375,0.945221
2376,0.210593
2377,0.462475
2378,0.392094
2379,0.661804
2380,0.529713
2381,0.587192
2382,0.978392
2383,0.940637
2384,0.77602
2385,0.931994
2386,0.76126
2387,0.770387
2388,0.909857
2389,0.969237
2390,0.556827
2391,0.900939
2392,0.750129
2393,0.91986
2394,0.786075
2395,0.771823
2396,0.819328
2397,0.687068
2398,0.917014
2399,0.574264
2400,0.905359
2401,0.895684
2402,0.689906
2403,0.784206
2404,0.873553
2405,0.93184
2406,0.861441
2407,0.700107
2408,0.527444
2409,0.80487
2410,0.963254
2411,0.846583
2412,0.543335
2413,0.651327
2414,0.568759
2415,0.832579
2416,0.917704
2417,0.802791
2418,0.412384
2419,0.841313
2420,0.781483
2421,0.864706
2422,0.842158
2423,0.673571
2424,0.491825
2425,0.912006
2426,0.768183
2427,0.520252
2428,0.855576
2429,0.793705
2430,0.939828
2431,0.610645
2432,0.924778
2433,0.733445
2434,0.816011
2435,0.572352
2436,0.483343
2437,0.47871
2438,0.709811
2439,0.822311
2440,0.727694
2441,0.864905
2442,0.657467
2443,0.948324
2444,0.834091
2445,0.644519
2446,0.791737
2447,0.810176
2448,0.731435
2449,0.76546
2450,0.892935
2451,0.708469
2452,0.862531
2453,0.641068
2454,0.874369
2455,0.597507
2456,0.87262
2457,0.959966
2458,0.920265
2459,0.653802
2460,0.672432
2461,0.571025
2462,0.385724
2463,0.223874
2464,0.851918
2465,0.646954
2466,0.601189
2467,0.705044
2468,0.714188
2469,0.63939
2470,0.967295
2471,0.735992
2472,0.944989
2473,0.557556
2474,0.336238
2475,0.646677
2476,0.976127
2477,0.885992
2478,0.403587
2479,0.803304
2480,0.718102
2481,0.426477
2482,0.812762
2483,0.827037
2484,0.704269
2485,0.784248
2486,0.898676
2487,0.676206
2488,0.792197
2489,0.680123
2490,0.726109
2491,0.701024
2492,0.454457
2493,0.920975
2494,0.783629
2495,0.94617
2496,0.743607
2497,0.939674
2498,0.593973
2499,0.92163
2500,0.75598
2501,0.4633
2502,0.576817
2503,0.904302
2504,0.386944
2505,0.581128
2506,0.749293
2507,0.480064
2508,0.621504
2509,0.436409
2510,0.671632
2511,0.743482
2512,0.599291
2513,0.602612
2514,0.503879
2515,0.669208
2516,0.672134
2517,0.779033
2518,0.538068
2519,0.923935
2520,0.4353
2521,0.666408
2522,0.415288
2523,0.875467
2524,0.907742
2525,0.496648
2526,0.591419
2527,0.702918
2528,0.449549
2529,0.730663
2530,0.446221
2531,0.76485
2532,0.846778
2533,0.762478
2534,0.640137
2535,0.643034
2536,0.828578
2537,0.63327
2538,0.677512
2539,0.66053
2540,0.469152
2541,0.610796
2542,0.637463
2543,0.731915
2544,0.792548
2545,0.566908
2546,0.639692
2547,0.805301
2548,0.608087
2549,0.935162
2550,0.529034
2551,0.824376
2552,0.643782
2553,0.903766
2554,0.964671
2555,0.7841
2556,0.765574
2557,0.570782
2558,0.672272
2559,0.890965
2560,0.690462
2561,0.734879
2562,0.444073
2563,0.841855
2564,0.563614
2565,0.932664
2566,0.666005
2567,0.695065
2568,0.63405
2569,0.703625
2570,0.83153
2571,0.554756
2572,0.805091
2573,0.342213
2574,0.262733
2575,0.739112
2576,0.655794
2577,0.742433
2578,0.418843
2579,0.703778
2580,0.608781
2581,0.746971
2582,0.846206
2583,0.786421
2584,0.364828
2585,0.954901
2586,0.947266
2587,0.846278
2588,0.713948
2589,0.83399
2590,0.660826
2591,0.747531
2592,0.477981
2593,0.326043
2594,0.875842
2595,0.857837
2596,0.451576
2597,0.629817
2598,0.850882
2599,0.948116
2600,0.829924
2601,0.655919
2602,0.618808
2603,0.820071
2604,0.625967
2605,0.711838
2606,0.587013
2607,0.682484
2608,0.415945
2609,0.884058
2610,0.056986
2611,0.886501
2612,0.363796
2613,0.732624
2614,0.509426
2615,0.754424
2616,0.785377
2617,0.707065
2618,0.744551
2619,0.841094
2620,0.912234
2621,0.532953
2622,0.885819
2623,0.671744
2624,0.531458
2625,0.655817
2626,0.576689
2627,0.840068
2628,0.97007
2629,0.851517
2630,0.701539
2631,0.715478
2632,0.901248
2633,0.846203
2634,0.759663
2635,0.094303
2636,0.676474
2637,0.795658
2638,0.679368
2639,0.98702
2640,0.608778
2641,0.57922
2642,0.926998
2643,0.660435
2644,0.483136
2645,0.954321
2646,0.893081
2647,0.618709
2648,0.674443
2649,0.763669
2650,0.732557
2651,0.786005
2652,0.593176
2653,0.984483
2654,0.807714
2655,0.865364
2656,0.70756
2657,0.368517
2658,0.799548
2659,0.927582
2660,0.546776
2661,0.789819
2662,0.580365
2663,0.772257
2664,0.623796
2665,0.903145
2666,0.985834
2667,0.551015
2668,0.252447
2669,0.764002
2670,0.592088
2671,0.856225
2672,0.740156
2673,0.119868
2674,0.62722
2675,0.710013
2676,0.72481
2677,0.906549
2678,0.977569
2679,0.628893
2680,0.700346
2681,0.796563
2682,0.571538
2683,0.912542
2684,0.83775
2685,0.6923
2686,0.773184
2687,0.71693
2688,0.652331
2689,0.907665
2690,0.779973
2691,0.682599
2692,0.430092
2693,0.847302
2694,0.582979
2695,0.794406
2696,0.447829
2697,0.776357
2698,0.8673
2699,0.817251
2700,0.845999
2701,0.678189
2702,0.68756
2703,0.907151
2704,0.331805
2705,0.763459
2706,0.839196
2707,0.964738
2708,0.825258
2709,0.796492
2710,0.861686
2711,0.503435
2712,0.728486
2713,0.789134
2714,0.979874
2715,0.70924
2716,0.608793
2717,0.285484
2718,0.182082
2719,0.767184
2720,0.473724
2721,0.822535
2722,0.81135
2723,0.834285
2724,0.96415
2725,0.838726
2726,0.890615
2727,0.893832
2728,0.502983
2729,0.575735
2730,0.271758
2731,0.64093
2732,0.808645
2733,0.82906
2734,0.960357
2735,0.669973
2736,0.832084
2737,0.698306
2738,0.968411
2739,0.326147
2740,0.931235
2741,0.422018
2742,0.508323
2743,0.854311
2744,0.925464
2745,0.88758
2746,0.93485
2747,0.82182
2748,0.9775
2749,0.587217
2750,0.6379
2751,0.881622
2752,0.852243
2753,0.47586
2754,0.744331
2755,0.597737
2756,0.747724
2757,0.740784
2758,0.88184
2759,0.552054
2760,0.674379
2761,0.766186
2762,0.419628
2763,0.699847
2764,0.736435
2765,0.214529
2766,0.765408
2767,0.638638
2768,0.708847
2769,0.718352
2770,0.653665
2771,0.648987
2772,0.608236
2773,0.876413
2774,0.907681
2775,0.879871
2776,0.967324
2777,0.946727
2778,0.685174
2779,0.740012
2780,0.791275
2781,0.648659
2782,0.768611
2783,0.678485
2784,0.723591
2785,0.894114
2786,0.856114
2787,0.914142
2788,0.655892
2789,0.718142
2790,0.505321
2791,0.279727
2792,0.928517
2793,0.612225
2794,0.325721
2795,0.92175
2796,0.583713
2797,0.880722
2798,0.941844
2799,0.99032
2800,0.635757
2801,0.462199
2802,0.617906
2803,0.87418
2804,0.536163
2805,0.892267
2806,0.856028
2807,0.779069
2808,0.997064
2809,0.876351
2810,0.858878
2811,0.66434
2812,0.855666
2813,0.984604
2814,0.96263
2815,0.599464
2816,0.576273
2817,0.732695
2818,0.957272
2819,0.519946
2820,0.278087
2821,0.398119
2822,0.590745
2823,0.790853
2824,0.865256
2825,0.794625
2826,0.644028
2827,0.968416
2828,0.958842
2829,0.646953
2830,0.656885
2831,0.959076
2832,0.835319
2833,0.709017
2834,0.627203
2835,0.710867
2836,0.951833
2837,0.589559
2838,0.8547
2839,0.817568
2840,0.961069
2841,0.923969
2842,0.850194
2843,0.168333
2844,0.852314
2845,0.314405
2846,0.763459
2847,0.782086
2848,0.658838
2849,0.920576
2850,0.637945
2851,0.470888
2852,0.787943
2853,0.907909
2854,0.874028
2855,0.673004
2856,0.773498
2857,0.74283
2858,0.732012
2859,0.639927
2860,0.895071
2861,0.678848
2862,0.492815
2863,0.648063
2864,0.813934
2865,0.676366
2866,0.701604
2867,0.751939
2868,0.914902
2869,0.805312
2870,0.72305
2871,0.422497
2872,0.627289
2873,0.82174
2874,0.847307
2875,0.777333
2876,0.70533
2877,0.903466
2878,0.966913
2879,0.590213
2880,0.84594
2881,0.771575
2882,0.724482
2883,0.748217
2884,0.887987
2885,0.727237
2886,0.916599
2887,0.742408
2888,0.357085
2889,0.574687
2890,0.8405
2891,0.838239
2892,0.862765
2893,0.698424
2894,0.735567
2895,0.85395
2896,0.739978
2897,0.544437
2898,0.817671
2899,0.97283
2900,0.880604
2901,0.794258
2902,0.748792
2903,0.555797
2904,0.683378
2905,0.911591
2906,0.647818
2907,0.763985
2908,0.6129
2909,0.711831
2910,0.643174
2911,0.413627
2912,0.55159
2913,0.974205
2914,0.53486
2915,0.613305
2916,0.853207
2917,0.708696
2918,0.828006
2919,0.95768
2920,0.491095
2921,0.856873
2922,0.32105
2923,0.705676
2924,0.451661
2925,0.951422
2926,0.589323
2927,0.782283
2928,0.5364
2929,0.561541
2930,0.555056
2931,0.577275
2932,0.484783
2933,0.66337
2934,0.745349
2935,0.534642
2936,0.979898
2937,0.862508
2938,0.45951
2939,0.738712
2940,0.980443
2941,0.944486
2942,0.332018
2943,0.769226
2944,0.799204
2945,0.736876
2946,0.757618
2947,0.823872
2948,0.928612
2949,0.422651
2950,0.763638
2951,0.806085
2952,0.798423
2953,0.781843
2954,0.821284
2955,0.80788
2956,0.950377
2957,0.877908
2958,0.546952
2959,0.795783
2960,0.924929
2961,0.827063
2962,0.632091
2963,0.794567
2964,0.339977
2965,0.927792
2966,0.733427
2967,0.693967
2968,0.737612
2969,0.606216
2970,0.567853
2971,0.755653
2972,0.734092
2973,0.76827
2974,0.643684
2975,0.810544
2976,0.712353
2977,0.66822
2978,0.824683
2979,0.866424
2980,0.906968
2981,0.913616
2982,0.964428
2983,0.586842
2984,0.497062
2985,0.745016
2986,0.919048
2987,0.946514
2988,0.860233
2989,0.412008
2990,0.700801
2991,0.6494
2992,0.816874
2993,0.591162
2994,0.752025
2995,0.78896
2996,0.892978
2997,0.580659
2998,0.819893
2999,0.859627
3000,0.766743
3001,0.770754
3002,0.681896
3003,0.375733
3004,0.724539
3005,0.932188
3006,0.645325
3007,0.916337
3008,0.839397
3009,0.760157
3010,0.985817
3011,0.807258
3012,0.777996
3013,0.752927
3014,0.867248
3015,0.853093
3016,0.063795
3017,0.895889
3018,0.474025
3019,0.982189
3020,0.72565
3021,0.906242
3022,0.940787
3023,0.720848
3024,0.728708
3025,0.739048
3026,0.795037
3027,0.9194
3028,0.773896
3029,0.257255
3030,0.767857
3031,0.950233
3032,0.57701
3033,0.753401
3034,0.619064
3035,0.764229
3036,0.65041
3037,0.292753
3038,0.616629
3039,0.712649
3040,0.70129
3041,0.612384
3042,0.655349
3043,0.662411
3044,0.563071
3045,0.742892
3046,0.730177
3047,0.668843
3048,0.686409
3049,0.580181
3050,0.527233
3051,0.305106
3052,0.76199
3053,0.888337
3054,0.662759
3055,0.985764
3056,0.953436
3057,0.631723
3058,0.694411
3059,0.623447
3060,0.864997
3061,0.767472
3062,0.836211
3063,0.566037
3064,0.543272
3065,0.966903
3066,0.79253
3067,0.923764
3068,0.977744
3069,0.84403
3070,0.560474
3071,0.949841
3072,0.78507
3073,0.90086
3074,0.753895
3075,0.315666
3076,0.853125
3077,0.685644
3078,0.873517
3079,0.879494
3080,0.421158
3081,0.135035
3082,0.60773
3083,0.709935
3084,0.936444
3085,0.632281
3086,0.956871
3087,0.701567
3088,0.686534
3089,0.562194
3090,0.862991
3091,0.681488
3092,0.628172
3093,0.485293
3094,0.757148
3095,0.520059
3096,0.069293
3097,0.673341
3098,0.949508
3099,0.602449
3100,0.628052
3101,0.501219
3102,0.916649
3103,0.791375
3104,0.93767
3105,0.896614
3106,0.709972
3107,0.629605
3108,0.481891
3109,0.682458
3110,0.50938
3111,0.658979
3112,0.529953
3113,0.872479
3114,0.9647
3115,0.58781
3116,0.738881
3117,0.763762
3118,0.619689
3119,0.690705
3120,0.57796
3121,0.803907
3122,0.393242
3123,0.74166
3124,0.23059
3125,0.864689
3126,0.876359
3127,0.865656
3128,0.884491
3129,0.964141
3130,0.925521
3131,0.730113
3132,0.651956
3133,0.41909
3134,0.856062
3135,0.80167
3136,0.63219
3137,0.468878
3138,0.821349
3139,0.960048
3140,0.643405
3141,0.65089
3142,0.481884
3143,0.544533
3144,0.637603
3145,0.608317
3146,0.834393
3147,0.837003
3148,0.976897
3149,0.673673
3150,0.937088
3151,0.032359
3152,0.817242
3153,0.753469
3154,0.860627
3155,0.915597
3156,0.982673
3157,0.865907
3158,0.858348
3159,0.528025
3160,0.870716
3161,0.589892
3162,0.806138
3163,0.99073
3164,0.466604
3165,0.972262
3166,0.806339
3167,0.979834
3168,0.87729
3169,0.935777
3170,0.536162
3171,0.824658
3172,0.680644
3173,0.800733
3174,0.788764
3175,0.439002
3176,0.680939
3177,0.518507
3178,0.449321
3179,0.863565
3180,0.393495
3181,0.535812
3182,0.077374
3183,0.96713
3184,0.950374
3185,0.788883
3186,0.890877
3187,0.964011
3188,0.83134
3189,0.375835
3190,0.585914
3191,0.84011
3192,0.946371
3193,0.760427
3194,0.684919
3195,0.974813
3196,0.772498
3197,0.411427
3198,0.817938
3199,0.922473
3200,0.803822
3201,0.497454
3202,0.824532
3203,0.964562
3204,0.917015
3205,0.970817
3206,0.467057
3207,0.787467
3208,0.845241
3209,0.969237
3210,0.800085
3211,0.873167
3212,0.733245
3213,0.582272
3214,0.603934
3215,0.592645
3216,0.425524
3217,0.654671
3218,0.693477
3219,0.989604
3220,0.520086
3221,0.846911
3222,0.370897
3223,0.544843
3224,0.798757
3225,0.970087
3226,0.442966
3227,0.905682
3228,0.856568
3229,0.851961
3230,0.799885
3231,0.590344
3232,0.872453
3233,0.491092
3234,0.837054
3235,0.984933
3236,0.577196
3237,0.850404
3238,0.937441
3239,0.68785
3240,0.621311
3241,0.551575
3242,0.648928
3243,0.716226
3244,0.786125
3245,0.540022
3246,0.57198
3247,0.783645
3248,0.792407
3249,0.716828
3250,0.848414
3251,0.960087
3252,0.655898
3253,0.565839
3254,0.82619
3255,0.979332
3256,0.711172
3257,0.681978
3258,0.886018
3259,0.641626
3260,0.70761
3261,0.833082
3262,0.396435
3263,0.973542
3264,0.867136
3265,0.835578
3266,0.396723
3267,0.839912
3268,0.876944
3269,0.676868
3270,0.974323
3271,0.87744
3272,0.978586
3273,0.479863
3274,0.671379
3275,0.595711
3276,0.564035
3277,0.082196
3278,0.825915
3279,0.426389
3280,0.769746
3281,0.691928
3282,0.977709
3283,0.701647
3284,0.481367
3285,0.675451
3286,0.958212
3287,0.973247
3288,0.754126
3289,0.470727
3290,0.483177
3291,0.940909
3292,0.876938
3293,0.409288
3294,0.618196
3295,0.863985
3296,0.694288
3297,0.961152
3298,0.670453
3299,0.920005
3300,0.752278
3301,0.795637
3302,0.76667
3303,0.59611
3304,0.728671
3305,0.824662
3306,0.871886
3307,0.129773
3308,0.671434
3309,0.875747
3310,0.723997
3311,0.394408
3312,0.744827
3313,0.894942
3314,0.606511
3315,0.123271
3316,0.813059
3317,0.810013
3318,0.674422
3319,0.706489
3320,0.814932
3321,0.927699
3322,0.509945
3323,0.945123
3324,0.88063
3325,0.66063
3326,0.842427
3327,0.710122
3328,0.746892
3329,0.716776
3330,0.727954
3331,0.878222
3332,0.621839
3333,0.161842
3334,0.906151
3335,0.544733
3336,0.593269
3337,0.607338
3338,0.50058
3339,0.883504
3340,0.545161
3341,0.976681
3342,0.914984
3343,0.924485
3344,0.787642
3345,0.870713
3346,0.899779
3347,0.702627
3348,0.950774
3349,0.62049
3350,0.950593
3351,0.643384
3352,0.527356
3353,0.933929
3354,0.851764
3355,0.839132
3356,0.731948
3357,0.687842
3358,0.738231
3359,0.895843
3360,0.607379
3361,0.930928
3362,0.660433
3363,0.984693
3364,0.947977
3365,0.491283
3366,0.687911
3367,0.774306
3368,0.718086
3369,0.973242
3370,0.652345
3371,0.573928
3372,0.077253
3373,0.796861
3374,0.723403
3375,0.696039
3376,0.745683
3377,0.611239
3378,0.657831
3379,0.754793
3380,0.750088
3381,0.338436
3382,0.63316
3383,0.928744
3384,0.781615
3385,0.826239
3386,0.843285
3387,0.526898
3388,0.871294
3389,0.377245
3390,0.343668
3391,0.949854
3392,0.980254
3393,0.858129
3394,0.872801
3395,0.707521
3396,0.894232
3397,0.716085
3398,0.873483
3399,0.926437
3400,0.974274
3401,0.797592
3402,0.706568
3403,0.562243
3404,0.917582
3405,0.892621
3406,0.825953
3407,0.464627
3408,0.768533
3409,0.608859
3410,0.611166
3411,0.73726
3412,0.626322
3413,0.834035
3414,0.891011
3415,0.706846
3416,0.604352
3417,0.721739
3418,0.788007
3419,0.765361
3420,0.398369
3421,0.701124
3422,0.930588
3423,0.805229
3424,0.858172
3425,0.474841
3426,0.74142
3427,0.83748
3428,0.042903
3429,0.757685
3430,0.557462
3431,0.590134
3432,0.763725
3433,0.831006
3434,0.85782
3435,0.738729
3436,0.824937
3437,0.54822
3438,0.564503
3439,0.715214
3440,0.842297
3441,0.496784
3442,0.766513
3443,0.557609
3444,0.384151
3445,0.537358
3446,0.771384
3447,0.778376
3448,0.601905
3449,0.617941
3450,0.899363
3451,0.896532
3452,0.598304
3453,0.906352
3454,0.768373
3455,0.535739
3456,0.651804
3457,0.859449
3458,0.938092
3459,0.880692
3460,0.652972
3461,0.590039
3462,0.093181
3463,0.824717
3464,0.658415
3465,0.89476
3466,0.907123
3467,0.080017
3468,0.814071
3469,0.833194
3470,0.794918
3471,0.601981
3472,0.869303
3473,0.621494
3474,0.87297
3475,0.502186
3476,0.832081
3477,0.666822
3478,0.894652
3479,0.496352
3480,0.700828
3481,0.762679
3482,0.851186
3483,0.593287
3484,0.881385
3485,0.746066
3486,0.619317
3487,0.771707
3488,0.804891
3489,0.882926
3490,0.60158
3491,0.473508
3492,0.470567
3493,0.656194
3494,0.66414
3495,0.948727
3496,0.706275
3497,0.965574
3498,0.95776
3499,0.891266
3500,0.935339
3501,0.573237
3502,0.846495
3503,0.962934
3504,0.741323
3505,0.417306
3506,0.964
3507,0.745673
3508,0.76546
3509,0.45604
3510,0.958613
3511,0.727176
3512,0.50039
3513,0.832305
3514,0.734062
3515,0.82632
3516,0.918757
3517,0.559429
3518,0.569123
3519,0.403354
3520,0.771944
3521,0.767925
3522,0.976718
3523,0.854608
3524,0.678392
3525,0.635164
3526,0.918846
3527,0.846561
3528,0.856999
3529,0.852801
3530,0.906731
3531,0.571902
3532,0.93272
3533,0.892666
3534,0.720439
3535,0.671052
3536,0.865963
3537,0.887063
3538,0.547287
3539,0.148531
3540,0.954101
3541,0.461382
3542,0.861561
3543,0.752473
3544,0.800048
3545,0.907843
3546,0.270745
3547,0.911525
3548,0.907222
3549,0.913081
3550,0.764504
3551,0.831923
3552,0.818666
3553,0.399573
3554,0.916471
3555,0.942076
3556,0.860631
3557,0.661613
3558,0.493039
3559,0.783163
3560,0.488061
3561,0.62228
3562,0.838098
3563,0.774798
3564,0.771536
3565,0.700792
3566,0.963386
3567,0.673267
3568,0.748326
3569,0.75885
3570,0.587281
3571,0.611992
3572,0.706275
3573,0.171399
3574,0.67325
3575,0.957649
3576,0.717308
3577,0.845936
3578,0.682262
3579,0.511774
3580,0.931745
3581,0.972252
3582,0.768627
3583,0.822617
3584,0.519558
3585,0.980362
3586,0.465159
3587,0.958089
3588,0.544815
3589,0.252738
3590,0.712343
3591,0.850093
3592,0.161331
3593,0.793591
3594,0.177978
3595,0.880165
3596,0.827277
3597,0.613427
3598,0.744672
3599,0.775361
3600,0.966638
3601,0.896313
3602,0.607811
3603,0.672028
3604,0.450244
3605,0.762834
3606,0.809035
3607,0.840871
3608,0.496885
3609,0.475543
3610,0.816648
3611,0.978715
3612,0.773844
3613,0.516888
3614,0.744825
3615,0.655838
3616,0.458405
3617,0.446309
3618,0.712627
3619,0.856919
3620,0.870495
3621,0.980918
3622,0.912986
3623,0.674892
3624,0.748741
3625,0.732193
3626,0.900023
3627,0.84349
3628,0.633873
3629,0.022149
3630,0.840491
3631,0.908588
3632,0.498879
3633,0.922835
3634,0.661981
3635,0.759183
3636,0.939224
3637,0.793769
3638,0.940581
3639,0.731544
3640,0.761344
3641,0.78439
3642,0.787686
3643,0.801448
3644,0.230907
3645,0.944665
3646,0.84318
3647,0.613666
3648,0.704721
3649,0.897619
3650,0.542596
3651,0.945503
3652,0.840406
3653,0.497483
3654,0.953712
3655,0.544953
3656,0.499796
3657,0.947959
3658,0.867525
3659,0.860672
3660,0.957854
3661,0.665905
3662,0.869187
3663,0.608348
3664,0.115497
3665,0.240432
3666,0.770173
3667,0.698477
3668,0.944324
3669,0.852352
3670,0.754601
3671,0.152598
3672,0.828501
3673,0.310455
3674,0.484186
3675,0.677081
3676,0.830618
3677,0.807273
3678,0.562311
3679,0.493288
3680,0.824608
3681,0.919502
3682,0.486449
3683,0.498574
3684,0.943928
3685,0.495764
3686,0.40343
3687,0.710021
3688,0.868549
3689,0.192639
3690,0.408077
3691,0.97266
3692,0.563369
3693,0.901434
3694,0.542841
3695,0.738337
3696,0.907478
3697,0.616873
3698,0.857765
3699,0.840031
3700,0.758572
3701,0.608585
3702,0.968627
3703,0.663092
3704,0.46985
3705,0.744483
3706,0.68144
3707,0.896154
3708,0.565163
3709,0.918103
3710,0.386384
3711,0.199832
3712,0.691497
3713,0.713767
3714,0.731524
3715,0.972416
3716,0.863503
3717,0.589399
3718,0.708962
3719,0.85316
3720,0.55865
3721,0.555191
3722,0.788397
3723,0.706568
3724,0.835858
3725,0.891714
3726,0.823081
3727,0.5753
3728,0.802656
3729,0.54929
3730,0.74447
3731,0.882587
3732,0.929892
3733,0.875113
3734,0.817589
3735,0.779104
3736,0.50945
3737,0.974778
3738,0.671086
3739,0.609107
3740,0.894104
3741,0.606113
3742,0.678458
3743,0.869017
3744,0.514161
3745,0.856735
3746,0.975746
3747,0.70232
3748,0.653148
3749,0.852715
3750,0.854134
3751,0.62489
3752,0.835526
3753,0.641256
3754,0.741781
3755,0.476612
3756,0.774061
3757,0.645562
3758,0.783519
3759,0.78584
3760,0.675567
3761,0.684007
3762,0.505855
3763,0.948099
3764,0.545153
3765,0.895044
3766,0.617678
3767,0.878416
3768,0.882963
3769,0.621171
3770,0.648065
3771,0.614514
3772,0.937587
3773,0.703458
3774,0.962998
3775,0.935788
3776,0.951308
3777,0.647555
3778,0.701986
3779,0.493142
3780,0.908803
3781,0.260608
3782,0.544512
3783,0.821538
3784,0.693179
3785,0.828143
3786,0.70079
3787,0.760738
3788,0.576224
3789,0.844554
3790,0.383505
3791,0.968014
3792,0.65642
3793,0.742358
3794,0.777305
3795,0.899741
3796,0.835141
3797,0.517323
3798,0.564872
3799,0.662775
3800,0.804939
3801,0.700774
3802,0.728677
3803,0.451328
3804,0.387937
3805,0.66331
3806,0.613479
3807,0.889079
3808,0.75811
3809,0.667507
3810,0.915136
3811,0.719923
3812,0.65873
3813,0.529726
3814,0.505585
3815,0.927859
3816,0.094449
3817,0.431795
3818,0.954869
3819,0.674614
3820,0.799885
3821,0.79835
3822,0.691829
3823,0.792258
3824,0.426519
3825,0.77822
3826,0.738273
3827,0.67973
3828,0.915774
3829,0.949529
3830,0.976749
3831,0.750066
3832,0.865399
3833,0.755103
3834,0.613076
3835,0.79318
3836,0.880939
3837,0.64558
3838,0.950075
3839,0.634643
3840,0.862297
3841,0.90587
3842,0.492831
3843,0.622766
3844,0.779511
3845,0.733151
3846,0.736803
3847,0.92837
3848,0.515576
3849,0.950627
3850,0.827211
3851,0.53482
3852,0.928711
3853,0.631148
3854,0.761177
3855,0.618143
3856,0.943245
3857,0.899227
3858,0.474288
3859,0.795394
3860,0.769295
3861,0.481627
3862,0.49777
3863,0.720408
3864,0.892
3865,0.988556
3866,0.501881
3867,0.986258
3868,0.768569
3869,0.534088
3870,0.74997
3871,0.615712
3872,0.465123
3873,0.626101
3874,0.67158
3875,0.225962
3876,0.664815
3877,0.518376
3878,0.976191
3879,0.695434
3880,0.831066
3881,0.772536
3882,0.393677
3883,0.689791
3884,0.462221
3885,0.696086
3886,0.918737
3887,0.663281
3888,0.523759
3889,0.97301
3890,0.794374
3891,0.562988
3892,0.671394
3893,0.817472
3894,0.338915
3895,0.780538
3896,0.528541
3897,0.886433
3898,0.897464
3899,0.797199
3900,0.842806
3901,0.883871
3902,0.800212
3903,0.483842
3904,0.413857
3905,0.891337
3906,0.683481
3907,0.537931
3908,0.968183
3909,0.869793
3910,0.850879
3911,0.791306
3912,0.779509
3913,0.689555
3914,0.039802
3915,0.522501
3916,0.794659
3917,0.794434
3918,0.560995
3919,0.788858
3920,0.58649
3921,0.869667
3922,0.177252
3923,0.780347
3924,0.689365
3925,0.665758
3926,0.795838
3927,0.721112
3928,0.783409
3929,0.762117
3930,0.753077
3931,0.548984
3932,0.435231
3933,0.951689
3934,0.760234
3935,0.615531
3936,0.633127
3937,0.888045
3938,0.872324
3939,0.761519
3940,0.61855
3941,0.96968
3942,0.842717
3943,0.627213
3944,0.875387
3945,0.950941
3946,0.855632
3947,0.738678
3948,0.75097
3949,0.985735
3950,0.439288
3951,0.713986
3952,0.761603
3953,0.648144
3954,0.403761
3955,0.93482
3956,0.478542
3957,0.426799
3958,0.740596
3959,0.644788
3960,0.681441
3961,0.937965
3962,0.826119
3963,0.737542
3964,0.986123
3965,0.748834
3966,0.490767
3967,0.959259
3968,0.785312
3969,0.674036
3970,0.470184
3971,0.445167
3972,0.815652
3973,0.743115
3974,0.756369
3975,0.786319
3976,0.949986
3977,0.827526
3978,0.757332
3979,0.932844
3980,0.771099
3981,0.8462
3982,0.251867
3983,0.728642
3984,0.671345
3985,0.926501
3986,0.960856
3987,0.893423
3988,0.841132
3989,0.849596
3990,0.594238
3991,0.727123
3992,0.482567
3993,0.953002
3994,0.70047
3995,0.923497
3996,0.635084
3997,0.737558
3998,0.073223
3999,0.708334
4000,0.695432
4001,0.503525
4002,0.851915
4003,0.426185
4004,0.900951
4005,0.732012
4006,0.316754
4007,0.818286
4008,0.836039
4009,0.444462
4010,0.960292
4011,0.937241
4012,0.703214
4013,0.406732
4014,0.568946
4015,0.971253
4016,0.739344
4017,0.540191
4018,0.504375
4019,0.849329
4020,0.810192
4021,0.807448
4022,0.782976
4023,0.675812
4024,0.95329
4025,0.573153
4026,0.966146
4027,0.833937
4028,0.632219
4029,0.615311
4030,0.719013
4031,0.521246
4032,0.927545
4033,0.972225
4034,0.582757
4035,0.798646
4036,0.38391
4037,0.856206
4038,0.959432
4039,0.53965
4040,0.765699
4041,0.62414
4042,0.583356
4043,0.655057
4044,0.802166
4045,0.346109
4046,0.714118
4047,0.749896
4048,0.765889
4049,0.772985
4050,0.789279
4051,0.81203
4052,0.488551
4053,0.810808
4054,0.971943
4055,0.877314
4056,0.113436
4057,0.492057
4058,0.409339
4059,0.315676
4060,0.807625
4061,0.933187
4062,0.668137
4063,0.493263
4064,0.637549
4065,0.640638
4066,0.819131
4067,0.120541
4068,0.865855
4069,0.666641
4070,0.943322
4071,0.967131
4072,0.643178
4073,0.506529
4074,0.284818
4075,0.213789
4076,0.761992
4077,0.816244
4078,0.852263
4079,0.388497
4080,0.347059
4081,0.870354
4082,0.090488
4083,0.927337
4084,0.971264
4085,0.742137
4086,0.642628
4087,0.524001
4088,0.735533
4089,0.922814
4090,0.976177
4091,0.575183
4092,0.66595
4093,0.835584
4094,0.986008
4095,0.776039
4096,0.871153
4097,0.656234
4098,0.67357
4099,0.768957
4100,0.864714
4101,0.590313
4102,0.824151
4103,0.560376
4104,0.757736
4105,0.976592
4106,0.891179
4107,0.909133
4108,0.854417
4109,0.50359
4110,0.738681
4111,0.95085
4112,0.944898
4113,0.691168
4114,0.946145
4115,0.760037
4116,0.858683
4117,0.780103
4118,0.917826
4119,0.682605
4120,0.460938
4121,0.638572
4122,0.674178
4123,0.62421
4124,0.063699
4125,0.851871
4126,0.709909
4127,0.899174
4128,0.579817
4129,0.688659
4130,0.894554
4131,0.475022
4132,0.861267
4133,0.657422
4134,0.653164
4135,0.436463
4136,0.914769
4137,0.643091
4138,0.638492
4139,0.647728
4140,0.884049
4141,0.837183
4142,0.757487
4143,0.53739
4144,0.76104
4145,0.703845
4146,0.421355
4147,0.852353
4148,0.734696
4149,0.560425
4150,0.963427
4151,0.977861
4152,0.504757
4153,0.957089
4154,0.771021
4155,0.801007
4156,0.700725
4157,0.707403
4158,0.701421
4159,0.480078
4160,0.898094
4161,0.992376
4162,0.925347
4163,0.684333
4164,0.717676
4165,0.631998
4166,0.584221
4167,0.899651
4168,0.742901
4169,0.575731
4170,0.788804
4171,0.801268
4172,0.884022
4173,0.749035
4174,0.963663
4175,0.569642
4176,0.511371
4177,0.814187
4178,0.79056
4179,0.703438
4180,0.98836
4181,0.481113
4182,0.89076
4183,0.430468
4184,0.973967
4185,0.926154
4186,0.797676
4187,0.970548
4188,0.733327
4189,0.671741
4190,0.785435
4191,0.971813
4192,0.4059
4193,0.857038
4194,0.561429
4195,0.833682
4196,0.924505
4197,0.123891
4198,0.686292
4199,0.749511
4200,0.920457
4201,0.558526
4202,0.493997
4203,0.987555
4204,0.836281
4205,0.76564
4206,0.93305
4207,0.856409
4208,0.824326
4209,0.768002
4210,0.80421
4211,0.903935
4212,0.569904
4213,0.82989
4214,0.890997
4215,0.566812
4216,0.892586
4217,0.632442
4218,0.820374
4219,0.8219
4220,0.807397
4221,0.735546
4222,0.895575
4223,0.435638
4224,0.71986
4225,0.635593
4226,0.726851
4227,0.524217
4228,0.957268
4229,0.454357
4230,0.776593
4231,0.869058
4232,0.889156
4233,0.881274
4234,0.590581
4235,0.973398
4236,0.801905
4237,0.796147
4238,0.978294
4239,0.818071
4240,0.717136
4241,0.677688
4242,0.773496
4243,0.69133
4244,0.6171
4245,0.565539
4246,0.669991
4247,0.706039
4248,0.932114
4249,0.358837
4250,0.920825
4251,0.673266
4252,0.38726
4253,0.809078
4254,0.796353
4255,0.958579
4256,0.656924
4257,0.833726
4258,0.982023
4259,0.727767
4260,0.913599
4261,0.436372
4262,0.732075
4263,0.919801
4264,0.570269
4265,0.957266
4266,0.593721
4267,0.063154
4268,0.809276
4269,0.965841
4270,0.839233
4271,0.560539
4272,0.60523
4273,0.780827
4274,0.766902
4275,0.764555
4276,0.904201
4277,0.788455
4278,0.699171
4279,0.338738
4280,0.821316
4281,0.733771
4282,0.94135
4283,0.890364
4284,0.913146
4285,0.427644
4286,0.687601
4287,0.781037
4288,0.72292
4289,0.938435
4290,0.856131
4291,0.784082
4292,0.646055
4293,0.519199
4294,0.834573
4295,0.84825
4296,0.6866
4297,0.955669
4298,0.737171
4299,0.902942
4300,0.721675
4301,0.979392
4302,0.265766
4303,0.782236
4304,0.887204
4305,0.827231
4306,0.937142
4307,0.532848
4308,0.654602
4309,0.95175
4310,0.824729
4311,0.89797
4312,0.702259
4313,0.856073
4314,0.907133
4315,0.582064
4316,0.952242
4317,0.698413
4318,0.793509
4319,0.820813
4320,0.466509
4321,0.86579
4322,0.923586
4323,0.696577
4324,0.903551
4325,0.956944
4326,0.882646
4327,0.197035
4328,0.851004
4329,0.835061
4330,0.848977
4331,0.700793
4332,0.982548
4333,0.59932
4334,0.836882
4335,0.609525
4336,0.779573
4337,0.039814
4338,0.972982
4339,0.969606
4340,0.547517
4341,0.814478
4342,0.919324
4343,0.950827
4344,0.837981
4345,0.508211
4346,0.586554
4347,0.634143
4348,0.869886
4349,0.76337
4350,0.885056
4351,0.667891
4352,0.8811
4353,0.189631
4354,0.759268
4355,0.467649
4356,0.616905
4357,0.754826
4358,0.86187
4359,0.932888
4360,0.717267
4361,0.762593
4362,0.198371
4363,0.742015
4364,0.818828
4365,0.590413
4366,0.566675
4367,0.997019
4368,0.68837
4369,0.782365
4370,0.567429
4371,0.887026
4372,0.684837
4373,0.984347
4374,0.776848
4375,0.975149
4376,0.546404
4377,0.462531
4378,0.633325
4379,0.951676
4380,0.842078
4381,0.551811
4382,0.580841
4383,0.867776
4384,0.71157
4385,0.708239
4386,0.629969
4387,0.980343
4388,0.616278
4389,0.957108
4390,0.972
4391,0.91206
4392,0.626751
4393,0.639476
4394,0.873962
4395,0.750615
4396,0.684064
4397,0.715969
4398,0.671594
4399,0.653068
4400,0.674641
4401,0.716937
4402,0.56955
4403,0.820604
4404,0.97097
4405,0.46901
4406,0.875044
4407,0.939875
4408,0.582393
4409,0.671552
4410,0.735144
4411,0.941904
4412,0.819116
4413,0.647357
4414,0.958506
4415,0.513569
4416,0.922057
4417,0.694297
4418,0.917788
4419,0.768331
4420,0.199858
4421,0.46455
4422,0.797533
4423,0.944886
4424,0.883835
4425,0.664428
4426,0.968405
4427,0.924497
4428,0.459649
4429,0.776491
4430,0.816885
4431,0.731645
4432,0.327452
4433,0.899393
4434,0.599319
4435,0.711704
4436,0.88658
4437,0.610857
4438,0.416775
4439,0.683989
4440,0.955918
4441,0.663647
4442,0.696119
4443,0.959038
4444,0.913756
4445,0.764787
4446,0.851375
4447,0.863608
4448,0.969212
4449,0.22422
4450,0.85775
4451,0.731059
4452,0.880843
4453,0.546788
4454,0.514696
4455,0.738969
4456,0.665767
4457,0.871968
4458,0.434502
4459,0.968401
4460,0.833955
4461,0.615784
4462,0.925292
4463,0.78708
4464,0.606744
4465,0.782651
4466,0.905169
4467,0.952833
4468,0.873308
4469,0.32519
4470,0.70877
4471,0.950411
4472,0.695664
4473,0.871073
4474,0.612506
4475,0.860882
4476,0.822963
4477,0.691911
4478,0.724341
4479,0.651825
4480,0.146937
4481,0.550937
4482,0.467975
4483,0.380374
4484,0.607039
4485,0.949578
4486,0.710828
4487,0.641573
4488,0.77094
4489,0.644428
4490,0.762626
4491,0.928605
4492,0.587974
4493,0.722959
4494,0.940386
4495,0.586775
4496,0.808052
4497,0.987626
4498,0.741947
4499,0.631564
4500,0.953178
4501,0.476471
4502,0.863815
4503,0.922984
4504,0.538572
4505,0.37869
4506,0.438298
4507,0.871435
4508,0.864076
4509,0.948629
4510,0.853762
4511,0.571608
4512,0.696873
4513,0.776908
4514,0.629167
4515,0.602022
4516,0.634301
4517,0.627454
4518,0.770405
4519,0.632783
4520,0.751532
4521,0.85871
4522,0.449094
4523,0.660247
4524,0.611626
4525,0.73726
4526,0.964917
4527,0.956074
4528,0.791496
4529,0.548139
4530,0.571655
4531,0.689511
4532,0.979623
4533,0.964813
4534,0.620437
4535,0.802563
4536,0.72656
4537,0.973016
4538,0.515835
4539,0.885809
4540,0.672419
4541,0.73802
4542,0.646372
4543,0.90431
4544,0.688225
4545,0.739086
4546,0.976018
4547,0.802975
4548,0.712001
4549,0.808258
4550,0.904511
4551,0.568753
4552,0.514424
4553,0.960257
4554,0.737278
4555,0.994694
4556,0.654334
4557,0.600512
4558,0.596768
4559,0.950489
4560,0.941715
4561,0.703545
4562,0.83243
4563,0.903684
4564,0.652377
4565,0.725126
4566,0.668304
4567,0.732643
4568,0.77596
4569,0.853815
4570,0.947418
4571,0.056553
4572,0.600864
4573,0.931316
4574,0.982654
4575,0.749387
4576,0.631637
4577,0.833764
4578,0.978135
4579,0.742628
4580,0.68618
4581,0.721018
4582,0.798345
4583,0.659192
4584,0.725796
4585,0.727425
4586,0.868834
4587,0.871575
4588,0.857474
4589,0.627217
4590,0.739011
4591,0.99601
4592,0.663148
4593,0.908761
4594,0.715675
4595,0.440497
4596,0.735825
4597,0.88534
4598,0.51769
4599,0.992288
4600,0.613907
4601,0.541692
4602,0.078443
4603,0.900289
4604,0.95266
4605,0.589022
4606,0.88827
4607,0.815783
4608,0.715147
4609,0.925265
4610,0.970315
4611,0.573333
4612,0.846069
4613,0.858566
4614,0.775241
4615,0.881853
4616,0.785601
4617,0.984516
4618,0.747604
4619,0.839401
4620,0.939435
4621,0.472735
4622,0.462896
4623,0.627597
4624,0.924867
4625,0.903676
4626,0.834856
4627,0.961167
4628,0.64677
4629,0.986152
4630,0.764237
4631,0.675386
4632,0.469747
4633,0.791693
4634,0.977339
4635,0.554987
4636,0.915431
4637,0.103737
4638,0.634788
4639,0.974071
4640,0.383683
4641,0.984715
4642,0.712163
4643,0.441207
4644,0.337517
4645,0.595437
4646,0.719536
4647,0.70384
4648,0.778324
4649,0.840098
4650,0.532461
4651,0.920323
4652,0.905745
4653,0.142323
4654,0.303136
4655,0.553141
4656,0.632462
4657,0.742294
4658,0.680292
4659,0.987253
4660,0.534823
4661,0.716622
4662,0.610961
4663,0.631848
4664,0.898169
4665,0.853341
4666,0.889583
4667,0.824281
4668,0.838849
4669,0.788834
4670,0.559879
4671,0.052528
4672,0.436257
4673,0.677601
4674,0.709157
4675,0.716243
4676,0.970031
4677,0.668648
4678,0.878991
4679,0.957341
4680,0.856749
4681,0.820666
4682,0.644771
4683,0.852723
4684,0.987786
4685,0.958275
4686,0.90292
4687,0.53565
4688,0.65076
4689,0.470906
4690,0.759965
4691,0.513495
4692,0.874799
4693,0.880616
4694,0.678688
4695,0.757331
4696,0.871068
4697,0.206478
4698,0.858478
4699,0.954445
4700,0.563767
4701,0.641251
4702,0.864904
4703,0.638274
4704,0.831706
4705,0.717717
4706,0.989968
4707,0.765512
4708,0.800982
4709,0.852629
4710,0.938237
4711,0.651827
4712,0.962719
4713,0.817878
4714,0.744381
4715,0.458876
4716,0.763311
4717,0.439894
4718,0.689574
4719,0.488827
4720,0.564366
4721,0.265996
4722,0.709266
4723,0.789185
4724,0.453855
4725,0.035371
4726,0.93046
4727,0.873414
4728,0.566558
4729,0.91183
4730,0.510154
4731,0.646738
4732,0.88142
4733,0.945319
4734,0.832924
4735,0.685745
4736,0.77033
4737,0.635683
4738,0.751085
4739,0.511647
4740,0.440964
4741,0.80925
4742,0.957022
4743,0.719015
4744,0.926183
4745,0.696221
4746,0.974355
4747,0.873311
4748,0.860884
4749,0.941368
4750,0.714992
4751,0.915177
4752,0.77103
4753,0.598855
4754,0.978632
4755,0.405209
4756,0.752753
4757,0.935775
4758,0.989348
4759,0.089521
4760,0.548384
4761,0.826088
4762,0.949084
4763,0.752424
4764,0.754273
4765,0.601922
4766,0.954625
4767,0.088934
4768,0.812334
4769,0.53339
4770,0.910125
4771,0.706226
4772,0.983247
4773,0.937733
4774,0.606495
4775,0.761993
4776,0.923862
4777,0.454934
4778,0.878184
4779,0.780023
4780,0.8403
4781,0.740547
4782,0.573621
4783,0.320137
4784,0.32619
4785,0.860641
4786,0.689593
4787,0.918121
4788,0.922121
4789,0.795527
4790,0.973524
4791,0.881071
4792,0.421854
4793,0.647596
4794,0.460309
4795,0.85967
4796,0.805099
4797,0.944121
4798,0.619303
4799,0.638449
4800,0.892913
4801,0.575497
4802,0.899967
4803,0.634214
4804,0.956877
4805,0.951169
4806,0.824154
4807,0.487849
4808,0.754713
4809,0.868349
4810,0.974513
4811,0.707111
4812,0.672401
4813,0.270191
4814,0.813951
4815,0.916622
4816,0.594551
4817,0.877894
4818,0.793346
4819,0.717235
4820,0.556517
4821,0.704638
4822,0.623645
4823,0.49551
4824,0.95813
4825,0.695278
4826,0.917899
4827,0.420275
4828,0.881247
4829,0.338702
4830,0.864437
4831,0.818531
4832,0.938157
4833,0.904664
4834,0.563298
4835,0.804518
4836,0.874289
4837,0.949519
4838,0.640354
4839,0.752035
4840,0.934278
4841,0.672091
4842,0.809784
4843,0.937299
4844,0.730561
4845,0.703535
4846,0.84705
4847,0.482017
4848,0.444871
4849,0.779512
4850,0.537935
4851,0.592801
4852,0.862579
4853,0.710393
4854,0.081866
4855,0.904719
4856,0.568643
4857,0.114181
4858,0.547948
4859,0.987298
4860,0.491534
4861,0.960174
4862,0.830312
4863,0.899691
4864,0.752922
4865,0.520732
4866,0.682031
4867,0.696449
4868,0.667972
4869,0.790647
4870,0.471484
4871,0.947886
4872,0.77219
4873,0.644767
4874,0.829131
4875,0.926306
4876,0.579046
4877,0.586546
4878,0.710136
4879,0.743419
4880,0.695318
4881,0.870417
4882,0.87315
4883,0.551008
4884,0.084823
4885,0.958982
4886,0.817104
4887,0.889225
4888,0.936488
4889,0.499456
4890,0.59109
4891,0.583649
4892,0.586235
4893,0.882796
4894,0.54161
4895,0.63653
4896,0.804918
4897,0.907065
4898,0.394187
4899,0.443875
4900,0.58254
4901,0.754192
4902,0.712435
4903,0.708996
4904,0.746983
4905,0.796645
4906,0.669029
4907,0.735403
4908,0.663436
4909,0.610538
4910,0.962396
4911,0.993648
4912,0.86303
4913,0.610692
4914,0.548708
4915,0.851909
4916,0.848607
4917,0.634205
4918,0.928922
4919,0.969767
4920,0.758406
4921,0.796882
4922,0.894548
4923,0.739483
4924,0.855104
4925,0.786659
4926,0.75694
4927,0.596314
4928,0.82425
4929,0.860532
4930,0.67114
4931,0.774025
4932,0.766108
4933,0.7312
4934,0.05854
4935,0.647313
4936,0.706454
4937,0.611775
4938,0.979914
4939,0.763325
4940,0.960564
4941,0.545638
4942,0.584312
4943,0.459035
4944,0.529441
4945,0.7096
4946,0.456275
4947,0.592411
4948,0.935963
4949,0.715464
4950,0.773844
4951,0.711426
4952,0.720393
4953,0.500288
4954,0.923648
4955,0.720028
4956,0.851909
4957,0.429275
4958,0.955287
4959,0.859788
4960,0.916784
4961,0.879708
4962,0.740256
4963,0.789885
4964,0.465224
4965,0.39978
4966,0.986934
4967,0.905987
4968,0.889397
4969,0.775932
4970,0.952995
4971,0.96563
4972,0.649079
4973,0.599776
4974,0.714234
4975,0.857157
4976,0.489789
4977,0.884
4978,0.683165
4979,0.912688
4980,0.681135
4981,0.880048
4982,0.550519
4983,0.974655
4984,0.872714
4985,0.984476
4986,0.699752
4987,0.549044
4988,0.724734
4989,0.975942
4990,0.978834
4991,0.682078
4992,0.747631
4993,0.830859
4994,0.749366
4995,0.944703
4996,0.505285
4997,0.78941
4998,0.763998
4999,0.883735
5000,0.606504
5001,0.778601
5002,0.771178
5003,0.454593
5004,0.325592
5005,0.940423
5006,0.657228
5007,0.69546
5008,0.583615
5009,0.644167
5010,0.85968
5011,0.671727
5012,0.865292
5013,0.653824
5014,0.713268
5015,0.650488
5016,0.880695
5017,0.712913
5018,0.748346
5019,0.959049
5020,0.881894
5021,0.886021
5022,0.41109
5023,0.335726
5024,0.907053
5025,0.735852
5026,0.936758
5027,0.934219
5028,0.041869
5029,0.528813
5030,0.628579
5031,0.776306
5032,0.219186
5033,0.541127
5034,0.591626
5035,0.373059
5036,0.879078
5037,0.531677
5038,0.858748
5039,0.733714
5040,0.862758
5041,0.712079
5042,0.842501
5043,0.786106
5044,0.844323
5045,0.720928
5046,0.507548
5047,0.7514
5048,0.944912
5049,0.451242
5050,0.658576
5051,0.875996
5052,0.561018
5053,0.493033
5054,0.919845
5055,0.900792
5056,0.728696
5057,0.972207
5058,0.674878
5059,0.911364
5060,0.677316
5061,0.813555
5062,0.668741
5063,0.536693
5064,0.960513
5065,0.861508
5066,0.860693
5067,0.915429
5068,0.760445
5069,0.460052
5070,0.716651
5071,0.649329
5072,0.916492
5073,0.584939
5074,0.668842
5075,0.767493
5076,0.400424
5077,0.781979
5078,0.413635
5079,0.95008
5080,0.652031
5081,0.943817
5082,0.768211
5083,0.534019
5084,0.648226
5085,0.972664
5086,0.780839
5087,0.866617
5088,0.570571
5089,0.755249
5090,0.965808
5091,0.807665
5092,0.306349
5093,0.9834
5094,0.804606
5095,0.726712
5096,0.913276
5097,0.903326
5098,0.911434
5099,0.961619
5100,0.868769
5101,0.597142
5102,0.722636
5103,0.882807
5104,0.858605
5105,0.58288
5106,0.900594
5107,0.426568
5108,0.616216
5109,0.580227
5110,0.735527
5111,0.817612
5112,0.805405
5113,0.642704
5114,0.839404
5115,0.919489
5116,0.700707
5117,0.592764
5118,0.507862
5119,0.980256
5120,0.610586
5121,0.618326
5122,0.97299
5123,0.985842
5124,0.942957
5125,0.738043
5126,0.459666
5127,0.768472
5128,0.834055
5129,0.886989
5130,0.832504
5131,0.765969
5132,0.498712
5133,0.678902
5134,0.611477
5135,0.859963
5136,0.798097
5137,0.885032
5138,0.789995
5139,0.883097
5140,0.826878
5141,0.859596
5142,0.710269
5143,0.539248
5144,0.778626
5145,0.668351
5146,0.981185
5147,0.734868
5148,0.86222
5149,0.362477
5150,0.996943
5151,0.861051
5152,0.966572
5153,0.794955
5154,0.798783
5155,0.817052
5156,0.47404
5157,0.698723
5158,0.93765
5159,0.816152
5160,0.637926
5161,0.431843
5162,0.624387
5163,0.550651
5164,0.105024
5165,0.397028
5166,0.522255
5167,0.562226
5168,0.576029
5169,0.624078
5170,0.644425
5171,0.706414
5172,0.733417
5173,0.764598
5174,0.561268
5175,0.686491
5176,0.824606
5177,0.939869
5178,0.898496
5179,0.765754
5180,0.533869
5181,0.724668
5182,0.647865
5183,0.994596
5184,0.123136
5185,0.742079
5186,0.959609
5187,0.780677
5188,0.906208
5189,0.828257
5190,0.969306
5191,0.790895
5192,0.641819
5193,0.922135
5194,0.727196
5195,0.796717
5196,0.616
5197,0.868887
5198,0.179097
5199,0.850136
5200,0.72808
5201,0.57293
5202,0.982896
5203,0.892416
5204,0.969398
5205,0.794304
5206,0.448179
5207,0.712605
5208,0.51483
5209,0.273615
5210,0.582008
5211,0.970817
5212,0.951318
5213,0.582446
5214,0.718771
5215,0.644033
5216,0.292558
5217,0.804211
5218,0.912437
5219,0.465777
5220,0.533941
5221,0.797111
5222,0.797696
5223,0.486089
5224,0.297174
5225,0.756329
5226,0.553664
5227,0.066659
5228,0.618803
5229,0.770913
5230,0.493473
5231,0.706758
5232,0.60434
5233,0.957351
5234,0.869331
5235,0.955818
5236,0.764365
5237,0.744118
5238,0.97424
5239,0.493261
5240,0.852958
5241,0.876716
5242,0.976208
5243,0.84533
5244,0.731588
5245,0.714908
5246,0.502479
5247,0.832908
5248,0.916069
5249,0.674411
5250,0.853397
5251,0.609869
5252,0.695101
5253,0.570976
5254,0.607766
5255,0.700172
5256,0.820522
5257,0.792939
5258,0.950118
5259,0.95346
5260,0.866256
5261,0.815728
5262,0.799236
5263,0.767347
5264,0.594534
5265,0.707098
5266,0.923493
5267,0.630643
5268,0.563252
5269,0.639801
5270,0.989475
5271,0.95926
5272,0.845863
5273,0.695948
5274,0.821553
5275,0.72477
5276,0.920628
5277,0.573997
5278,0.292519
5279,0.678382
5280,0.859421
5281,0.741526
5282,0.780057
5283,0.514532
5284,0.796392
5285,0.720207
5286,0.802281
5287,0.831255
5288,0.933309
5289,0.901272
5290,0.738848
5291,0.059442
5292,0.801574
5293,0.744376
5294,0.91798
5295,0.800415
5296,0.616921
5297,0.425446
5298,0.798534
5299,0.948942
5300,0.813087
5301,0.68141
5302,0.856087
5303,0.275309
5304,0.614767
5305,0.841074
5306,0.533804
5307,0.958847
5308,0.80721
5309,0.857176
5310,0.617562
5311,0.597589
5312,0.337747
5313,0.252624
5314,0.781648
5315,0.611982
5316,0.793995
5317,0.852671
5318,0.43835
5319,0.883285
5320,0.789118
5321,0.448777
5322,0.742702
5323,0.665137
5324,0.59995
5325,0.554566
5326,0.970259
5327,0.973421
5328,0.904571
5329,0.971085
5330,0.206424
5331,0.632274
5332,0.090858
5333,0.591433
5334,0.470728
5335,0.813538
5336,0.544192
5337,0.859941
5338,0.525295
5339,0.972901
5340,0.504425
5341,0.687244
5342,0.879036
5343,0.799339
5344,0.729202
5345,0.440465
5346,0.774342
5347,0.582293
5348,0.955444
5349,0.255064
5350,0.78533
5351,0.841272
5352,0.82113
5353,0.902424
5354,0.753092
5355,0.937149
5356,0.8506
5357,0.543748
5358,0.970126
5359,0.820165
5360,0.628161
5361,0.719991
5362,0.615983
5363,0.442902
5364,0.704707
5365,0.862648
5366,0.928793
5367,0.81998
5368,0.736937
5369,0.849461
5370,0.655835
5371,0.788625
5372,0.592394
5373,0.823701
5374,0.551956
5375,0.526168
5376,0.213536
5377,0.75972
5378,0.769209
5379,0.454037
5380,0.749884
5381,0.59562
5382,0.511508
5383,0.539607
5384,0.553773
5385,0.636912
5386,0.72765
5387,0.731714
5388,0.771384
5389,0.088916
5390,0.519795
5391,0.704974
5392,0.904457
5393,0.83526
5394,0.308123
5395,0.84816
5396,0.594325
5397,0.786736
5398,0.672161
5399,0.935235
5400,0.546156
5401,0.939532
5402,0.754362
5403,0.914752
5404,0.528676
5405,0.637354
5406,0.704392
5407,0.545788
5408,0.378253
5409,0.939947
5410,0.969987
5411,0.871736
5412,0.880289
5413,0.816898
5414,0.674803
5415,0.830053
5416,0.75535
5417,0.697172
5418,0.813503
5419,0.736329
5420,0.902405
5421,0.578668
5422,0.617256
5423,0.153558
5424,0.568092
5425,0.911408
5426,0.894308
5427,0.868774
5428,0.860345
5429,0.850489
5430,0.635835
5431,0.622914
5432,0.395563
5433,0.895984
5434,0.593793
5435,0.705053
5436,0.979883
5437,0.715333
5438,0.879018
5439,0.211742
5440,0.715232
5441,0.845106
5442,0.416286
5443,0.566801
5444,0.822597
5445,0.775001
5446,0.682667
5447,0.643465
5448,0.806338
5449,0.952305
5450,0.581067
5451,0.895564
5452,0.640843
5453,0.789522
5454,0.797218
5455,0.903109
5456,0.709728
5457,0.313866
5458,0.757857
5459,0.680203
5460,0.821882
5461,0.829858
5462,0.815446
5463,0.892574
5464,0.183011
5465,0.811136
5466,0.949302
5467,0.708681
5468,0.593474
5469,0.943214
5470,0.535881
5471,0.724766
5472,0.055708
5473,0.65215
5474,0.679715
5475,0.603905
5476,0.494992
5477,0.95004
5478,0.53243
5479,0.798491
5480,0.616928
5481,0.769745
5482,0.733875
5483,0.751516
5484,0.699473
5485,0.477714
5486,0.584034
5487,0.069543
5488,0.530184
5489,0.590865
5490,0.8593
5491,0.940323
5492,0.762233
5493,0.431371
5494,0.472668
5495,0.834525
5496,0.470463
5497,0.928202
5498,0.910265
5499,0.327066
5500,0.951036
5501,0.947085
5502,0.588141
5503,0.771548
5504,0.589768
5505,0.677217
5506,0.755148
5507,0.942807
5508,0.75438
5509,0.922478
5510,0.7945
5511,0.758093
5512,0.880978
5513,0.560203
5514,0.736029
5515,0.343063
5516,0.820292
5517,0.379867
5518,0.558521
5519,0.587877
5520,0.963483
5521,0.804637
5522,0.898697
5523,0.032598
5524,0.595185
5525,0.569892
5526,0.368484
5527,0.850093
5528,0.699963
5529,0.827604
5530,0.967586
5531,0.868703
5532,0.736347
5533,0.771458
5534,0.731489
5535,0.590115
5536,0.676089
5537,0.610748
5538,0.854912
5539,0.511278
5540,0.726113
5541,0.683535
5542,0.711675
5543,0.916396
5544,0.769177
5545,0.638757
5546,0.923198
5547,0.949721
5548,0.155477
5549,0.818646
5550,0.636529
5551,0.835354
5552,0.675216
5553,0.523938
5554,0.7999
5555,0.763446
5556,0.725256
5557,0.696328
5558,0.98075
5559,0.777375
5560,0.655141
5561,0.659432
5562,0.484899
5563,0.684536
5564,0.499823
5565,0.749653
5566,0.835586
5567,0.732668
5568,0.971869
5569,0.588577
5570,0.835782
5571,0.904014
5572,0.503653
5573,0.478364
5574,0.951865
5575,0.523592
5576,0.771034
5577,0.96991
5578,0.535304
5579,0.789526
5580,0.857775
5581,0.90324
5582,0.79819
5583,0.816312
5584,0.45808
5585,0.491259
5586,0.803019
5587,0.883089
5588,0.509804
5589,0.077011
5590,0.426344
5591,0.905412
5592,0.779077
5593,0.648777
5594,0.520745
5595,0.694008
5596,0.898658
5597,0.724933
5598,0.073617
5599,0.66415
5600,0.772388
5601,0.864904
5602,0.734419
5603,0.577699
5604,0.877129
5605,0.846779
5606,0.798839
5607,0.944335
5608,0.551074
5609,0.583774
5610,0.772773
5611,0.453443
5612,0.733364
5613,0.683125
5614,0.969279
5615,0.558112
5616,0.620985
5617,0.8717
5618,0.672285
5619,0.661212
5620,0.717614
5621,0.893491
5622,0.915598
5623,0.730797
5624,0.198833
5625,0.105107
5626,0.736552
5627,0.617637
5628,0.798639
5629,0.5255
5630,0.931179
5631,0.839136
5632,0.883834
5633,0.655065
5634,0.689814
5635,0.957233
5636,0.857856
5637,0.556558
5638,0.99224
5639,0.722849
5640,0.67004
5641,0.283965
5642,0.843595
5643,0.862417
5644,0.871975
5645,0.990046
5646,0.739501
5647,0.777919
5648,0.739866
5649,0.55391
5650,0.28105
5651,0.389132
5652,0.771071
5653,0.988065
5654,0.675898
5655,0.619267
5656,0.733194
5657,0.928459
5658,0.676888
5659,0.464714
5660,0.869634
5661,0.35298
5662,0.569796
5663,0.788884
5664,0.741414
5665,0.893673
5666,0.513629
5667,0.859708
5668,0.80811
5669,0.740741
5670,0.521076
5671,0.966758
5672,0.747647
5673,0.545093
5674,0.86216
5675,0.822325
5676,0.778198
5677,0.868564
5678,0.898097
5679,0.502624
5680,0.951291
5681,0.946053
5682,0.783514
5683,0.863395
5684,0.881867
5685,0.448569
5686,0.906697
5687,0.635578
5688,0.901018
5689,0.978893
5690,0.83892
5691,0.889895
5692,0.805033
5693,0.536682
5694,0.562018
5695,0.979656
5696,0.374566
5697,0.746658
5698,0.641141
5699,0.730169
5700,0.814628
5701,0.817223
5702,0.545522
5703,0.840884
5704,0.751952
5705,0.728209
5706,0.632756
5707,0.825059
5708,0.573403
5709,0.677754
5710,0.864988
5711,0.282808
5712,0.566785
5713,0.353616
5714,0.555138
5715,0.462506
5716,0.688191
5717,0.785991
5718,0.982562
5719,0.775951
5720,0.84369
5721,0.849274
5722,0.859183
5723,0.786038
5724,0.450189
5725,0.787578
5726,0.886812
5727,0.908402
5728,0.733744
5729,0.817973
5730,0.776267
5731,0.809638
5732,0.873072
5733,0.551965
5734,0.619664
5735,0.661066
5736,0.76058
5737,0.883719
5738,0.314924
5739,0.936354
5740,0.690477
5741,0.583722
5742,0.989026
5743,0.58522
5744,0.636519
5745,0.835464
5746,0.973007
5747,0.310637
5748,0.855108
5749,0.937357
5750,0.784464
5751,0.838456
5752,0.948996
5753,0.922966
5754,0.640967
5755,0.87433
5756,0.78672
5757,0.728564
5758,0.448802
5759,0.62515
5760,0.379479
5761,0.842881
5762,0.60263
5763,0.98148
5764,0.325933
5765,0.790109
5766,0.626089
5767,0.335964
5768,0.907896
5769,0.672808
5770,0.907193
5771,0.652515
5772,0.581815
5773,0.64201
5774,0.866162
5775,0.219646
5776,0.825376
5777,0.904557
5778,0.86863
5779,0.680567
5780,0.666184
5781,0.816931
5782,0.461667
5783,0.833134
5784,0.699076
5785,0.60233
5786,0.910823
5787,0.401556
5788,0.960344
5789,0.63503
5790,0.892798
5791,0.774942
5792,0.85516
5793,0.086993
5794,0.60577
5795,0.803247
5796,0.77275
5797,0.391241
5798,0.717876
5799,0.555846
5800,0.930208
5801,0.815253
5802,0.82204
5803,0.856108
5804,0.547295
5805,0.469168
5806,0.543068
5807,0.831361
5808,0.59636
5809,0.827711
5810,0.748689
5811,0.945821
5812,0.455782
5813,0.973165
5814,0.622207
5815,0.629676
5816,0.55871
5817,0.545929
5818,0.661562
5819,0.574446
5820,0.300811
5821,0.659111
5822,0.508654
5823,0.655419
5824,0.751302
5825,0.685763
5826,0.407321
5827,0.448771
5828,0.813044
5829,0.880418
5830,0.641137
5831,0.637956
5832,0.986873
5833,0.656385
5834,0.967398
5835,0.77294
5836,0.620846
5837,0.89552
5838,0.895029
5839,0.793463
5840,0.741898
5841,0.346091
5842,0.748186
5843,0.340511
5844,0.534456
5845,0.436228
5846,0.633512
5847,0.837505
5848,0.985095
5849,0.750946
5850,0.747208
5851,0.694205
5852,0.76475
5853,0.810164
5854,0.837045
5855,0.768096
5856,0.804232
5857,0.528691
5858,0.632895
5859,0.46049
5860,0.900069
5861,0.216675
5862,0.856263
5863,0.945553
5864,0.970976
5865,0.667072
5866,0.976762
5867,0.56622
5868,0.704412
5869,0.715856
5870,0.677359
5871,0.721397
5872,0.674938
5873,0.998173
5874,0.755221
5875,0.780594
5876,0.621637
5877,0.770879
5878,0.693109
5879,0.282171
5880,0.619863
5881,0.60162
5882,0.432641
5883,0.694721
5884,0.664096
5885,0.85642
5886,0.854228
5887,0.075191
5888,0.547322
5889,0.483621
5890,0.296615
5891,0.76529
5892,0.573886
5893,0.645815
5894,0.891382
5895,0.743541
5896,0.978609
5897,0.939259
5898,0.642271
5899,0.425385
5900,0.603333
5901,0.845025
5902,0.522927
5903,0.940017
5904,0.512222
5905,0.844709
5906,0.827334
5907,0.926577
5908,0.864657
5909,0.782077
5910,0.665431
5911,0.718757
5912,0.626898
5913,0.977201
5914,0.442299
5915,0.823013
5916,0.823953
5917,0.330581
5918,0.820637
5919,0.87632
5920,0.924071
5921,0.892445
5922,0.916166
5923,0.803918
5924,0.623895
5925,0.76572
5926,0.721693
5927,0.761256
5928,0.728483
5929,0.791458
5930,0.640153
5931,0.892881
5932,0.947895
5933,0.713915
5934,0.59747
5935,0.80809
5936,0.969013
5937,0.799307
5938,0.599057
5939,0.994347
5940,0.472387
5941,0.760642
5942,0.793605
5943,0.396164
5944,0.819381
5945,0.760627
5946,0.586369
5947,0.847282
5948,0.575428
5949,0.920835
5950,0.644569
5951,0.823372
5952,0.551118
5953,0.727408
5954,0.968649
5955,0.896304
5956,0.473786
5957,0.645406
5958,0.800865
5959,0.85438
5960,0.533639
5961,0.840354
5962,0.859176
5963,0.919921
5964,0.955453
5965,0.752052
5966,0.873307
5967,0.722858
5968,0.962683
5969,0.61429
5970,0.588831
5971,0.713527
5972,0.481531
5973,0.604476
5974,0.957196
5975,0.904179
5976,0.667053
5977,0.731673
5978,0.936616
5979,0.788526
5980,0.902502
5981,0.834022
5982,0.466765
5983,0.671219
5984,0.750702
5985,0.18735
5986,0.676282
5987,0.767472
5988,0.786206
5989,0.569336
5990,0.91443
5991,0.741779
5992,0.787242
5993,0.503679
5994,0.801988
5995,0.625195
5996,0.971971
5997,0.871244
5998,0.719446
5999,0.65789
6000,0.881974
6001,0.403653
6002,0.966819
6003,0.708203
6004,0.670829
6005,0.343112
6006,0.710437
6007,0.774042
6008,0.949872
6009,0.918415
6010,0.892013
6011,0.812178
6012,0.709493
6013,0.853189
6014,0.648512
6015,0.510562
6016,0.92866
6017,0.987735
6018,0.953597
6019,0.786474
6020,0.669842
6021,0.591962
6022,0.921232
6023,0.788552
6024,0.808153
6025,0.897421
6026,0.808108
6027,0.557512
6028,0.462265
6029,0.853653
6030,0.782153
6031,0.857156
6032,0.68019
6033,0.656047
6034,0.924864
6035,0.722574
6036,0.864262
6037,0.503519
6038,0.528149
6039,0.4514
6040,0.76591
6041,0.825507
6042,0.749944
6043,0.93651
6044,0.663434
6045,0.739873
6046,0.876403
6047,0.683756
6048,0.782824
6049,0.826784
6050,0.924153
6051,0.461115
6052,0.61714
6053,0.709504
6054,0.601047
6055,0.474408
6056,0.600327
6057,0.761308
6058,0.763694
6059,0.712159
6060,0.575027
6061,0.956239
6062,0.084123
6063,0.747093
6064,0.82393
6065,0.814137
6066,0.157227
6067,0.241569
6068,0.559321
6069,0.560141
6070,0.970642
6071,0.538436
6072,0.125494
6073,0.601694
6074,0.780411
6075,0.824505
6076,0.831062
6077,0.231631
6078,0.804285
6079,0.929345
6080,0.787694
6081,0.76399
6082,0.651588
6083,0.662015
6084,0.499841
6085,0.812321
6086,0.582349
6087,0.954782
6088,0.886181
6089,0.909245
6090,0.743179
6091,0.656295
6092,0.801026
6093,0.720566
6094,0.042596
6095,0.587541
6096,0.834217
6097,0.435812
6098,0.970587
6099,0.908647
6100,0.686451
6101,0.621044
6102,0.583222
6103,0.683072
6104,0.960648
6105,0.738097
6106,0.866166
6107,0.019391
6108,0.707251
6109,0.631333
6110,0.643253
6111,0.334628
6112,0.889453
6113,0.787196
6114,0.801841
6115,0.926157
6116,0.961368
6117,0.974609
6118,0.79587
6119,0.528726
6120,0.576105
6121,0.970015
6122,0.842281
6123,0.740409
6124,0.654568
6125,0.66438
6126,0.82287
6127,0.742753
6128,0.430209
6129,0.798241
6130,0.696402
6131,0.806538
6132,0.837296
6133,0.499383
6134,0.67189
6135,0.883278
6136,0.608233
6137,0.835563
6138,0.621422
6139,0.863534
6140,0.840988
6141,0.792055
6142,0.336647
6143,0.848822
6144,0.845895
6145,0.887701
6146,0.497703
6147,0.664923
6148,0.790442
6149,0.990425
6150,0.467747
6151,0.988011
6152,0.51622
6153,0.974351
6154,0.62799
6155,0.824418
6156,0.653097
6157,0.728682
6158,0.186552
6159,0.864158
6160,0.797834
6161,0.487283
6162,0.95826
6163,0.829447
6164,0.976759
6165,0.814142
6166,0.965249
6167,0.498186
6168,0.829029
6169,0.536168
6170,0.817767
6171,0.090024
6172,0.669484
6173,0.800713
6174,0.629804
6175,0.266154
6176,0.905448
6177,0.54039
6178,0.584117
6179,0.838773
6180,0.808834
6181,0.818089
6182,0.977962
6183,0.605401
6184,0.020416
6185,0.579584
6186,0.529786
6187,0.964248
6188,0.574577
6189,0.727009
6190,0.980557
6191,0.812868
6192,0.491569
6193,0.950391
6194,0.748944
6195,0.932102
6196,0.956244
6197,0.786139
6198,0.852879
6199,0.455504
6200,0.856064
6201,0.451012
6202,0.742211
6203,0.899509
6204,0.877364
6205,0.939666
6206,0.543178
6207,0.871172
6208,0.898013
6209,0.751192
6210,0.412277
6211,0.934956
6212,0.744973
6213,0.497832
6214,0.868052
6215,0.685923
6216,0.911345
6217,0.635828
6218,0.588578
6219,0.778072
6220,0.98389
6221,0.786234
6222,0.930695
6223,0.813689
6224,0.912214
6225,0.527812
6226,0.756028
6227,0.673378
6228,0.693561
6229,0.122802
6230,0.624286
6231,0.88202
6232,0.804694
6233,0.801541
6234,0.535062
6235,0.63837
6236,0.969073
6237,0.855703
6238,0.561773
6239,0.904842
6240,0.640088
6241,0.496313
6242,0.781555
6243,0.839902
6244,0.853657
6245,0.631345
6246,0.893046
6247,0.626074
6248,0.334059
6249,0.742104
6250,0.776289
6251,0.693903
6252,0.51223
6253,0.76239
6254,0.877886
6255,0.500527
6256,0.947315
6257,0.49561
6258,0.799404
6259,0.767143
6260,0.683423
6261,0.729105
6262,0.682139
6263,0.696083
6264,0.591938
6265,0.551957
6266,0.083492
6267,0.8324
6268,0.768263
6269,0.737029
6270,0.71797
6271,0.82707
6272,0.952374
6273,0.775541
6274,0.544114
6275,0.759803
6276,0.492303
6277,0.89898
6278,0.765926
6279,0.886752
6280,0.969343
6281,0.880392
6282,0.658959
6283,0.870625
6284,0.931017
6285,0.22666
6286,0.731141
6287,0.701294
6288,0.568151
6289,0.925072
6290,0.570042
6291,0.799546
6292,0.087101
6293,0.688561
6294,0.759267
6295,0.816225
6296,0.534671
6297,0.818196
6298,0.62083
6299,0.070876
6300,0.759777
6301,0.605208
6302,0.406211
6303,0.641476
6304,0.607055
6305,0.661467
6306,0.512145
6307,0.76451
6308,0.69918
6309,0.77607
6310,0.708157
6311,0.756673
6312,0.753029
6313,0.608179
6314,0.839045
6315,0.979357
6316,0.961353
6317,0.766996
6318,0.686468
6319,0.710832
6320,0.751915
6321,0.923898
6322,0.643259
6323,0.626699
6324,0.765111
6325,0.583409
6326,0.226421
6327,0.831575
6328,0.845946
6329,0.937841
6330,0.815608
6331,0.097929
6332,0.907932
6333,0.786931
6334,0.809869
6335,0.900926
6336,0.674047
6337,0.475357
6338,0.798318
6339,0.772986
6340,0.805218
6341,0.842988
6342,0.974244
6343,0.888067
6344,0.980761
6345,0.091586
6346,0.49965
6347,0.057674
6348,0.850126
6349,0.641343
6350,0.979715
6351,0.813951
6352,0.987627
6353,0.804699
6354,0.994558
6355,0.957878
6356,0.817787
6357,0.56451
6358,0.78826
6359,0.710869
6360,0.440528
6361,0.821149
6362,0.806058
6363,0.586393
6364,0.67079
6365,0.687386
6366,0.307998
6367,0.576409
6368,0.903813
6369,0.809367
6370,0.672937
6371,0.396278
6372,0.397167
6373,0.867773
6374,0.965099
6375,0.696544
6376,0.485913
6377,0.658343
6378,0.903487
6379,0.639895
6380,0.8475
6381,0.956355
6382,0.644148
6383,0.72457
6384,0.7951
6385,0.761599
6386,0.656938
6387,0.759355
6388,0.701313
6389,0.996976
6390,0.749135
6391,0.936646
6392,0.796688
6393,0.593721
6394,0.388996
6395,0.544125
6396,0.604774
6397,0.395214
6398,0.915447
6399,0.865651
6400,0.360925
6401,0.640511
6402,0.816303
6403,0.832045
6404,0.787842
6405,0.722676
6406,0.801449
6407,0.963252
6408,0.858076
6409,0.542663
6410,0.516365
6411,0.71156
6412,0.762818
6413,0.778986
6414,0.710517
6415,0.818189
6416,0.889541
6417,0.520561
6418,0.921541
6419,0.599791
6420,0.993198
6421,0.749052
6422,0.830487
6423,0.722232
6424,0.841802
6425,0.760718
6426,0.89482
6427,0.768371
6428,0.966614
6429,0.780892
6430,0.751339
6431,0.90544
6432,0.87053
6433,0.806656
6434,0.987597
6435,0.738666
6436,0.963977
6437,0.548119
6438,0.880014
6439,0.598004
6440,0.701355
6441,0.899702
6442,0.802595
6443,0.545385
6444,0.991843
6445,0.465696
6446,0.894647
6447,0.823934
6448,0.746639
6449,0.652662
6450,0.902169
6451,0.852436
6452,0.658848
6453,0.850875
6454,0.66364
6455,0.861176
6456,0.051965
6457,0.648322
6458,0.539937
6459,0.982778
6460,0.678557
6461,0.665726
6462,0.675258
6463,0.578595
6464,0.789468
6465,0.866089
6466,0.744796
6467,0.975943
6468,0.794994
6469,0.995423
6470,0.749964
6471,0.634105
6472,0.863303
6473,0.640375
6474,0.941258
6475,0.677015
6476,0.878098
6477,0.822603
6478,0.6028
6479,0.600533
6480,0.647963
6481,0.881338
6482,0.978391
6483,0.573837
6484,0.745076
6485,0.619414
6486,0.81177
6487,0.820479
6488,0.847353
6489,0.741109
6490,0.919125
6491,0.872749
6492,0.668801
6493,0.954564
6494,0.835134
6495,0.871779
6496,0.939182
6497,0.949584
6498,0.184695
6499,0.664572
6500,0.812759
6501,0.504518
6502,0.135081
6503,0.485444
6504,0.849889
6505,0.676363
6506,0.48593
6507,0.45922
6508,0.958514
6509,0.809647
6510,0.882431
6511,0.775725
6512,0.784846
6513,0.741097
6514,0.38756
6515,0.401461
6516,0.968023
6517,0.604007
6518,0.948277
6519,0.697709
6520,0.80647
6521,0.760708
6522,0.908624
6523,0.895222
6524,0.609452
6525,0.521455
6526,0.40147
6527,0.8639
6528,0.962949
6529,0.670551
6530,0.071973
6531,0.767626
6532,0.795509
6533,0.91429
6534,0.697996
6535,0.712439
6536,0.812498
6537,0.555822
6538,0.041268
6539,0.810299
6540,0.961019
6541,0.045478
6542,0.766374
6543,0.763801
6544,0.704493
6545,0.717102
6546,0.740802
6547,0.88279
6548,0.410704
6549,0.74267
6550,0.865635
6551,0.819925
6552,0.585442
6553,0.726044
6554,0.965158
6555,0.816087
6556,0.475633
6557,0.893884
6558,0.627341
6559,0.254162
6560,0.621118
6561,0.87929
6562,0.810265
6563,0.891778
6564,0.550329
6565,0.752484
6566,0.827182
6567,0.940431
6568,0.774046
6569,0.6301
6570,0.740904
6571,0.910541
6572,0.817731
6573,0.920906
6574,0.632834
6575,0.781642
6576,0.849886
6577,0.682639
6578,0.979088
6579,0.718015
6580,0.675108
6581,0.852417
6582,0.978204
6583,0.950456
6584,0.962025
6585,0.859021
6586,0.692448
6587,0.866769
6588,0.915208
6589,0.813342
6590,0.685357
6591,0.397215
6592,0.781819
6593,0.915677
6594,0.139144
6595,0.719169
6596,0.725159
6597,0.540089
6598,0.711693
6599,0.905501
6600,0.725726
6601,0.732055
6602,0.820509
6603,0.730755
6604,0.740572
6605,0.747556
6606,0.906344
6607,0.78257
6608,0.688697
6609,0.602034
6610,0.622279
6611,0.175741
6612,0.610475
6613,0.900438
6614,0.585845
6615,0.447721
6616,0.572354
6617,0.936341
6618,0.611635
6619,0.553595
6620,0.504926
6621,0.395573
6622,0.9032
6623,0.446552
6624,0.783136
6625,0.802128
6626,0.967104
6627,0.750117
6628,0.969391
6629,0.924333
6630,0.815104
6631,0.784964
6632,0.790073
6633,0.617542
6634,0.749851
6635,0.503938
6636,0.981399
6637,0.754491
6638,0.979091
6639,0.791268
6640,0.611379
6641,0.4024
6642,0.675081
6643,0.870631
6644,0.518767
6645,0.920517
6646,0.54599
6647,0.852592
6648,0.951062
6649,0.630646
6650,0.527786
6651,0.654086
6652,0.276893
6653,0.618691
6654,0.555173
6655,0.789421
6656,0.465098
6657,0.502751
6658,0.731518
6659,0.940344
6660,0.972892
6661,0.829927
6662,0.727715
6663,0.571937
6664,0.860318
6665,0.755841
6666,0.74946
6667,0.441428
6668,0.967329
6669,0.948082
6670,0.688123
6671,0.527573
6672,0.9685
6673,0.715069
6674,0.8764
6675,0.756169
6676,0.770153
6677,0.688171
6678,0.444883
6679,0.50126
6680,0.682027
6681,0.854463
6682,0.544393
6683,0.106299
6684,0.933693
6685,0.994683
6686,0.603046
6687,0.950895
6688,0.969565
6689,0.838788
6690,0.576407
6691,0.684547
6692,0.652023
6693,0.807039
6694,0.873574
6695,0.807883
6696,0.959126
6697,0.592074
6698,0.690885
6699,0.958008
6700,0.747042
6701,0.826508
6702,0.932022
6703,0.797571
6704,0.388913
6705,0.681922
6706,0.468278
6707,0.670496
6708,0.715607
6709,0.569166
6710,0.745511
6711,0.608372
6712,0.659315
6713,0.850239
6714,0.684394
6715,0.922819
6716,0.45721
6717,0.508694
6718,0.815428
6719,0.644843
6720,0.629582
6721,0.857254
6722,0.940727
6723,0.799795
6724,0.55941
6725,0.753379
6726,0.91697
6727,0.639915
6728,0.36186
6729,0.977705
6730,0.955639
6731,0.843418
6732,0.881409
6733,0.984355
6734,0.532526
6735,0.717581
6736,0.971638
6737,0.471536
6738,0.87711
6739,0.646302
6740,0.824778
6741,0.796067
6742,0.912723
6743,0.765063
6744,0.547357
6745,0.628848
6746,0.583915
6747,0.689906
6748,0.701805
6749,0.906085
6750,0.534973
6751,0.866435
6752,0.921933
6753,0.815935
6754,0.746307
6755,0.804529
6756,0.581963
6757,0.96862
6758,0.565145
6759,0.911302
6760,0.558405
6761,0.924181
6762,0.957885
6763,0.913272
6764,0.746316
6765,0.69304
6766,0.858258
6767,0.617719
6768,0.610997
6769,0.763637
6770,0.646159
6771,0.675025
6772,0.980427
6773,0.5149
6774,0.941731
6775,0.668401
6776,0.792062
6777,0.396333
6778,0.939665
6779,0.614109
6780,0.813819
6781,0.690825
6782,0.959164
6783,0.77226
6784,0.863584
6785,0.92796
6786,0.782658
6787,0.66518
6788,0.605463
6789,0.880287
6790,0.7472
6791,0.761883
6792,0.495591
6793,0.688707
6794,0.468035
6795,0.763197
6796,0.90925
6797,0.590631
6798,0.362523
6799,0.971307
6800,0.719786
6801,0.926163
6802,0.625129
6803,0.930733
6804,0.878029
6805,0.993205
6806,0.832992
6807,0.745501
6808,0.593968
6809,0.659395
6810,0.354955
6811,0.749815
6812,0.610465
6813,0.986382
6814,0.773649
6815,0.602088
6816,0.600226
6817,0.964259
6818,0.740045
6819,0.646291
6820,0.764721
6821,0.522581
6822,0.742125
6823,0.98257
6824,0.57603
6825,0.911224
6826,0.596352
6827,0.727865
6828,0.375351
6829,0.616947
6830,0.711174
6831,0.463504
6832,0.832056
6833,0.594272
6834,0.758658
6835,0.678386
6836,0.842961
6837,0.771508
6838,0.942966
6839,0.615351
6840,0.813125
6841,0.9836
6842,0.659064
6843,0.733314
6844,0.726645
6845,0.951812
6846,0.776904
6847,0.653058
6848,0.394554
6849,0.965015
6850,0.948538
6851,0.733562
6852,0.89891
6853,0.863876
6854,0.490097
6855,0.619347
6856,0.853333
6857,0.770342
6858,0.799271
6859,0.860248
6860,0.670303
6861,0.843005
6862,0.465212
6863,0.858083
6864,0.787323
6865,0.890334
6866,0.485145
6867,0.81169
6868,0.942121
6869,0.899231
6870,0.806951
6871,0.638289
6872,0.563688
6873,0.814435
6874,0.611777
6875,0.342794
6876,0.62052
6877,0.869135
6878,0.133843
6879,0.568816
6880,0.864636
6881,0.646028
6882,0.462164
6883,0.45716
6884,0.981734
6885,0.762201
6886,0.735897
6887,0.903254
6888,0.602832
6889,0.794101
6890,0.628586
6891,0.929814
6892,0.867958
6893,0.877413
6894,0.833654
6895,0.842617
6896,0.665094
6897,0.573916
6898,0.909447
6899,0.992556
6900,0.907133
6901,0.959558
6902,0.846988
6903,0.744322
6904,0.115121
6905,0.945323
6906,0.773191
6907,0.785094
6908,0.881347
6909,0.475127
6910,0.919081
6911,0.908584
6912,0.777271
6913,0.49118
6914,0.643076
6915,0.802702
6916,0.89563
6917,0.590543
6918,0.915849
6919,0.574257
6920,0.682175
6921,0.692266
6922,0.804541
6923,0.601779
6924,0.870973
6925,0.805061
6926,0.742114
6927,0.680047
6928,0.484855
6929,0.971735
6930,0.971736
6931,0.855319
6932,0.154811
6933,0.83932
6934,0.739017
6935,0.854869
6936,0.973515
6937,0.652527
6938,0.951701
6939,0.707809
6940,0.629011
6941,0.585163
6942,0.765875
6943,0.852123
6944,0.660895
6945,0.831959
6946,0.930796
6947,0.671032
6948,0.656788
6949,0.950244
6950,0.993948
6951,0.794763
6952,0.908924
6953,0.216937
6954,0.829081
6955,0.925964
6956,0.746038
6957,0.673166
6958,0.521457
6959,0.95187
6960,0.789385
6961,0.785952
6962,0.74488
6963,0.819562
6964,0.92605
6965,0.80774
6966,0.690673
6967,0.508993
6968,0.949386
6969,0.839715
6970,0.903058
6971,0.959423
6972,0.800207
6973,0.852309
6974,0.945407
6975,0.740713
6976,0.516034
6977,0.634445
6978,0.718532
6979,0.856998
6980,0.88662
6981,0.92075
6982,0.458692
6983,0.839057
6984,0.834823
6985,0.660125
6986,0.325706
6987,0.85459
6988,0.667776
6989,0.536028
6990,0.988831
6991,0.877797
6992,0.570664
6993,0.472462
6994,0.932224
6995,0.228312
6996,0.676422
6997,0.673168
6998,0.600202
6999,0.505662
7000,0.536031
7001,0.88487
7002,0.937262
7003,0.500392
7004,0.723486
7005,0.801075
7006,0.684216
7007,0.633635
7008,0.696226
7009,0.71702
7010,0.854306
7011,0.832453
7012,0.86778
7013,0.694468
7014,0.941811
7015,0.928578
7016,0.427809
7017,0.091834
7018,0.570363
7019,0.731162
7020,0.926906
7021,0.867513
7022,0.63008
7023,0.911138
7024,0.91644
7025,0.743208
7026,0.833186
7027,0.809986
7028,0.59569
7029,0.758845
7030,0.832096
7031,0.647796
7032,0.227685
7033,0.639756
7034,0.661147
7035,0.907067
7036,0.633755
7037,0.589081
7038,0.737315
7039,0.460408
7040,0.721915
7041,0.783059
7042,0.910338
7043,0.626194
7044,0.812943
7045,0.837716
7046,0.591599
7047,0.494774
7048,0.790441
7049,0.886138
7050,0.804339
7051,0.967779
7052,0.887015
7053,0.548199
7054,0.847497
7055,0.908625
7056,0.931215
7057,0.38243
7058,0.913176
7059,0.336685
7060,0.780933
7061,0.899931
7062,0.915957
7063,0.915716
7064,0.662251
7065,0.370035
7066,0.677874
7067,0.548196
7068,0.847722
7069,0.547205
7070,0.893814
7071,0.793652
7072,0.753435
7073,0.563893
7074,0.90632
7075,0.975696
7076,0.606181
7077,0.524935
7078,0.791373
7079,0.552247
7080,0.755502
7081,0.593567
7082,0.986202
7083,0.878039
7084,0.819755
7085,0.707884
7086,0.701638
7087,0.982055
7088,0.787321
7089,0.882914
7090,0.473442
7091,0.474126
7092,0.886034
7093,0.860317
7094,0.809899
7095,0.86543
7096,0.757849
7097,0.775711
7098,0.65954
7099,0.924278
7100,0.964813
7101,0.847308
7102,0.495681
7103,0.760367
7104,0.992061
7105,0.625214
7106,0.721748
7107,0.600156
7108,0.964577
7109,0.597634
7110,0.573419
7111,0.815391
7112,0.748719
7113,0.760976
7114,0.761967
7115,0.952065
7116,0.664787
7117,0.7761
7118,0.91495
7119,0.83255
7120,0.594743
7121,0.833284
7122,0.079129
7123,0.7757
7124,0.897377
7125,0.722459
7126,0.426677
7127,0.764578
7128,0.681596
7129,0.062235
7130,0.815075
7131,0.895411
7132,0.612269
7133,0.491118
7134,0.710361
7135,0.520402
7136,0.726851
7137,0.828376
7138,0.67101
7139,0.939538
7140,0.874802
7141,0.61319
7142,0.392525
7143,0.968961
7144,0.873848
7145,0.701024
7146,0.756379
7147,0.644693
7148,0.893849
7149,0.620927
7150,0.899347
7151,0.745432
7152,0.704582
7153,0.943886
7154,0.578218
7155,0.541143
7156,0.481934
7157,0.878342
7158,0.782953
7159,0.933334
7160,0.432824
7161,0.74558
7162,0.401071
7163,0.773116
7164,0.587996
7165,0.817102
7166,0.670878
7167,0.757759
7168,0.852735
7169,0.735198
7170,0.487972
7171,0.505423
7172,0.681958
7173,0.58383
7174,0.855269
7175,0.450658
7176,0.548664
7177,0.542122
7178,0.916164
7179,0.676288
7180,0.387128
7181,0.910484
7182,0.14996
7183,0.836784
7184,0.79202
7185,0.77579
7186,0.729242
7187,0.733926
7188,0.544083
7189,0.685893
7190,0.634114
7191,0.878495
7192,0.807008
7193,0.627236
7194,0.986915
7195,0.79271
7196,0.96697
7197,0.924111
7198,0.950925
7199,0.946157
7200,0.908336
7201,0.553946
7202,0.625638
7203,0.908041
7204,0.707536
7205,0.648212
7206,0.918066
7207,0.734536
7208,0.73279
7209,0.650043
7210,0.949236
7211,0.728396
7212,0.648418
7213,0.590883
7214,0.3467
7215,0.756814
7216,0.820301
7217,0.50567
7218,0.504406
7219,0.446755
7220,0.884979
7221,0.696442
7222,0.896956
7223,0.750437
7224,0.856347
7225,0.551634
7226,0.610371
7227,0.609167
7228,0.767042
7229,0.833016
7230,0.515613
7231,0.47198
7232,0.900933
7233,0.881646
7234,0.965858
7235,0.651522
7236,0.898537
7237,0.766514
7238,0.494093
7239,0.591344
7240,0.598582
7241,0.622298
7242,0.277592
7243,0.961331
7244,0.804228
7245,0.550452
7246,0.60683
7247,0.96302
7248,0.908066
7249,0.92763
7250,0.444105
7251,0.909786
7252,0.790552
7253,0.287765
7254,0.946937
7255,0.805619
7256,0.951148
7257,0.852983
7258,0.508034
7259,0.664583
7260,0.865169
7261,0.879387
7262,0.668778
7263,0.705733
7264,0.799633
7265,0.806719
7266,0.526229
7267,0.782874
7268,0.490528
7269,0.612448
7270,0.888759
7271,0.555163
7272,0.945299
7273,0.720944
7274,0.580289
7275,0.757393
7276,0.693444
7277,0.830718
7278,0.486238
7279,0.350629
7280,0.801936
7281,0.802493
7282,0.766222
7283,0.712502
7284,0.782548
7285,0.631135
7286,0.779813
7287,0.97596
7288,0.986973
7289,0.652932
7290,0.988366
7291,0.925303
7292,0.77539
7293,0.58442
7294,0.833594
7295,0.633773
7296,0.73262
7297,0.698836
7298,0.820175
7299,0.664256
7300,0.693432
7301,0.836122
7302,0.919648
7303,0.811492
7304,0.825087
7305,0.651616
7306,0.798851
7307,0.935335
7308,0.884043
7309,0.935051
7310,0.970592
7311,0.947781
7312,0.502519
7313,0.826825
7314,0.934285
7315,0.813925
7316,0.375405
7317,0.666007
7318,0.851084
7319,0.70923
7320,0.843754
7321,0.837348
7322,0.968349
7323,0.827924
7324,0.604756
7325,0.690919
7326,0.659327
7327,0.653389
7328,0.952704
7329,0.65032
7330,0.974047
7331,0.709307
7332,0.774197
7333,0.838118
7334,0.070088
7335,0.547581
7336,0.659347
7337,0.874573
7338,0.766862
7339,0.433924
7340,0.645009
7341,0.58358
7342,0.658069
7343,0.629036
7344,0.894451
7345,0.68447
7346,0.316992
7347,0.881872
7348,0.701896
7349,0.543104
7350,0.857634
7351,0.921049
7352,0.722978
7353,0.87033
7354,0.693248
7355,0.8925
7356,0.642906
7357,0.664753
7358,0.632823
7359,0.841714
7360,0.582995
7361,0.711677
7362,0.44153
7363,0.205747
7364,0.957891
7365,0.687645
7366,0.627121
7367,0.589082
7368,0.866057
7369,0.885892
7370,0.399343
7371,0.722963
7372,0.870057
7373,0.932778
7374,0.865832
7375,0.709333
7376,0.434021
7377,0.598515
7378,0.897875
7379,0.867892
7380,0.99143
7381,0.877457
7382,0.522524
7383,0.136108
7384,0.901662
7385,0.634326
7386,0.713793
7387,0.928257
7388,0.439723
7389,0.610363
7390,0.723784
7391,0.693809
7392,0.641221
7393,0.480381
7394,0.822351
7395,0.931435
7396,0.108224
7397,0.693719
7398,0.96616
7399,0.953983
7400,0.975558
7401,0.910207
7402,0.775036
7403,0.248296
7404,0.478118
7405,0.782954
7406,0.611631
7407,0.250226
7408,0.884998
7409,0.748384
7410,0.650912
7411,0.698397
7412,0.96383
7413,0.743795
7414,0.794572
7415,0.702468
7416,0.426411
7417,0.950573
7418,0.769115
7419,0.829845
7420,0.896356
7421,0.703535
7422,0.702022
7423,0.954987
7424,0.911021
7425,0.877079
7426,0.516856
7427,0.822734
7428,0.650595
7429,0.648641
7430,0.64997
7431,0.978752
7432,0.808959
7433,0.954175
7434,0.899374
7435,0.907582
7436,0.982358
7437,0.604671
7438,0.906234
7439,0.938463
7440,0.589575
7441,0.844531
7442,0.964988
7443,0.364655
7444,0.819087
7445,0.316952
7446,0.469827
7447,0.868691
7448,0.611359
7449,0.965352
7450,0.961066
7451,0.823759
7452,0.199656
7453,0.993582
7454,0.532924
7455,0.709484
7456,0.304521
7457,0.823504
7458,0.677584
7459,0.778768
7460,0.918093
7461,0.86632
7462,0.505526
7463,0.833202
7464,0.9878
7465,0.946673
7466,0.535923
7467,0.657422
7468,0.19894
7469,0.865193
7470,0.953676
7471,0.66043
7472,0.620913
7473,0.872479
7474,0.738539
7475,0.993508
7476,0.718127
7477,0.601263
7478,0.316142
7479,0.9414
7480,0.805069
7481,0.648273
7482,0.855849
7483,0.976327
7484,0.623778
7485,0.443447
7486,0.692149
7487,0.613886
7488,0.965866
7489,0.855375
7490,0.522612
7491,0.90447
7492,0.701557
7493,0.673937
7494,0.87085
7495,0.455615
7496,0.897729
7497,0.604895
7498,0.824922
7499,0.445876
7500,0.900498
7501,0.621757
7502,0.959822
7503,0.923333
7504,0.947674
7505,0.819872
7506,0.922485
7507,0.887573
7508,0.484319
7509,0.112082
7510,0.387295
7511,0.478937
7512,0.770466
7513,0.931421
7514,0.579925
7515,0.570835
7516,0.944162
7517,0.631886
7518,0.605544
7519,0.920965
7520,0.86661
7521,0.604371
7522,0.828259
7523,0.561777
7524,0.740492
7525,0.807336
7526,0.847615
7527,0.608638
7528,0.627983
7529,0.579565
7530,0.739212
7531,0.703789
7532,0.118863
7533,0.958637
7534,0.729629
7535,0.866936
7536,0.712752
7537,0.941656
7538,0.955304
7539,0.509253
7540,0.511376
7541,0.718817
7542,0.536781
7543,0.825129
7544,0.974511
7545,0.427687
7546,0.669084
7547,0.83246
7548,0.765486
7549,0.855429
7550,0.618251
7551,0.555915
7552,0.630272
7553,0.75998
7554,0.823605
7555,0.751884
7556,0.483576
7557,0.582209
7558,0.711727
7559,0.754092
7560,0.259623
7561,0.979289
7562,0.869603
7563,0.955949
7564,0.53767
7565,0.95297
7566,0.722459
7567,0.699335
7568,0.905784
7569,0.787609
7570,0.709897
7571,0.5059
7572,0.569256
7573,0.756333
7574,0.599237
7575,0.610662
7576,0.196382
7577,0.261305
7578,0.86415
7579,0.782067
7580,0.61483
7581,0.945665
7582,0.366687
7583,0.670017
7584,0.608699
7585,0.764067
7586,0.684902
7587,0.956255
7588,0.852664
7589,0.60626
7590,0.9811
7591,0.72531
7592,0.75627
7593,0.86388
7594,0.463095
7595,0.507405
7596,0.476614
7597,0.437421
7598,0.624821
7599,0.800812
7600,0.668991
7601,0.788893
7602,0.914143
7603,0.87723
7604,0.780651
7605,0.607249
7606,0.452797
7607,0.939457
7608,0.846454
7609,0.914606
7610,0.605822
7611,0.710163
7612,0.690569
7613,0.833548
7614,0.667283
7615,0.601079
7616,0.574819
7617,0.75621
7618,0.748626
7619,0.648423
7620,0.637164
7621,0.851575
7622,0.549084
7623,0.911036
7624,0.623317
7625,0.270873
7626,0.816516
7627,0.713134
7628,0.458558
7629,0.793455
7630,0.94014
7631,0.984491
7632,0.70445
7633,0.774978
7634,0.894959
7635,0.586739
7636,0.544447
7637,0.728001
7638,0.911923
7639,0.085631
7640,0.630697
7641,0.712185
7642,0.25703
7643,0.066165
7644,0.894446
7645,0.836947
7646,0.836915
7647,0.329935
7648,0.657698
7649,0.697288
7650,0.895953
7651,0.845567
7652,0.854683
7653,0.649354
7654,0.668426
7655,0.986494
7656,0.411379
7657,0.774924
7658,0.790822
7659,0.872315
7660,0.755329
7661,0.95779
7662,0.569261
7663,0.514618
7664,0.810701
7665,0.784932
7666,0.507969
7667,0.24927
7668,0.924078
7669,0.773326
7670,0.959634
7671,0.750759
7672,0.349027
7673,0.57594
7674,0.870811
7675,0.674169
7676,0.688169
7677,0.897411
7678,0.460228
7679,0.560637
7680,0.889514
7681,0.778949
7682,0.687529
7683,0.770479
7684,0.493834
7685,0.542306
7686,0.869263
7687,0.580419
7688,0.835657
7689,0.783229
7690,0.767364
7691,0.648108
7692,0.117629
7693,0.973019
7694,0.958259
7695,0.895847
7696,0.765782
7697,0.979524
7698,0.873704
7699,0.494929
7700,0.802839
7701,0.150685
7702,0.812363
7703,0.670174
7704,0.715388
7705,0.737744
7706,0.715156
7707,0.788789
7708,0.886513
7709,0.694378
7710,0.506031
7711,0.286239
7712,0.710927
7713,0.981247
7714,0.620815
7715,0.527236
7716,0.636098
7717,0.467415
7718,0.506139
7719,0.453871
7720,0.785367
7721,0.597481
7722,0.513638
7723,0.653257
7724,0.916157
7725,0.51431
7726,0.880236
7727,0.884901
7728,0.960659
7729,0.706636
7730,0.901424
7731,0.64811
7732,0.590387
7733,0.499904
7734,0.726608
7735,0.817641
7736,0.676754
7737,0.94912
7738,0.897796
7739,0.755325
7740,0.712983
7741,0.618275
7742,0.889196
7743,0.678549
7744,0.520832
7745,0.791271
7746,0.443496
7747,0.888614
7748,0.966531
7749,0.403919
7750,0.333693
7751,0.688352
7752,0.760839
7753,0.808298
7754,0.262954
7755,0.816382
7756,0.71808
7757,0.776131
7758,0.659386
7759,0.925707
7760,0.746973
7761,0.758433
7762,0.950529
7763,0.984193
7764,0.760791
7765,0.219926
7766,0.677121
7767,0.51294
7768,0.613034
7769,0.729049
7770,0.747708
7771,0.412116
7772,0.495328
7773,0.843865
7774,0.968381
7775,0.901367
7776,0.887025
7777,0.90015
7778,0.741394
7779,0.949898
7780,0.871991
7781,0.861957
7782,0.67449
7783,0.928774
7784,0.693836
7785,0.725262
7786,0.797335
7787,0.66062
7788,0.824473
7789,0.928937
7790,0.749972
7791,0.771168
7792,0.941867
7793,0.793692
7794,0.593804
7795,0.513837
7796,0.945807
7797,0.334889
7798,0.915062
7799,0.920203
7800,0.621523
7801,0.668665
7802,0.676902
7803,0.726937
7804,0.747896
7805,0.690748
7806,0.714337
7807,0.778777
7808,0.080936
7809,0.257387
7810,0.712205
7811,0.874113
7812,0.48217
7813,0.554334
7814,0.532976
7815,0.958777
7816,0.727323
7817,0.864114
7818,0.962186
7819,0.736662
7820,0.607446
7821,0.602213
7822,0.697626
7823,0.616959
7824,0.707187
7825,0.675073
7826,0.900424
7827,0.501291
7828,0.831209
7829,0.689717
7830,0.661763
7831,0.847666
7832,0.966221
7833,0.686781
7834,0.547379
7835,0.428989
7836,0.881557
7837,0.680815
7838,0.644361
7839,0.722275
7840,0.743297
7841,0.508745
7842,0.709106
7843,0.71591
7844,0.896193
7845,0.898152
7846,0.909503
7847,0.9244
7848,0.567252
7849,0.285145
7850,0.683525
7851,0.863584
7852,0.693569
7853,0.824168
7854,0.385709
7855,0.943288
7856,0.741003
7857,0.543471
7858,0.740226
7859,0.755287
7860,0.659456
7861,0.840996
7862,0.863161
7863,0.195186
7864,0.339097
7865,0.683083
7866,0.597447
7867,0.827417
7868,0.863037
7869,0.682471
7870,0.721772
7871,0.898289
7872,0.658774
7873,0.050601
7874,0.985839
7875,0.367451
7876,0.961595
7877,0.699578
7878,0.541128
7879,0.535486
7880,0.948363
7881,0.892565
7882,0.629187
7883,0.64058
7884,0.827159
7885,0.844703
7886,0.942653
7887,0.482891
7888,0.748145
7889,0.753873
7890,0.804587
7891,0.644653
7892,0.988653
7893,0.827151
7894,0.673624
7895,0.386583
7896,0.64021
7897,0.535642
7898,0.087748
7899,0.864448
7900,0.826691
7901,0.931735
7902,0.909323
7903,0.777656
7904,0.685715
7905,0.765413
7906,0.606659
7907,0.111083
7908,0.596261
7909,0.777795
7910,0.665927
7911,0.945776
7912,0.836208
7913,0.546416
7914,0.731404
7915,0.799387
7916,0.836719
7917,0.662453
7918,0.563928
7919,0.705447
7920,0.882638
7921,0.453464
7922,0.663881
7923,0.855858
7924,0.460219
7925,0.478462
7926,0.758238
7927,0.583675
7928,0.658702
7929,0.863922
7930,0.079267
7931,0.442694
7932,0.746555
7933,0.919477
7934,0.925279
7935,0.579322
7936,0.652439
7937,0.583861
7938,0.574813
7939,0.580573
7940,0.843524
7941,0.671949
7942,0.325121
7943,0.927567
7944,0.770679
7945,0.676714
7946,0.853336
7947,0.751632
7948,0.506367
7949,0.949341
7950,0.985822
7951,0.968165
7952,0.083603
7953,0.899725
7954,0.448117
7955,0.606051
7956,0.495131
7957,0.93521
7958,0.949849
7959,0.56925
7960,0.830313
7961,0.885888
7962,0.701356
7963,0.928201
7964,0.901838
7965,0.860237
7966,0.900051
7967,0.923936
7968,0.589849
7969,0.804496
7970,0.644277
7971,0.857326
7972,0.810603
7973,0.586432
7974,0.582895
7975,0.870164
7976,0.709059
7977,0.67408
7978,0.840881
7979,0.57549
7980,0.749307
7981,0.996196
7982,0.709238
7983,0.626302
7984,0.972523
7985,0.942798
7986,0.651071
7987,0.866902
7988,0.947042
7989,0.653282
7990,0.786763
7991,0.686817
7992,0.714768
7993,0.753013
7994,0.112144
7995,0.079021
7996,0.936666
7997,0.689125
7998,0.625358
7999,0.558542
8000,0.737273
8001,0.748877
8002,0.661432
8003,0.833081
8004,0.65728
8005,0.783815
8006,0.890986
8007,0.697592
8008,0.75723
8009,0.769374
8010,0.88698
8011,0.817817
8012,0.729579
8013,0.745819
8014,0.565287
8015,0.931761
8016,0.737117
8017,0.897354
8018,0.718409
8019,0.494677
8020,0.869255
8021,0.402
8022,0.767821
8023,0.886471
8024,0.046869
8025,0.525279
8026,0.84601
8027,0.985004
8028,0.725728
8029,0.970946
8030,0.892764
8031,0.710182
8032,0.292827
8033,0.577877
8034,0.553158
8035,0.708823
8036,0.600822
8037,0.841768
8038,0.713014
8039,0.888504
8040,0.978635
8041,0.876379
8042,0.599333
8043,0.569528
8044,0.924025
8045,0.603109
8046,0.797066
8047,0.830571
8048,0.730143
8049,0.423063
8050,0.718388
8051,0.769582
8052,0.695783
8053,0.571581
8054,0.75072
8055,0.448681
8056,0.699533
8057,0.809802
8058,0.682082
8059,0.718505
8060,0.256515
8061,0.873352
8062,0.591122
8063,0.918627
8064,0.885593
8065,0.513232
8066,0.972919
8067,0.20828
8068,0.241874
8069,0.707598
8070,0.630243
8071,0.963667
8072,0.816503
8073,0.976098
8074,0.804853
8075,0.866357
8076,0.48027
8077,0.928402
8078,0.967466
8079,0.808608
8080,0.69153
8081,0.879848
8082,0.900445
8083,0.905476
8084,0.620282
8085,0.789027
8086,0.7623
8087,0.982699
8088,0.109349
8089,0.755853
8090,0.77657
8091,0.637655
8092,0.697456
8093,0.72628
8094,0.845186
8095,0.697371
8096,0.724636
8097,0.980475
8098,0.885496
8099,0.60263
8100,0.675641
8101,0.711716
8102,0.681056
8103,0.777692
8104,0.581553
8105,0.923461
8106,0.537285
8107,0.512232
8108,0.499981
8109,0.899439
8110,0.80015
8111,0.227562
8112,0.598384
8113,0.455929
8114,0.992702
8115,0.944501
8116,0.799552
8117,0.978756
8118,0.84887
8119,0.706103
8120,0.98922
8121,0.98503
8122,0.882578
8123,0.770189
8124,0.429816
8125,0.360912
8126,0.526003
8127,0.43713
8128,0.279505
8129,0.803999
8130,0.677274
8131,0.773548
8132,0.615877
8133,0.604792
8134,0.867776
8135,0.903428
8136,0.358659
8137,0.740057
8138,0.624768
8139,0.526691
8140,0.890308
8141,0.643144
8142,0.540044
8143,0.603417
8144,0.898561
8145,0.313229
8146,0.698639
8147,0.881224
8148,0.969258
8149,0.890009
8150,0.441649
8151,0.812
8152,0.962137
8153,0.804783
8154,0.967244
8155,0.919431
8156,0.954071
8157,0.766608
8158,0.916041
8159,0.560955
8160,0.70357
8161,0.911655
8162,0.893171
8163,0.867122
8164,0.645314
8165,0.571092
8166,0.561625
8167,0.447275
8168,0.671655
8169,0.963983
8170,0.80992
8171,0.806126
8172,0.975888
8173,0.331274
8174,0.691103
8175,0.477951
8176,0.430347
8177,0.602399
8178,0.760855
8179,0.467205
8180,0.904133
8181,0.96946
8182,0.930701
8183,0.580683
8184,0.729407
8185,0.779534
8186,0.801685
8187,0.846791
8188,0.761485
8189,0.612845
8190,0.837798
8191,0.867089
8192,0.862649
8193,0.857401
8194,0.523168
8195,0.70276
8196,0.756412
8197,0.632324
8198,0.765202
8199,0.415262
8200,0.547819
8201,0.63784
8202,0.891365
8203,0.663693
8204,0.958957
8205,0.764744
8206,0.095132
8207,0.534068
8208,0.84824
8209,0.952599
8210,0.129506
8211,0.836342
8212,0.724916
8213,0.744833
8214,0.712386
8215,0.964763
8216,0.663828
8217,0.803825
8218,0.570185
8219,0.810914
8220,0.927793
8221,0.865181
8222,0.731167
8223,0.886425
8224,0.510324
8225,0.829086
8226,0.730075
8227,0.902411
8228,0.541839
8229,0.82501
8230,0.642344
8231,0.7355
8232,0.859658
8233,0.903737
8234,0.956705
8235,0.933746
8236,0.972914
8237,0.458459
8238,0.776845
8239,0.939495
8240,0.64607
8241,0.4753
8242,0.566195
8243,0.880615
8244,0.980422
8245,0.850674
8246,0.975984
8247,0.729679
8248,0.990988
8249,0.080525
8250,0.886817
8251,0.971667
8252,0.4608
8253,0.594232
8254,0.508223
8255,0.393811
8256,0.69721
8257,0.823296
8258,0.751236
8259,0.344937
8260,0.905252
8261,0.837851
8262,0.827092
8263,0.716687
8264,0.511958
8265,0.390933
8266,0.620686
8267,0.48265
8268,0.861755
8269,0.847285
8270,0.618741
8271,0.979996
8272,0.739232
8273,0.896889
8274,0.887443
8275,0.836873
8276,0.885188
8277,0.57085
8278,0.651366
8279,0.718652
8280,0.821246
8281,0.813208
8282,0.844824
8283,0.604465
8284,0.631308
8285,0.810259
8286,0.604989
8287,0.830588
8288,0.234479
8289,0.984831
8290,0.702391
8291,0.62988
8292,0.155405
8293,0.615361
8294,0.838913
8295,0.09121
8296,0.932702
8297,0.754869
8298,0.731658
8299,0.762388
8300,0.777108
8301,0.607799
8302,0.604095
8303,0.398306
8304,0.963766
8305,0.706191
8306,0.796198
8307,0.794786
8308,0.650444
8309,0.985446
8310,0.804885
8311,0.753131
8312,0.874354
8313,0.906343
8314,0.833193
8315,0.464343
8316,0.911943
8317,0.963266
8318,0.717367
8319,0.605835
8320,0.412579
8321,0.965146
8322,0.934858
8323,0.883398
8324,0.790353
8325,0.450768
8326,0.68284
8327,0.615605
8328,0.112802
8329,0.681039
8330,0.989203
8331,0.969945
8332,0.752449
8333,0.983284
8334,0.760541
8335,0.654149
8336,0.727376
8337,0.728886
8338,0.576913
8339,0.929563
8340,0.715318
8341,0.905798
8342,0.93768
8343,0.439661
8344,0.760049
8345,0.72768
8346,0.7145
8347,0.786214
8348,0.782007
8349,0.930405
8350,0.343675
8351,0.752915
8352,0.54367
8353,0.558963
8354,0.906662
8355,0.500461
8356,0.624715
8357,0.325172
8358,0.797586
8359,0.624696
8360,0.791382
8361,0.970708
8362,0.693357
8363,0.508047
8364,0.436878
8365,0.774248
8366,0.801123
8367,0.530651
8368,0.583824
8369,0.718058
8370,0.761475
8371,0.3934
8372,0.822454
8373,0.806479
8374,0.729564
8375,0.709129
8376,0.934646
8377,0.927439
8378,0.858221
8379,0.823873
8380,0.63747
8381,0.7176
8382,0.631555
8383,0.804675
8384,0.744711
8385,0.92448
8386,0.853816
8387,0.358449
8388,0.815349
8389,0.643141
8390,0.990865
8391,0.874249
8392,0.813635
8393,0.637548
8394,0.549289
8395,0.616913
8396,0.975592
8397,0.651604
8398,0.862533
8399,0.844999
8400,0.669699
8401,0.849932
8402,0.878359
8403,0.534558
8404,0.985137
8405,0.406877
8406,0.850716
8407,0.603402
8408,0.950528
8409,0.709951
8410,0.809716
8411,0.804312
8412,0.780996
8413,0.345343
8414,0.953315
8415,0.800616
8416,0.773918
8417,0.234804
8418,0.800326
8419,0.749796
8420,0.825841
8421,0.810151
8422,0.615212
8423,0.804996
8424,0.570702
8425,0.931293
8426,0.777884
8427,0.662093
8428,0.501754
8429,0.68903
8430,0.599063
8431,0.656226
8432,0.797868
8433,0.818135
8434,0.80224
8435,0.732646
8436,0.701636
8437,0.561016
8438,0.784512
8439,0.464569
8440,0.742186
8441,0.765048
8442,0.803778
8443,0.91296
8444,0.919514
8445,0.522645
8446,0.848885
8447,0.839006
8448,0.889059
8449,0.606568
8450,0.328229
8451,0.724123
8452,0.451421
8453,0.629705
8454,0.812032
8455,0.79399
8456,0.721387
8457,0.583242
8458,0.879547
8459,0.856019
8460,0.710554
8461,0.882397
8462,0.707964
8463,0.729704
8464,0.942076
8465,0.783067
8466,0.444659
8467,0.950671
8468,0.988492
8469,0.467201
8470,0.549793
8471,0.967174
8472,0.539682
8473,0.81804
8474,0.897407
8475,0.678348
8476,0.571902
8477,0.886494
8478,0.906599
8479,0.530852
8480,0.663402
8481,0.626042
8482,0.508597
8483,0.569659
8484,0.676614
8485,0.628726
8486,0.955827
8487,0.854453
8488,0.241228
8489,0.756503
8490,0.756714
8491,0.972807
8492,0.49417
8493,0.643245
8494,0.527869
8495,0.833581
8496,0.459312
8497,0.633372
8498,0.594598
8499,0.555473
8500,0.415319
8501,0.678959
8502,0.804087
8503,0.674763
8504,0.648797
8505,0.908766
8506,0.241493
8507,0.948124
8508,0.656588
8509,0.988956
8510,0.79784
8511,0.06147
8512,0.799445
8513,0.80985
8514,0.388834
8515,0.879295
8516,0.62668
8517,0.47354
8518,0.694885
8519,0.795731
8520,0.630566
8521,0.725551
8522,0.743088
8523,0.298303
8524,0.664751
8525,0.98668
8526,0.122488
8527,0.674196
8528,0.565941
8529,0.828645
8530,0.391118
8531,0.500206
8532,0.688945
8533,0.759602
8534,0.826714
8535,0.784596
8536,0.783741
8537,0.490138
8538,0.661656
8539,0.698782
8540,0.747202
8541,0.0518
8542,0.977495
8543,0.90229
8544,0.755314
8545,0.962844
8546,0.868577
8547,0.667309
8548,0.681701
8549,0.883133
8550,0.807091
8551,0.714331
8552,0.545681
8553,0.103397
8554,0.891006
8555,0.916668
8556,0.639138
8557,0.714866
8558,0.752083
8559,0.37715
8560,0.923529
8561,0.716485
8562,0.809243
8563,0.951978
8564,0.865023
8565,0.273584
8566,0.990449
8567,0.715479
8568,0.908628
8569,0.893129
8570,0.970937
8571,0.766421
8572,0.908153
8573,0.807529
8574,0.70592
8575,0.785397
8576,0.678458
8577,0.680651
8578,0.870722
8579,0.812161
8580,0.697529
8581,0.819952
8582,0.684811
8583,0.919506
8584,0.728221
8585,0.826447
8586,0.293829
8587,0.685735
8588,0.5046
8589,0.646027
8590,0.90059
8591,0.853491
8592,0.984023
8593,0.971806
8594,0.724037
8595,0.878814
8596,0.748209
8597,0.992174
8598,0.528898
8599,0.926726
8600,0.886245
8601,0.524026
8602,0.077308
8603,0.658504
8604,0.951689
8605,0.841587
8606,0.57325
8607,0.580608
8608,0.620283
8609,0.910171
8610,0.799226
8611,0.643713
8612,0.712753
8613,0.731239
8614,0.789843
8615,0.702125
8616,0.660332
8617,0.596794
8618,0.854549
8619,0.79732
8620,0.630081
8621,0.674388
8622,0.553302
8623,0.771253
8624,0.658214
8625,0.646409
8626,0.750441
8627,0.708972
8628,0.488811
8629,0.767895
8630,0.778773
8631,0.81767
8632,0.932331
8633,0.521007
8634,0.628295
8635,0.664624
8636,0.738829
8637,0.888792
8638,0.962797
8639,0.499642
8640,0.524922
8641,0.887991
8642,0.714819
8643,0.974196
8644,0.737934
8645,0.899944
8646,0.603103
8647,0.905317
8648,0.662595
8649,0.775428
8650,0.981088
8651,0.808583
8652,0.603991
8653,0.888575
8654,0.886215
8655,0.974031
8656,0.33753
8657,0.659987
8658,0.578849
8659,0.863178
8660,0.97779
8661,0.81573
8662,0.93059
8663,0.853366
8664,0.59304
8665,0.75711
8666,0.358547
8667,0.70253
8668,0.332818
8669,0.849115
8670,0.669708
8671,0.9681
8672,0.714105
8673,0.798942
8674,0.766897
8675,0.716828
8676,0.058656
8677,0.674081
8678,0.03973
8679,0.471585
8680,0.896567
8681,0.710654
8682,0.97267
8683,0.870788
8684,0.652336
8685,0.701303
8686,0.583469
8687,0.896077
8688,0.79744
8689,0.661285
8690,0.809435
8691,0.930926
8692,0.769518
8693,0.852976
8694,0.68424
8695,0.699281
8696,0.900409
8697,0.888851
8698,0.973772
8699,0.633512
8700,0.812758
8701,0.878185
8702,0.890726
8703,0.578663
8704,0.725146
8705,0.864338
8706,0.187315
8707,0.846747
8708,0.559763
8709,0.337593
8710,0.900528
8711,0.778742
8712,0.636881
8713,0.942112
8714,0.988167
8715,0.610155
8716,0.633128
8717,0.761461
8718,0.310694
8719,0.964583
8720,0.826357
8721,0.676304
8722,0.893269
8723,0.851565
8724,0.978512
8725,0.904179
8726,0.688302
8727,0.634609
8728,0.650302
8729,0.961002
8730,0.79754
8731,0.956429
8732,0.801518
8733,0.857072
8734,0.452473
8735,0.941712
8736,0.590335
8737,0.903723
8738,0.748101
8739,0.708494
8740,0.768206
8741,0.64975
8742,0.817144
8743,0.900934
8744,0.681783
8745,0.96966
8746,0.779004
8747,0.875596
8748,0.66861
8749,0.174505
8750,0.992229
8751,0.869907
8752,0.872354
8753,0.66577
8754,0.876856
8755,0.391629
8756,0.937668
8757,0.623434
8758,0.758549
8759,0.924426
8760,0.881063
8761,0.749837
8762,0.658787
8763,0.786926
8764,0.741731
8765,0.26562
8766,0.739675
8767,0.454577
8768,0.588847
8769,0.585153
8770,0.761693
8771,0.645938
8772,0.988261
8773,0.903075
8774,0.700544
8775,0.633715
8776,0.6652
8777,0.486204
8778,0.715658
8779,0.432803
8780,0.385629
8781,0.575639
8782,0.673524
8783,0.889635
8784,0.466584
8785,0.411125
8786,0.868926
8787,0.906782
8788,0.758191
8789,0.868447
8790,0.632281
8791,0.772232
8792,0.743854
8793,0.876341
8794,0.743744
8795,0.648526
8796,0.452281
8797,0.78475
8798,0.873148
8799,0.565341
8800,0.788187
8801,0.843532
8802,0.539483
8803,0.913696
8804,0.959703
8805,0.961057
8806,0.748848
8807,0.406918
8808,0.710462
8809,0.771391
8810,0.454518
8811,0.61582
8812,0.948683
8813,0.923941
8814,0.799001
8815,0.928658
8816,0.976045
8817,0.899647
8818,0.631174
8819,0.867245
8820,0.859986
8821,0.823919
8822,0.948381
8823,0.762298
8824,0.930863
8825,0.85456
8826,0.742676
8827,0.793957
8828,0.605163
8829,0.944045
8830,0.950022
8831,0.702098
8832,0.526486
8833,0.602743
8834,0.977717
8835,0.692215
8836,0.837882
8837,0.577038
8838,0.749988
8839,0.965372
8840,0.415515
8841,0.812389
8842,0.883685
8843,0.560793
8844,0.686113
8845,0.771027
8846,0.920998
8847,0.686223
8848,0.638181
8849,0.821379
8850,0.967836
8851,0.594602
8852,0.844722
8853,0.66953
8854,0.578083
8855,0.113512
8856,0.641843
8857,0.69726
8858,0.667316
8859,0.36787
8860,0.445344
8861,0.617339
8862,0.872149
8863,0.924203
8864,0.972739
8865,0.856619
8866,0.531979
8867,0.413298
8868,0.613565
8869,0.792742
8870,0.679836
8871,0.897097
8872,0.697927
8873,0.747552
8874,0.768774
8875,0.634687
8876,0.077601
8877,0.854022
8878,0.53635
8879,0.841875
8880,0.594221
8881,0.959349
8882,0.93499
8883,0.647437
8884,0.580264
8885,0.548129
8886,0.727174
8887,0.851529
8888,0.684548
8889,0.611268
8890,0.652118
8891,0.546666
8892,0.621497
8893,0.659263
8894,0.34509
8895,0.906324
8896,0.717085
8897,0.968997
8898,0.757486
8899,0.658444
8900,0.873663
8901,0.26231
8902,0.050951
8903,0.748291
8904,0.892425
8905,0.612792
8906,0.859104
8907,0.621999
8908,0.851007
8909,0.867141
8910,0.907503
8911,0.575647
8912,0.789317
8913,0.70647
8914,0.567408
8915,0.79868
8916,0.814284
8917,0.6869
8918,0.607674
8919,0.622537
8920,0.504748
8921,0.562759
8922,0.376855
8923,0.618039
8924,0.734234
8925,0.370581
8926,0.910632
8927,0.652003
8928,0.909825
8929,0.616133
8930,0.518957
8931,0.285934
8932,0.833242
8933,0.708948
8934,0.69187
8935,0.93645
8936,0.924155
8937,0.545678
8938,0.773991
8939,0.615487
8940,0.962088
8941,0.967151
8942,0.635611
8943,0.667512
8944,0.89241
8945,0.696952
8946,0.814468
8947,0.936057
8948,0.600073
8949,0.816012
8950,0.993435
8951,0.967844
8952,0.742148
8953,0.631706
8954,0.946245
8955,0.543197
8956,0.562933
8957,0.615745
8958,0.701566
8959,0.755505
8960,0.746117
8961,0.942717
8962,0.758805
8963,0.966691
8964,0.593733
8965,0.710558
8966,0.953425
8967,0.397055
8968,0.794117
8969,0.81152
8970,0.753772
8971,0.47574
8972,0.912067
8973,0.841667
8974,0.498955
8975,0.97409
8976,0.712629
8977,0.132327
8978,0.634586
8979,0.435455
8980,0.642283
8981,0.657123
8982,0.833174
8983,0.685279
8984,0.828831
8985,0.662688
8986,0.87162
8987,0.618486
8988,0.551828
8989,0.731068
8990,0.770368
8991,0.678097
8992,0.892773
8993,0.70076
8994,0.645752
8995,0.693915
8996,0.831454
8997,0.311425
8998,0.975873
8999,0.78882
9000,0.53261
9001,0.845978
9002,0.922149
9003,0.854089
9004,0.941934
9005,0.268564
9006,0.886993
9007,0.901918
9008,0.609531
9009,0.786585
9010,0.338076
9011,0.764969
9012,0.497005
9013,0.75965
9014,0.469979
9015,0.571212
9016,0.958158
9017,0.817071
9018,0.696991
9019,0.246033
9020,0.631538
9021,0.779655
9022,0.668104
9023,0.694408
9024,0.899664
9025,0.670454
9026,0.935065
9027,0.089476
9028,0.911306
9029,0.09206
9030,0.94859
9031,0.734638
9032,0.658029
9033,0.885308
9034,0.858204
9035,0.840185
9036,0.234524
9037,0.66134
9038,0.675981
9039,0.958805
9040,0.71803
9041,0.881671
9042,0.972157
9043,0.710762
9044,0.628295
9045,0.824678
9046,0.697546
9047,0.663829
9048,0.788309
9049,0.737099
9050,0.830774
9051,0.880627
9052,0.78935
9053,0.667329
9054,0.699148
9055,0.445027
9056,0.945645
9057,0.847024
9058,0.637201
9059,0.721229
9060,0.68705
9061,0.706495
9062,0.9801
9063,0.862835
9064,0.794114
9065,0.729562
9066,0.610713
9067,0.088572
9068,0.750489
9069,0.677079
9070,0.997645
9071,0.651702
9072,0.51026
9073,0.683918
9074,0.461852
9075,0.903306
9076,0.616785
9077,0.624272
9078,0.836704
9079,0.506472
9080,0.509668
9081,0.871097
9082,0.688797
9083,0.854947
9084,0.771298
9085,0.645925
9086,0.664646
9087,0.946571
9088,0.843657
9089,0.830176
9090,0.986443
9091,0.063109
9092,0.081277
9093,0.739439
9094,0.814864
9095,0.987381
9096,0.588168
9097,0.488573
9098,0.873535
9099,0.442758
9100,0.719931
9101,0.964331
9102,0.755194
9103,0.490054
9104,0.806959
9105,0.086674
9106,0.87182
9107,0.909329
9108,0.754286
9109,0.624226
9110,0.600574
9111,0.64986
9112,0.404158
9113,0.813634
9114,0.736997
9115,0.135368
9116,0.738617
9117,0.789501
9118,0.923988
9119,0.711588
9120,0.654971
9121,0.947368
9122,0.702144
9123,0.979429
9124,0.930837
9125,0.996429
9126,0.984924
9127,0.536265
9128,0.839127
9129,0.933262
9130,0.847478
9131,0.457943
9132,0.452117
9133,0.7774
9134,0.913963
9135,0.939311
9136,0.526355
9137,0.848155
9138,0.893574
9139,0.702138
9140,0.796337
9141,0.828399
9142,0.582489
9143,0.791764
9144,0.960297
9145,0.822032
9146,0.619919
9147,0.720132
9148,0.157765
9149,0.871332
9150,0.990839
9151,0.613904
9152,0.878349
9153,0.957227
9154,0.868915
9155,0.52538
9156,0.718822
9157,0.751081
9158,0.952712
9159,0.77524
9160,0.963837
9161,0.550633
9162,0.520793
9163,0.72026
9164,0.977792
9165,0.218497
9166,0.68344
9167,0.542828
9168,0.915269
9169,0.887544
9170,0.516788
9171,0.798647
9172,0.613162
9173,0.763385
9174,0.752126
9175,0.895331
9176,0.928352
9177,0.626525
9178,0.785935
9179,0.723314
9180,0.766089
9181,0.627995
9182,0.610319
9183,0.977518
9184,0.96657
9185,0.607701
9186,0.706573
9187,0.864786
9188,0.837285
9189,0.76142
9190,0.594298
9191,0.435514
9192,0.719304
9193,0.351875
9194,0.878653
9195,0.70979
9196,0.755476
9197,0.20421
9198,0.361353
9199,0.755141
9200,0.803228
9201,0.620004
9202,0.86804
9203,0.791928
9204,0.795672
9205,0.5021
9206,0.395539
9207,0.810803
9208,0.629089
9209,0.86053
9210,0.708206
9211,0.691911
9212,0.963501
9213,0.344953
9214,0.658777
9215,0.850089
9216,0.626564
9217,0.828707
9218,0.454567
9219,0.5499
9220,0.639563
9221,0.512037
9222,0.708582
9223,0.832145
9224,0.372825
9225,0.844661
9226,0.801783
9227,0.47939
9228,0.651989
9229,0.948445
9230,0.896155
9231,0.812894
9232,0.966525
9233,0.067172
9234,0.791565
9235,0.802396
9236,0.722471
9237,0.457106
9238,0.638954
9239,0.716908
9240,0.583808
9241,0.908816
9242,0.614614
9243,0.957318
9244,0.74458
9245,0.579749
9246,0.813649
9247,0.592624
9248,0.41781
9249,0.691266
9250,0.880639
9251,0.220999
9252,0.734759
9253,0.871449
9254,0.813471
9255,0.958481
9256,0.982312
9257,0.348329
9258,0.970966
9259,0.976039
9260,0.362342
9261,0.802186
9262,0.715141
9263,0.947019
9264,0.55017
9265,0.529328
9266,0.759075
9267,0.597344
9268,0.89538
9269,0.588074
9270,0.985714
9271,0.905357
9272,0.988943
9273,0.596129
9274,0.78032
9275,0.598531
9276,0.727101
9277,0.910292
9278,0.765123
9279,0.901203
9280,0.792604
9281,0.959804
9282,0.641988
9283,0.962636
9284,0.940831
9285,0.878995
9286,0.882779
9287,0.10068
9288,0.496551
9289,0.9488
9290,0.840458
9291,0.64442
9292,0.803452
9293,0.836601
9294,0.753742
9295,0.787886
9296,0.831246
9297,0.655016
9298,0.897208
9299,0.341521
9300,0.987614
9301,0.552953
9302,0.353692
9303,0.576896
9304,0.439846
9305,0.156127
9306,0.844425
9307,0.147518
9308,0.736687
9309,0.836606
9310,0.475463
9311,0.809697
9312,0.634003
9313,0.889887
9314,0.859416
9315,0.902809
9316,0.826214
9317,0.570809
9318,0.765714
9319,0.850317
9320,0.704675
9321,0.885603
9322,0.759009
9323,0.447117
9324,0.742524
9325,0.724703
9326,0.922992
9327,0.662058
9328,0.796563
9329,0.983277
9330,0.802389
9331,0.623827
9332,0.738031
9333,0.703422
9334,0.522037
9335,0.560036
9336,0.706329
9337,0.605244
9338,0.847288
9339,0.784501
9340,0.905076
9341,0.773779
9342,0.772463
9343,0.719711
9344,0.307361
9345,0.596121
9346,0.433056
9347,0.503108
9348,0.825211
9349,0.761826
9350,0.794797
9351,0.447317
9352,0.698244
9353,0.664027
9354,0.92148
9355,0.667842
9356,0.67086
9357,0.881437
9358,0.890014
9359,0.766226
9360,0.457771
9361,0.576934
9362,0.757447
9363,0.514711
9364,0.622515
9365,0.740047
9366,0.824946
9367,0.66098
9368,0.809708
9369,0.801588
9370,0.808067
9371,0.838589
9372,0.710355
9373,0.519923
9374,0.821228
9375,0.83797
9376,0.827353
9377,0.800374
9378,0.932059
9379,0.963955
9380,0.380172
9381,0.913994
9382,0.892434
9383,0.613879
9384,0.753755
9385,0.888592
9386,0.705563
9387,0.970109
9388,0.970878
9389,0.405583
9390,0.439626
9391,0.669886
9392,0.863234
9393,0.965602
9394,0.976857
9395,0.64775
9396,0.369006
9397,0.782956
9398,0.239359
9399,0.740424
9400,0.963172
9401,0.854711
9402,0.98832
9403,0.254532
9404,0.975605
9405,0.769643
9406,0.847188
9407,0.838499
9408,0.842878
9409,0.781768
9410,0.931418
9411,0.753621
9412,0.975947
9413,0.92218
9414,0.603032
9415,0.94909
9416,0.915342
9417,0.668103
9418,0.759865
9419,0.653384
9420,0.8993
9421,0.746847
9422,0.464172
9423,0.909095
9424,0.765511
9425,0.629077
9426,0.802395
9427,0.902257
9428,0.977242
9429,0.91803
9430,0.974709
9431,0.922842
9432,0.844163
9433,0.814861
9434,0.699499
9435,0.462291
9436,0.654011
9437,0.503064
9438,0.829779
9439,0.704083
9440,0.832866
9441,0.676302
9442,0.841833
9443,0.802129
9444,0.863897
9445,0.603179
9446,0.695032
9447,0.849439
9448,0.686796
9449,0.565135
9450,0.976184
9451,0.944437
9452,0.077383
9453,0.974643
9454,0.614563
9455,0.971624
9456,0.930381
9457,0.883439
9458,0.923343
9459,0.782294
9460,0.918347
9461,0.722187
9462,0.727465
9463,0.719556
9464,0.57934
9465,0.849648
9466,0.956678
9467,0.715798
9468,0.721303
9469,0.937919
9470,0.945626
9471,0.099583
9472,0.716595
9473,0.58766
9474,0.706827
9475,0.961485
9476,0.801818
9477,0.81252
9478,0.934194
9479,0.970668
9480,0.522874
9481,0.621543
9482,0.897999
9483,0.616827
9484,0.623253
9485,0.81698
9486,0.236632
9487,0.709256
9488,0.972071
9489,0.685487
9490,0.725932
9491,0.929991
9492,0.617599
9493,0.825536
9494,0.714312
9495,0.780536
9496,0.377891
9497,0.721559
9498,0.634155
9499,0.759425
9500,0.986646
9501,0.902122
9502,0.434279
9503,0.864066
9504,0.668469
9505,0.565194
9506,0.719961
9507,0.598309
9508,0.993945
9509,0.58984
9510,0.796121
9511,0.726615
9512,0.736406
9513,0.935496
9514,0.905245
9515,0.647116
9516,0.568888
9517,0.452773
9518,0.791446
9519,0.686604
9520,0.882042
9521,0.796775
9522,0.744366
9523,0.592966
9524,0.545275
9525,0.9029
9526,0.701888
9527,0.929484
9528,0.94443
9529,0.925143
9530,0.887758
9531,0.726142
9532,0.850566
9533,0.537527
9534,0.602726
9535,0.554031
9536,0.527864
9537,0.677527
9538,0.898894
9539,0.753295
9540,0.982083
9541,0.666348
9542,0.767401
9543,0.780896
9544,0.602282
9545,0.910002
9546,0.872037
9547,0.819231
9548,0.878162
9549,0.601398
9550,0.663028
9551,0.917771
9552,0.968697
9553,0.754741
9554,0.700927
9555,0.938189
9556,0.598611
9557,0.788994
9558,0.612476
9559,0.667203
9560,0.869182
9561,0.687242
9562,0.593737
9563,0.895606
9564,0.554952
9565,0.751848
9566,0.961534
9567,0.854471
9568,0.811396
9569,0.877109
9570,0.730628
9571,0.852634
9572,0.884626
9573,0.809331
9574,0.728244
9575,0.629797
9576,0.797828
9577,0.75205
9578,0.916628
9579,0.872362
9580,0.528728
9581,0.871018
9582,0.824376
9583,0.615936
9584,0.99438
9585,0.856321
9586,0.467173
9587,0.689978
9588,0.929868
9589,0.756883
9590,0.405294
9591,0.928593
9592,0.551671
9593,0.558451
9594,0.933968
9595,0.566412
9596,0.484389
9597,0.345911
9598,0.784164
9599,0.84747
9600,0.706755
9601,0.797997
9602,0.690173
9603,0.745545
9604,0.599074
9605,0.777385
9606,0.752506
9607,0.393901
9608,0.716637
9609,0.81038
9610,0.769357
9611,0.616774
9612,0.984064
9613,0.658285
9614,0.663788
9615,0.784703
9616,0.941812
9617,0.726094
9618,0.931985
9619,0.64528
9620,0.684583
9621,0.418672
9622,0.885503
9623,0.901213
9624,0.850963
9625,0.573579
9626,0.971031
9627,0.787435
9628,0.907298
9629,0.348922
9630,0.494013
9631,0.953078
9632,0.78409
9633,0.883264
9634,0.797092
9635,0.82753
9636,0.824337
9637,0.840849
9638,0.720132
9639,0.449338
9640,0.646878
9641,0.733551
9642,0.64113
9643,0.652867
9644,0.640872
9645,0.797353
9646,0.480503
9647,0.797099
9648,0.621172
9649,0.953647
9650,0.636494
9651,0.973921
9652,0.871364
9653,0.632696
9654,0.949273
9655,0.73046
9656,0.936318
9657,0.70906
9658,0.599806
9659,0.530186
9660,0.792592
9661,0.536446
9662,0.972857
9663,0.577004
9664,0.955211
9665,0.723741
9666,0.82149
9667,0.918244
9668,0.532062
9669,0.401809
9670,0.842386
9671,0.752112
9672,0.717476
9673,0.863711
9674,0.682034
9675,0.514497
9676,0.759613
9677,0.988154
9678,0.850499
9679,0.540763
9680,0.147341
9681,0.526245
9682,0.739545
9683,0.657878
9684,0.723061
9685,0.86115
9686,0.716822
9687,0.835225
9688,0.918818
9689,0.080477
9690,0.778731
9691,0.807056
9692,0.873302
9693,0.838247
9694,0.860131
9695,0.865534
9696,0.613961
9697,0.535363
9698,0.731101
9699,0.862606
9700,0.66792
9701,0.208101
9702,0.674987
9703,0.851721
9704,0.523733
9705,0.932026
9706,0.490267
9707,0.403993
9708,0.69232
9709,0.856147
9710,0.828741
9711,0.921374
9712,0.850822
9713,0.94707
9714,0.994892
9715,0.530989
9716,0.961998
9717,0.608314
9718,0.914512
9719,0.713735
9720,0.69769
9721,0.907764
9722,0.861194
9723,0.459831
9724,0.69161
9725,0.957077
9726,0.875862
9727,0.432162
9728,0.831526
9729,0.428085
9730,0.903837
9731,0.772699
9732,0.89116
9733,0.942578
9734,0.925043
9735,0.723721
9736,0.056624
9737,0.053133
9738,0.049706
9739,0.458448
9740,0.969932
9741,0.655001
9742,0.37776
9743,0.769265
9744,0.881929
9745,0.568022
9746,0.938654
9747,0.601304
9748,0.859914
9749,0.822086
9750,0.720659
9751,0.231894
9752,0.845952
9753,0.883103
9754,0.367179
9755,0.754165
9756,0.657244
9757,0.765362
9758,0.676162
9759,0.797892
9760,0.964224
9761,0.770712
9762,0.652079
9763,0.374638
9764,0.459689
9765,0.844347
9766,0.633256
9767,0.725413
9768,0.967796
9769,0.746041
9770,0.447952
9771,0.663222
9772,0.585753
9773,0.619807
9774,0.884325
9775,0.955513
9776,0.84177
9777,0.479027
9778,0.628018
9779,0.165534
9780,0.487406
9781,0.626066
9782,0.419777
9783,0.714371
9784,0.425963
9785,0.097529
9786,0.83417
9787,0.820384
9788,0.976983
9789,0.631675
9790,0.72297
9791,0.102302
9792,0.957856
9793,0.768937
9794,0.863271
9795,0.77012
9796,0.917962
9797,0.760779
9798,0.318801
9799,0.682178
9800,0.55533
9801,0.543872
9802,0.104457
9803,0.949496
9804,0.786767
9805,0.439402
9806,0.906202
9807,0.691887
9808,0.454097
9809,0.720025
9810,0.968575
9811,0.891899
9812,0.781704
9813,0.062686
9814,0.600478
9815,0.949536
9816,0.73892
9817,0.599613
9818,0.920556
9819,0.803208
9820,0.884028
9821,0.04634
9822,0.902719
9823,0.676201
9824,0.698815
9825,0.807769
9826,0.49107
9827,0.898177
9828,0.393268
9829,0.635499
9830,0.87177
9831,0.613107
9832,0.50501
9833,0.960722
9834,0.954742
9835,0.409972
9836,0.830206
9837,0.535737
9838,0.626136
9839,0.593767
9840,0.700403
9841,0.814946
9842,0.099746
9843,0.9858
9844,0.959429
9845,0.688373
9846,0.900589
9847,0.896769
9848,0.783045
9849,0.76065
9850,0.612756
9851,0.683963
9852,0.775216
9853,0.491123
9854,0.9044
9855,0.85572
9856,0.896607
9857,0.821878
9858,0.8028
9859,0.1478
9860,0.706543
9861,0.767295
9862,0.701885
9863,0.942096
9864,0.651999
9865,0.723612
9866,0.696546
9867,0.700213
9868,0.95827
9869,0.789488
9870,0.857398
9871,0.70254
9872,0.789805
9873,0.961567
9874,0.827642
9875,0.614127
9876,0.145497
9877,0.761339
9878,0.791908
9879,0.743412
9880,0.882373
9881,0.727642
9882,0.613491
9883,0.675123
9884,0.71574
9885,0.61407
9886,0.853848
9887,0.620901
9888,0.633346
9889,0.917758
9890,0.778242
9891,0.810602
9892,0.630071
9893,0.596341
9894,0.87546
9895,0.635783
9896,0.700763
9897,0.676086
9898,0.714349
9899,0.704552
9900,0.737362
9901,0.306512
9902,0.649217
9903,0.969306
9904,0.809655
9905,0.125074
9906,0.794348
9907,0.776103
9908,0.680114
9909,0.626446
9910,0.45934
9911,0.856297
9912,0.975538
9913,0.549616
9914,0.924819
9915,0.620676
9916,0.915276
9917,0.576221
9918,0.712855
9919,0.667119
9920,0.186864
9921,0.56273
9922,0.677321
9923,0.495677
9924,0.682536
9925,0.821276
9926,0.890758
9927,0.900714
9928,0.182393
9929,0.617958
9930,0.811754
9931,0.969014
9932,0.916321
9933,0.758187
9934,0.286246
9935,0.66448
9936,0.673928
9937,0.575492
9938,0.429855
9939,0.433055
9940,0.704696
9941,0.912152
9942,0.587985
9943,0.644424
9944,0.601733
9945,0.742438
9946,0.82021
9947,0.95497
9948,0.978173
9949,0.744949
9950,0.481435
9951,0.545416
9952,0.879353
9953,0.953827
9954,0.230735
9955,0.570684
9956,0.918131
9957,0.681563
9958,0.751823
9959,0.693962
9960,0.88572
9961,0.320305
9962,0.667116
9963,0.490205
9964,0.78504
9965,0.779986
9966,0.799288
9967,0.84303
9968,0.938473
9969,0.967591
9970,0.351481
9971,0.758939
9972,0.607382
9973,0.542741
9974,0.583501
9975,0.690151
9976,0.917344
9977,0.018061
9978,0.676786
9979,0.917349
9980,0.817446
9981,0.602182
9982,0.725429
9983,0.713778
9984,0.601628
9985,0.810686
9986,0.541513
9987,0.357156
9988,0.588697
9989,0.665597
9990,0.678259
9991,0.627583
9992,0.679648
9993,0.533663
9994,0.634467
9995,0.752241
9996,0.850979
9997,0.721643
9998,0.533364
9999,0.504557
10000,0.956637
10001,0.899847
10002,0.827998
10003,0.453496
10004,0.860754
10005,0.86012
10006,0.877627
10007,0.721422
10008,0.282082
10009,0.82717
10010,0.789852
10011,0.757333
10012,0.820799
10013,0.363364
10014,0.781215
10015,0.613725
10016,0.784027
10017,0.685081
10018,0.840634
10019,0.891762
10020,0.551062
10021,0.153331
10022,0.963454
10023,0.329186
10024,0.804568
10025,0.967743
10026,0.640684
10027,0.6081
10028,0.680391
10029,0.985737
10030,0.93272
10031,0.749404
10032,0.768455
10033,0.729724
10034,0.642707
10035,0.869944
10036,0.657057
10037,0.544208
10038,0.51492
10039,0.665118
10040,0.894973
10041,0.977161
10042,0.903669
10043,0.793728
10044,0.963045
10045,0.574985
10046,0.967094
10047,0.804503
10048,0.907578
10049,0.738954
10050,0.911517
10051,0.476658
10052,0.805577
10053,0.763174
10054,0.802836
10055,0.355638
10056,0.712898
10057,0.563537
10058,0.702194
10059,0.864304
10060,0.969254
10061,0.768116
10062,0.389772
10063,0.643671
10064,0.808055
10065,0.923682
10066,0.687172
10067,0.912024
10068,0.717155
10069,0.484952
10070,0.727821
10071,0.681445
10072,0.761829
10073,0.896383
10074,0.625299
10075,0.807833
10076,0.975006
10077,0.302279
10078,0.719773
10079,0.235432
10080,0.717323
10081,0.977091
10082,0.777117
10083,0.703936
10084,0.848516
10085,0.812582
10086,0.879403
10087,0.630177
10088,0.40258
10089,0.840385
10090,0.848706
10091,0.826826
10092,0.772508
10093,0.663436
10094,0.799849
10095,0.827947
10096,0.836796
10097,0.593129
10098,0.874787
10099,0.79199
10100,0.501103
10101,0.807935
10102,0.815922
10103,0.595748
10104,0.686465
10105,0.930906
10106,0.845243
10107,0.801388
10108,0.98428
10109,0.541229
10110,0.851221
10111,0.968872
10112,0.764217
10113,0.891382
10114,0.814572
10115,0.246351
10116,0.788411
10117,0.713422
10118,0.907767
10119,0.944472
10120,0.852236
10121,0.969864
10122,0.159327
10123,0.431408
10124,0.974037
10125,0.863246
10126,0.86068
10127,0.812644
10128,0.794542
10129,0.656347
10130,0.644959
10131,0.876805
10132,0.798698
10133,0.707107
10134,0.805959
10135,0.919496
10136,0.926029
10137,0.689382
10138,0.725207
10139,0.535923
10140,0.777868
10141,0.691011
10142,0.85551
10143,0.954447
10144,0.64149
10145,0.747884
10146,0.734819
10147,0.912547
10148,0.550414
10149,0.729663
10150,0.950438
10151,0.319592
10152,0.671099
10153,0.558385
10154,0.580964
10155,0.607326
10156,0.493615
10157,0.878799
10158,0.659972
10159,0.726367
10160,0.425026
10161,0.863995
10162,0.804304
10163,0.90266
10164,0.950719
10165,0.494766
10166,0.62518
10167,0.887064
10168,0.894237
10169,0.66343
10170,0.524448
10171,0.770569
10172,0.513727
10173,0.931922
10174,0.636152
10175,0.608547
10176,0.786704
10177,0.919228
10178,0.622902
10179,0.686463
10180,0.898659
10181,0.565531
10182,0.902316
10183,0.97243
10184,0.624461
10185,0.706646
10186,0.815218
10187,0.393723
10188,0.874624
10189,0.735489
10190,0.75489
10191,0.641289
10192,0.933845
10193,0.907606
10194,0.458596
10195,0.467807
10196,0.722801
10197,0.780189
10198,0.909062
10199,0.956284
10200,0.699741
10201,0.649789
10202,0.834319
10203,0.820406
10204,0.9741
10205,0.658991
10206,0.818166
10207,0.936147
10208,0.838729
10209,0.789518
10210,0.76087
10211,0.63329
10212,0.636019
10213,0.794039
10214,0.872633
10215,0.688322
10216,0.576233
10217,0.847575
10218,0.521426
10219,0.350573
10220,0.891632
10221,0.871638
10222,0.771379
10223,0.612834
10224,0.721251
10225,0.870809
10226,0.671871
10227,0.744389
10228,0.534685
10229,0.635142
10230,0.561081
10231,0.724875
10232,0.688772
10233,0.910688
10234,0.753832
10235,0.733664
10236,0.734358
10237,0.22253
10238,0.846633
10239,0.813931
10240,0.729576
10241,0.864368
10242,0.444431
10243,0.656825
10244,0.656201
10245,0.158996
10246,0.515659
10247,0.71679
10248,0.492439
10249,0.445919
10250,0.6078
10251,0.751756
10252,0.330661
10253,0.82625
10254,0.653206
10255,0.916696
10256,0.652116
10257,0.681034
10258,0.535104
10259,0.803881
10260,0.696248
10261,0.974926
10262,0.962336
10263,0.98435
10264,0.863966
10265,0.687767
10266,0.708124
10267,0.824993
10268,0.902046
10269,0.463265
10270,0.805605
10271,0.689137
10272,0.991641
10273,0.386218
10274,0.909138
10275,0.792562
10276,0.707552
10277,0.746443
10278,0.715682
10279,0.817559
10280,0.948821
10281,0.718165
10282,0.907368
10283,0.820762
10284,0.668566
10285,0.736122
10286,0.659222
10287,0.828463
10288,0.744844
10289,0.659452
10290,0.505611
10291,0.659089
10292,0.921991
10293,0.607972
10294,0.8816
10295,0.473255
10296,0.903093
10297,0.835656
10298,0.715853
10299,0.108021
10300,0.568908
10301,0.402882
10302,0.957152
10303,0.843926
10304,0.634809
10305,0.742641
10306,0.661535
10307,0.153328
10308,0.887988
10309,0.912861
10310,0.910793
10311,0.716918
10312,0.799104
10313,0.513017
10314,0.912506
10315,0.828994
10316,0.381164
10317,0.824551
10318,0.51658
10319,0.862573
10320,0.422592
10321,0.528796
10322,0.629393
10323,0.964539
10324,0.633524
10325,0.745859
10326,0.220799
10327,0.563187
10328,0.71162
10329,0.899504
10330,0.747582
10331,0.83961
10332,0.954035
10333,0.727776
10334,0.939482
10335,0.814971
10336,0.829713
10337,0.560172
10338,0.635289
10339,0.038642
10340,0.793656
10341,0.894241
10342,0.953508
10343,0.461673
10344,0.904016
10345,0.882057
10346,0.764049
10347,0.784703
10348,0.445581
10349,0.830083
10350,0.668237
10351,0.55895
10352,0.735847
10353,0.631848
10354,0.663389
10355,0.985892
10356,0.643572
10357,0.777664
10358,0.816847
10359,0.857666
10360,0.654633
10361,0.874971
10362,0.430006
10363,0.952889
10364,0.49255
10365,0.428027
10366,0.704844
10367,0.956571
10368,0.703038
10369,0.795254
10370,0.83525
10371,0.65464
10372,0.957962
10373,0.624981
10374,0.939858
10375,0.712532
10376,0.481563
10377,0.577633
10378,0.775829
10379,0.745376
10380,0.621794
10381,0.757391
10382,0.602902
10383,0.674418
10384,0.724026
10385,0.722667
10386,0.663459
10387,0.979469
10388,0.224787
10389,0.771091
10390,0.803769
10391,0.275658
10392,0.57014
10393,0.879317
10394,0.428389
10395,0.769515
10396,0.689172
10397,0.887295
10398,0.80438
10399,0.935377
10400,0.676965
10401,0.720289
10402,0.637251
10403,0.721273
10404,0.47235
10405,0.646278
10406,0.787035
10407,0.643275
10408,0.653526
10409,0.908331
10410,0.483506
10411,0.81651
10412,0.767034
10413,0.829665
10414,0.949589
10415,0.479362
10416,0.810233
10417,0.762434
10418,0.496715
10419,0.909768
10420,0.694493
10421,0.650093
10422,0.915818
10423,0.914648
10424,0.75803
10425,0.980101
10426,0.545772
10427,0.781733
10428,0.595195
10429,0.67917
10430,0.9758
10431,0.736035
10432,0.782586
10433,0.765219
10434,0.950276
10435,0.830668
10436,0.513174
10437,0.784103
10438,0.940851
10439,0.933159
10440,0.47156
10441,0.686012
10442,0.87125
10443,0.625305
10444,0.717658
10445,0.759789
10446,0.76641
10447,0.758149
10448,0.60478
10449,0.891225
10450,0.688512
10451,0.698673
10452,0.27237
10453,0.411302
10454,0.938749
10455,0.710774
10456,0.614512
10457,0.561221
10458,0.849142
10459,0.988462
10460,0.511133
10461,0.938394
10462,0.671666
10463,0.208313
10464,0.807089
10465,0.940873
10466,0.403727
10467,0.080551
10468,0.970514
10469,0.682336
10470,0.917363
10471,0.941254
10472,0.432264
10473,0.584942
10474,0.815349
10475,0.909604
10476,0.717573
10477,0.875275
10478,0.934725
10479,0.593774
10480,0.774336
10481,0.669921
10482,0.799352
10483,0.788982
10484,0.877105
10485,0.916846
10486,0.976791
10487,0.590464
10488,0.928474
10489,0.848699
10490,0.839041
10491,0.788765
10492,0.711275
10493,0.762042
10494,0.515766
10495,0.831946
10496,0.804489
10497,0.524861
10498,0.627394
10499,0.196348
10500,0.548291
10501,0.548892
10502,0.651589
10503,0.781597
10504,0.675157
10505,0.738322
10506,0.943861
10507,0.726025
10508,0.639794
10509,0.681089
10510,0.671584
10511,0.601739
10512,0.640466
10513,0.929904
10514,0.457112
10515,0.906771
10516,0.710572
10517,0.961868
10518,0.97441
10519,0.802467
10520,0.48783
10521,0.604638
10522,0.722458
10523,0.783665
10524,0.440866
10525,0.963408
10526,0.838563
10527,0.982001
10528,0.613478
10529,0.572229
10530,0.91093
10531,0.966918
10532,0.972214
10533,0.856385
10534,0.821224
10535,0.903584
10536,0.765748
10537,0.838544
10538,0.800703
10539,0.798967
10540,0.978988
10541,0.910563
10542,0.228014
10543,0.818696
10544,0.757851
10545,0.583859
10546,0.96798
10547,0.567714
10548,0.596731
10549,0.77902
10550,0.673979
10551,0.882504
10552,0.915186
10553,0.627649
10554,0.817219
10555,0.282037
10556,0.667609
10557,0.737015
10558,0.527298
10559,0.51678
10560,0.07916
10561,0.78736
10562,0.985625
10563,0.879152
10564,0.420409
10565,0.980578
10566,0.786221
10567,0.894768
10568,0.734468
10569,0.556412
10570,0.909231
10571,0.835012
10572,0.408069
10573,0.948785
10574,0.967467
10575,0.793283
10576,0.576015
10577,0.68382
10578,0.965112
10579,0.930894
10580,0.749671
10581,0.697335
10582,0.74977
10583,0.767434
10584,0.949372
10585,0.885589
10586,0.786961
10587,0.596479
10588,0.697004
10589,0.669115
10590,0.570159
10591,0.698193
10592,0.969372
10593,0.865577
10594,0.900207
10595,0.693613
10596,0.758748
10597,0.534112
10598,0.951188
10599,0.667479
10600,0.067964
10601,0.749078
10602,0.76935
10603,0.859558
10604,0.679361
10605,0.940664
10606,0.64154
10607,0.72703
10608,0.78263
10609,0.611968
10610,0.828246
10611,0.875761
10612,0.70112
10613,0.972158
10614,0.846323
10615,0.264049
10616,0.666018
10617,0.371281
10618,0.707197
10619,0.856634
10620,0.601244
10621,0.723986
10622,0.707993
10623,0.766782
10624,0.067345
10625,0.601917
10626,0.493232
10627,0.862533
10628,0.860618
10629,0.849518
10630,0.886134
10631,0.690206
10632,0.64497
10633,0.760008
10634,0.941465
10635,0.820728
10636,0.988917
10637,0.481699
10638,0.635082
10639,0.786485
10640,0.801222
10641,0.666641
10642,0.06904
10643,0.767654
10644,0.988089
10645,0.165882
10646,0.811507
10647,0.175251
10648,0.638392
10649,0.708513
10650,0.703135
10651,0.57441
10652,0.981074
10653,0.852453
10654,0.537498
10655,0.617467
10656,0.414746
10657,0.456076
10658,0.891054
10659,0.156588
10660,0.382729
10661,0.763952
10662,0.603764
10663,0.272648
10664,0.707837
10665,0.725728
10666,0.644038
10667,0.493242
10668,0.766056
10669,0.627751
10670,0.734559
10671,0.932803
10672,0.655922
10673,0.781643
10674,0.634657
10675,0.816305
10676,0.970787
10677,0.580049
10678,0.912334
10679,0.976211
10680,0.363085
10681,0.601765
10682,0.379878
10683,0.746078
10684,0.753543
10685,0.954078
10686,0.854187
10687,0.646681
10688,0.606767
10689,0.886294
10690,0.180481
10691,0.106606
10692,0.668292
10693,0.816382
10694,0.606541
10695,0.587837
10696,0.744815
10697,0.937994
10698,0.610751
10699,0.653141
10700,0.632603
10701,0.9692
10702,0.775967
10703,0.755441
10704,0.584363
10705,0.652483
10706,0.737049
10707,0.761233
10708,0.66869
10709,0.836738
10710,0.492369
10711,0.948633
10712,0.566038
10713,0.646733
10714,0.634233
10715,0.434881
10716,0.93237
10717,0.7774
10718,0.699644
10719,0.616784
10720,0.645127
10721,0.877205
10722,0.977875
10723,0.651383
10724,0.894401
10725,0.763238
10726,0.797459
10727,0.825406
10728,0.571565
10729,0.858825
10730,0.914584
10731,0.971853
10732,0.811799
10733,0.463857
10734,0.562314
10735,0.989303
10736,0.873846
10737,0.470989
10738,0.645077
10739,0.905362
10740,0.855925
10741,0.973771
10742,0.809212
10743,0.970806
10744,0.652214
10745,0.584889
10746,0.542006
10747,0.734304
10748,0.769337
10749,0.560375
10750,0.701034
10751,0.603059
10752,0.615083
10753,0.418526
10754,0.672929
10755,0.990448
10756,0.513598
10757,0.51025
10758,0.637447
10759,0.908217
10760,0.627343
10761,0.682359
10762,0.744817
10763,0.810282
10764,0.522111
10765,0.947936
10766,0.830526
10767,0.689901
10768,0.831745
10769,0.783129
10770,0.981691
10771,0.881982
10772,0.857829
10773,0.537033
10774,0.837867
10775,0.958641
10776,0.773413
10777,0.977455
10778,0.964345
10779,0.602357
10780,0.400013
10781,0.652477
10782,0.532021
10783,0.951958
10784,0.767157
10785,0.869338
10786,0.701309
10787,0.979511
10788,0.672136
10789,0.867852
10790,0.702617
10791,0.602377
10792,0.515421
10793,0.634997
10794,0.908236
10795,0.916162
10796,0.505785
10797,0.908
10798,0.97084
10799,0.733733
10800,0.938053
10801,0.824482
10802,0.414645
10803,0.940291
10804,0.969224
10805,0.562391
10806,0.923256
10807,0.301554
10808,0.965441
10809,0.98074
10810,0.630655
10811,0.911379
10812,0.652594
10813,0.668157
10814,0.943386
10815,0.548131
10816,0.61996
10817,0.681761
10818,0.891921
10819,0.8113
10820,0.31676
10821,0.900305
10822,0.739088
10823,0.99387
10824,0.783739
10825,0.792075
10826,0.930828
10827,0.865377
10828,0.878387
10829,0.430153
10830,0.68283
10831,0.747201
10832,0.726394
10833,0.87277
10834,0.528999
10835,0.650509
10836,0.690471
10837,0.687571
10838,0.422665
10839,0.796128
10840,0.595243
10841,0.945197
10842,0.716294
10843,0.563326
10844,0.662271
10845,0.59382
10846,0.906677
10847,0.82721
10848,0.893185
10849,0.923677
10850,0.838046
10851,0.397834
10852,0.673733
10853,0.846706
10854,0.385123
10855,0.680891
10856,0.652343
10857,0.927983
10858,0.684938
10859,0.712423
10860,0.778079
10861,0.974647
10862,0.583269
10863,0.864771
10864,0.575685
10865,0.491574
10866,0.900054
10867,0.936279
10868,0.818449
10869,0.762184
10870,0.732775
10871,0.473913
10872,0.734532
10873,0.241335
10874,0.684479
10875,0.661159
10876,0.642841
10877,0.875151
10878,0.792619
10879,0.989429
10880,0.676193
10881,0.966632
10882,0.722503
10883,0.814879
10884,0.883862
10885,0.609881
10886,0.978414
10887,0.712398
10888,0.824027
10889,0.380729
10890,0.991133
10891,0.621432
10892,0.618985
10893,0.739303
10894,0.961535
10895,0.898078
10896,0.71405
10897,0.84187
10898,0.706409
10899,0.77252
10900,0.894326
10901,0.29396
10902,0.827973
10903,0.537227
10904,0.778395
10905,0.790806
10906,0.269303
10907,0.423187
10908,0.186241
10909,0.653496
10910,0.850932
10911,0.84222
10912,0.246441
10913,0.343735
10914,0.581612
10915,0.744492
10916,0.581449
10917,0.955766
10918,0.771537
10919,0.931441
10920,0.798163
10921,0.913942
10922,0.742538
10923,0.719657
10924,0.656566
10925,0.753255
10926,0.627799
10927,0.715267
10928,0.655705
10929,0.578908
10930,0.92543
10931,0.796369
10932,0.895156
10933,0.467519
10934,0.359644
10935,0.433085
10936,0.597494
10937,0.938626
10938,0.809407
10939,0.915915
10940,0.897963
10941,0.687391
10942,0.804919
10943,0.962427
10944,0.731292
10945,0.87622
10946,0.79176
10947,0.824026
10948,0.490618
10949,0.647146
10950,0.927644
10951,0.730365
10952,0.775133
10953,0.43498
10954,0.736354
10955,0.411119
10956,0.655297
10957,0.710272
10958,0.761901
10959,0.914221
10960,0.639018
10961,0.901019
10962,0.780584
10963,0.109706
10964,0.929353
10965,0.840147
10966,0.752082
10967,0.835063
10968,0.753308
10969,0.939237
10970,0.462572
10971,0.783654
10972,0.907743
10973,0.684993
10974,0.83904
10975,0.803522
10976,0.842939
10977,0.878088
10978,0.374856
10979,0.341027
10980,0.973737
10981,0.817652
10982,0.668891
10983,0.822617
10984,0.531172
10985,0.246352
10986,0.850249
10987,0.678321
10988,0.385439
10989,0.419612
10990,0.644324
10991,0.617466
10992,0.757
10993,0.910005
10994,0.693312
10995,0.33878
10996,0.935999
10997,0.371627
10998,0.704885
10999,0.869187
11000,0.211084
11001,0.414564
11002,0.310386
11003,0.822236
11004,0.342582
11005,0.770512
11006,0.730676
11007,0.735683
11008,0.928271
11009,0.837417
11010,0.867231
11011,0.685779
11012,0.684757
11013,0.735101
11014,0.090339
11015,0.733823
11016,0.825166
11017,0.677156
11018,0.892342
11019,0.594801
11020,0.932992
11021,0.776255
11022,0.847926
11023,0.897151
11024,0.77961
11025,0.79135
11026,0.640292
11027,0.290684
11028,0.705683
11029,0.852016
11030,0.794637
11031,0.874473
11032,0.545988
11033,0.878333
11034,0.442958
11035,0.846693
11036,0.80939
11037,0.609505
11038,0.735895
11039,0.800827
11040,0.794603
11041,0.908984
11042,0.927139
11043,0.808268
11044,0.52129
11045,0.876379
11046,0.808313
11047,0.590191
11048,0.614903
11049,0.099956
11050,0.495741
11051,0.261448
11052,0.880412
11053,0.802533
11054,0.941047
11055,0.944015
11056,0.528477
11057,0.498851
11058,0.410369
11059,0.706494
11060,0.112213
11061,0.816619
11062,0.135668
11063,0.732564
11064,0.477204
11065,0.83605
11066,0.802268
11067,0.448993
11068,0.283131
11069,0.886852
11070,0.982514
11071,0.49284
11072,0.528933
11073,0.766944
11074,0.497457
11075,0.878301
11076,0.969428
11077,0.732456
11078,0.989153
11079,0.711016
11080,0.830286
11081,0.770246
11082,0.394092
11083,0.557676
11084,0.890992
11085,0.622313
11086,0.33686
11087,0.781834
11088,0.348271
11089,0.88673
11090,0.905269
11091,0.337126
11092,0.755361
11093,0.703902
11094,0.453727
11095,0.90644
11096,0.546168
11097,0.468708
11098,0.768816
11099,0.936433
11100,0.765106
11101,0.869208
11102,0.921748
11103,0.827959
11104,0.809637
11105,0.710704
11106,0.784166
11107,0.047967
11108,0.900392
11109,0.66449
11110,0.689855
11111,0.974313
11112,0.681447
11113,0.594032
11114,0.594043
11115,0.71247
11116,0.670505
11117,0.722962
11118,0.533205
11119,0.98423
11120,0.709646
11121,0.987987
11122,0.718692
11123,0.867204
11124,0.576191
11125,0.397219
11126,0.341341
11127,0.930549
11128,0.83006
11129,0.673141
11130,0.81363
11131,0.423075
11132,0.504378
11133,0.800371
11134,0.337401
11135,0.940375
11136,0.879821
11137,0.886671
11138,0.581003
11139,0.676506
11140,0.331994
11141,0.860593
11142,0.862688
11143,0.879963
11144,0.889305
11145,0.693885
11146,0.91275
11147,0.43609
11148,0.587434
11149,0.589412
11150,0.816834
11151,0.509363
11152,0.888698
11153,0.848342
11154,0.802718
11155,0.984115
11156,0.831662
11157,0.737256
11158,0.194638
11159,0.94813
11160,0.955039
11161,0.605546
11162,0.062923
11163,0.530073
11164,0.938588
11165,0.60915
11166,0.767689
11167,0.79246
11168,0.949844
11169,0.857121
11170,0.825222
11171,0.940788
11172,0.80447
11173,0.670279
11174,0.170516
11175,0.412915
11176,0.528902
11177,0.808595
11178,0.630764
11179,0.68734
11180,0.554419
11181,0.798422
11182,0.458316
11183,0.646267
11184,0.746564
11185,0.736549
11186,0.690436
11187,0.646922
11188,0.950192
11189,0.551197
11190,0.916429
11191,0.776508
11192,0.979246
11193,0.626284
11194,0.765057
11195,0.907116
11196,0.89579
11197,0.933644
11198,0.957222
11199,0.865921
11200,0.869945
11201,0.864725
11202,0.926268
11203,0.59885
11204,0.638752
11205,0.930651
11206,0.953607
11207,0.600327
11208,0.668634
11209,0.865041
11210,0.782111
11211,0.508167
11212,0.703174
11213,0.632809
11214,0.710506
11215,0.669611
11216,0.600002
11217,0.945123
11218,0.745548
11219,0.906384
11220,0.764615
11221,0.925632
11222,0.715228
11223,0.892781
11224,0.725703
11225,0.407996
11226,0.713512
11227,0.600818
11228,0.89406
11229,0.677617
11230,0.782038
11231,0.80655
11232,0.664317
11233,0.74885
11234,0.693598
11235,0.767777
11236,0.956869
11237,0.66006
11238,0.715751
11239,0.739245
11240,0.657278
11241,0.657616
11242,0.772973
11243,0.640597
11244,0.639027
11245,0.645103
11246,0.315237
11247,0.865342
11248,0.827942
11249,0.973949
11250,0.728542
11251,0.672018
11252,0.615827
11253,0.551912
11254,0.68738
11255,0.893503
11256,0.623331
11257,0.96534
11258,0.669812
11259,0.744554
11260,0.492444
11261,0.772612
11262,0.509357
11263,0.744163
11264,0.557256
11265,0.973058
11266,0.981574
11267,0.650987
11268,0.748412
11269,0.548975
11270,0.9769
11271,0.749198
11272,0.967967
11273,0.906698
11274,0.542856
11275,0.954827
11276,0.654314
11277,0.496172
11278,0.688891
11279,0.804481
11280,0.882331
11281,0.719174
11282,0.624704
11283,0.781865
11284,0.623247
11285,0.927227
11286,0.922731
11287,0.729769
11288,0.910222
11289,0.975685
11290,0.709592
11291,0.910989
11292,0.892337
11293,0.767358
11294,0.696046
11295,0.90514
11296,0.670444
11297,0.447905
11298,0.353296
11299,0.810845
11300,0.508933
11301,0.598611
11302,0.650644
11303,0.808579
11304,0.89625
11305,0.109921
11306,0.465037
11307,0.874481
11308,0.727028
11309,0.812095
11310,0.825055
11311,0.698023
11312,0.400262
11313,0.935693
11314,0.386739
11315,0.73214
11316,0.331031
11317,0.511382
11318,0.538565
11319,0.783062
11320,0.253042
11321,0.821606
11322,0.405363
11323,0.769355
11324,0.57896
11325,0.66924
11326,0.982025
11327,0.68103
11328,0.532843
11329,0.896759
11330,0.749662
11331,0.893121
11332,0.912622
11333,0.692546
11334,0.675536
11335,0.972034
11336,0.857275
11337,0.661358
11338,0.831064
11339,0.88365
11340,0.913856
11341,0.600246
11342,0.542311
11343,0.814846
11344,0.452318
11345,0.77725
11346,0.83638
11347,0.948578
11348,0.719527
11349,0.463013
11350,0.602637
11351,0.973815
11352,0.699559
11353,0.748647
11354,0.738254
11355,0.831996
11356,0.658681
11357,0.569865
11358,0.778342
11359,0.974706
11360,0.60099
11361,0.326489
11362,0.634585
11363,0.857565
11364,0.323735
11365,0.84751
11366,0.63677
11367,0.755649
11368,0.687501
11369,0.849072
11370,0.378476
11371,0.804598
11372,0.208304
11373,0.555634
11374,0.682952
11375,0.934662
11376,0.934118
11377,0.619402
11378,0.949926
11379,0.664231
11380,0.72998
11381,0.228396
11382,0.704119
11383,0.96876
11384,0.651963
11385,0.357986
11386,0.594197
11387,0.861913
11388,0.959632
11389,0.30185
11390,0.910675
11391,0.682593
11392,0.719441
11393,0.910799
11394,0.661805
11395,0.990372
11396,0.589148
11397,0.899145
11398,0.75497
11399,0.674051
11400,0.852344
11401,0.257447
11402,0.868921
11403,0.896498
11404,0.790172
11405,0.784183
11406,0.988661
11407,0.543164
11408,0.9311
11409,0.509872
11410,0.679304
11411,0.678482
11412,0.453667
11413,0.525812
11414,0.439164
11415,0.901376
11416,0.727551
11417,0.731041
11418,0.763866
11419,0.699371
11420,0.951282
11421,0.059801
11422,0.800886
11423,0.762444
11424,0.798561
11425,0.984414
11426,0.688531
11427,0.468254
11428,0.392224
11429,0.700601
11430,0.625003
11431,0.685263
11432,0.827296
11433,0.729986
11434,0.764846
11435,0.770386
11436,0.387731
11437,0.682231
11438,0.763276
11439,0.950496
11440,0.541018
11441,0.739928
11442,0.821613
11443,0.805334
11444,0.582407
11445,0.943263
11446,0.876925
11447,0.682906
11448,0.953639
11449,0.486235
11450,0.188551
11451,0.797249
11452,0.737106
11453,0.925193
11454,0.53468
11455,0.307899
11456,0.124649
11457,0.723618
11458,0.540765
11459,0.693807
11460,0.95223
11461,0.743429
11462,0.871539
11463,0.789615
11464,0.339283
11465,0.56642
11466,0.924579
11467,0.144427
11468,0.700875
11469,0.435039
11470,0.538136
11471,0.809948
11472,0.743621
11473,0.719941
11474,0.428235
11475,0.787731
11476,0.333591
11477,0.914403
11478,0.953977
11479,0.459376
11480,0.687901
11481,0.640297
11482,0.546356
11483,0.816578
11484,0.826693
11485,0.983782
11486,0.979165
11487,0.658259
11488,0.734442
11489,0.746951
11490,0.692408
11491,0.974377
11492,0.574923
11493,0.719028
11494,0.614126
11495,0.699303
11496,0.718854
11497,0.896713
11498,0.726861
11499,0.923707
11500,0.55653
11501,0.880253
11502,0.899406
11503,0.703816
11504,0.969214
11505,0.620264
11506,0.899068
11507,0.567253
11508,0.15761
11509,0.889311
11510,0.816675
11511,0.090662
11512,0.81843
11513,0.912196
11514,0.91276
11515,0.609536
11516,0.982122
11517,0.967758
11518,0.558929
11519,0.883805
11520,0.719699
11521,0.95737
11522,0.865422
11523,0.943613
11524,0.715305
11525,0.447104
11526,0.975138
11527,0.770333
11528,0.901549
11529,0.918377
11530,0.389969
11531,0.657798
11532,0.931838
11533,0.820162
11534,0.624814
11535,0.861788
11536,0.938664
11537,0.984617
11538,0.742519
11539,0.467283
11540,0.030716
11541,0.921305
11542,0.881296
11543,0.794116
11544,0.703912
11545,0.41139
11546,0.946461
11547,0.796034
11548,0.862395
11549,0.965729
11550,0.762959
11551,0.595108
11552,0.408305
11553,0.492359
11554,0.92023
11555,0.644457
11556,0.739982
11557,0.394876
11558,0.180182
11559,0.566845
11560,0.693851
11561,0.598911
11562,0.482065
11563,0.936978
11564,0.811948
11565,0.914616
11566,0.52207
11567,0.91765
11568,0.963993
11569,0.941349
11570,0.747732
11571,0.761967
11572,0.819672
11573,0.198701
11574,0.844424
11575,0.672863
11576,0.926427
11577,0.951471
11578,0.955566
11579,0.853223
11580,0.720141
11581,0.207971
11582,0.724283
11583,0.512287
11584,0.648756
11585,0.772959
11586,0.514165
11587,0.289279
11588,0.763
11589,0.682156
11590,0.848429
11591,0.869326
11592,0.384353
11593,0.713273
11594,0.541286
11595,0.696971
11596,0.861607
11597,0.794156
11598,0.959459
11599,0.620162
11600,0.296918
11601,0.78863
11602,0.673114
11603,0.790976
11604,0.888661
11605,0.68407
11606,0.8385
11607,0.800527
11608,0.95596
11609,0.562056
11610,0.803067
11611,0.537344
11612,0.72256
11613,0.603672
11614,0.965037
11615,0.641553
11616,0.824187
11617,0.827495
11618,0.956318
11619,0.790536
11620,0.521335
11621,0.799446
11622,0.975716
11623,0.61106
11624,0.742483
11625,0.359075
11626,0.468449
11627,0.533327
11628,0.812657
11629,0.833082
11630,0.678823
11631,0.897208
11632,0.987423
11633,0.571337
11634,0.668774
11635,0.463998
11636,0.975996
11637,0.57587
11638,0.919904
11639,0.712395
11640,0.807466
11641,0.959533
11642,0.744523
11643,0.68403
11644,0.594634
11645,0.509895
11646,0.862548
11647,0.698676
11648,0.764334
11649,0.8369
11650,0.94484
11651,0.759296
11652,0.892842
11653,0.558383
11654,0.430883
11655,0.703864
11656,0.871196
11657,0.869909
11658,0.903236
11659,0.958631
11660,0.549246
11661,0.610324
11662,0.576553
11663,0.689694
11664,0.624203
11665,0.953971
11666,0.697437
11667,0.541595
11668,0.654453
11669,0.679361
11670,0.862167
11671,0.822552
11672,0.920283
11673,0.686849
11674,0.912674
11675,0.748022
11676,0.87443
11677,0.645292
11678,0.85941
11679,0.156796
11680,0.895894
11681,0.945301
11682,0.763883
11683,0.466294
11684,0.925254
11685,0.861304
11686,0.910707
11687,0.624294
11688,0.861328
11689,0.744185
11690,0.570546
11691,0.1717
11692,0.956675
11693,0.986581
11694,0.509594
11695,0.916858
11696,0.868682
11697,0.938946
11698,0.608997
11699,0.988499
11700,0.991366
11701,0.957271
11702,0.834912
11703,0.712478
11704,0.733902
11705,0.819306
11706,0.660302
11707,0.967586
11708,0.906447
11709,0.881015
11710,0.821666
11711,0.865434
11712,0.818899
11713,0.858806
11714,0.585003
11715,0.574349
11716,0.865722
11717,0.909757
11718,0.958452
11719,0.869857
11720,0.774037
11721,0.816099
11722,0.896984
11723,0.841088
11724,0.931863
11725,0.723021
11726,0.356493
11727,0.671288
11728,0.769891
11729,0.435817
11730,0.88663
11731,0.606611
11732,0.875821
11733,0.718062
11734,0.94835
11735,0.867928
11736,0.603842
11737,0.870303
11738,0.481292
11739,0.816274
11740,0.809944
11741,0.661419
11742,0.730072
11743,0.875855
11744,0.821849
11745,0.750589
11746,0.40068
11747,0.611434
11748,0.729576
11749,0.504613
11750,0.837325
11751,0.896856
11752,0.82349
11753,0.876554
11754,0.682657
11755,0.362985
11756,0.811209
11757,0.976353
11758,0.777374
11759,0.640887
11760,0.928396
11761,0.752628
11762,0.375387
11763,0.976207
11764,0.689237
11765,0.960725
11766,0.631346
11767,0.520062
11768,0.928626
11769,0.767298
11770,0.719439
11771,0.694441
11772,0.868705
11773,0.702126
11774,0.738643
11775,0.51714
11776,0.640948
11777,0.983089
11778,0.943464
11779,0.803766
11780,0.858936
11781,0.894764
11782,0.891518
11783,0.799511
11784,0.820806
11785,0.838629
11786,0.790667
11787,0.888618
11788,0.852945
11789,0.642944
11790,0.669287
11791,0.622177
11792,0.789149
11793,0.72008
11794,0.475981
11795,0.753192
11796,0.976914
11797,0.06986
11798,0.652148
11799,0.692947
11800,0.751892
11801,0.823855
11802,0.952347
11803,0.720973
11804,0.98444
11805,0.662605
11806,0.292797
11807,0.684075
11808,0.653431
11809,0.57549
11810,0.079424
11811,0.726656
11812,0.905019
11813,0.836919
11814,0.680317
11815,0.823818
11816,0.963312
11817,0.472869
11818,0.771478
11819,0.945338
11820,0.761975
11821,0.604673
11822,0.742239
11823,0.938978
11824,0.7962
11825,0.403063
11826,0.802001
11827,0.969602
11828,0.612796
11829,0.507467
11830,0.63389
11831,0.900972
11832,0.594184
11833,0.680375
11834,0.663218
11835,0.934485
11836,0.911591
11837,0.852643
11838,0.922095
11839,0.629983
11840,0.440443
11841,0.887666
11842,0.618246
11843,0.635779
11844,0.892153
11845,0.87776
11846,0.765592
11847,0.778924
11848,0.970706
11849,0.702237
11850,0.708088
11851,0.337568
11852,0.631033
11853,0.972806
11854,0.562704
11855,0.835678
11856,0.684788
11857,0.887831
11858,0.877176
11859,0.901432
11860,0.615379
11861,0.791768
11862,0.785408
11863,0.622971
11864,0.773595
11865,0.784308
11866,0.499504
11867,0.485133
11868,0.761557
11869,0.862719
11870,0.952445
11871,0.573475
11872,0.856813
11873,0.93431
11874,0.639013
11875,0.80795
11876,0.710614
11877,0.980464
11878,0.537992
11879,0.860981
11880,0.840809
11881,0.930749
11882,0.185952
11883,0.955149
11884,0.989808
11885,0.518419
11886,0.812239
11887,0.868999
11888,0.97544
11889,0.891888
11890,0.836567
11891,0.685832
11892,0.927612
11893,0.805137
11894,0.535809
11895,0.625888
11896,0.679496
11897,0.874575
11898,0.740785
11899,0.152822
11900,0.843647
11901,0.879859
11902,0.739158
11903,0.616938
11904,0.872733
11905,0.919875
11906,0.759726
11907,0.856692
11908,0.751682
11909,0.784382
11910,0.861619
11911,0.800237
11912,0.429773
11913,0.432613
11914,0.715898
11915,0.759006
11916,0.638573
11917,0.569661
11918,0.732652
11919,0.939373
11920,0.896578
11921,0.804024
11922,0.602735
11923,0.661189
11924,0.703633
11925,0.441332
11926,0.559193
11927,0.160723
11928,0.606039
11929,0.60197
11930,0.878105
11931,0.659046
11932,0.583195
11933,0.753859
11934,0.754542
11935,0.693421
11936,0.91871
11937,0.740926
11938,0.721988
11939,0.851392
11940,0.910513
11941,0.501393
11942,0.664013
11943,0.353842
11944,0.747046
11945,0.566272
11946,0.640665
11947,0.608436
11948,0.456719
11949,0.649892
11950,0.862758
11951,0.826133
11952,0.726588
11953,0.779742
11954,0.743198
11955,0.78685
11956,0.892557
11957,0.430133
11958,0.964357
11959,0.653804
11960,0.563348
11961,0.920573
11962,0.747932
11963,0.080389
11964,0.649936
11965,0.737561
11966,0.811666
11967,0.482312
11968,0.764173
11969,0.761051
11970,0.435471
11971,0.730659
11972,0.722803
11973,0.870209
11974,0.646372
11975,0.733927
11976,0.625747
11977,0.728172
11978,0.744166
11979,0.487039
11980,0.648965
11981,0.578224
11982,0.479417
11983,0.854378
11984,0.714986
11985,0.641571
11986,0.642411
11987,0.632606
11988,0.457096
11989,0.113382
11990,0.712868
11991,0.841883
11992,0.546958
11993,0.821228
11994,0.908168
11995,0.222825
11996,0.788941
11997,0.549292
11998,0.857832
11999,0.80532
12000,0.526093
12001,0.713035
12002,0.663329
12003,0.917425
12004,0.704095
12005,0.617049
12006,0.860782
12007,0.883277
12008,0.477411
12009,0.644501
12010,0.521685
12011,0.477685
12012,0.625186
12013,0.640186
12014,0.704112
12015,0.525127
12016,0.619597
12017,0.982274
12018,0.813538
12019,0.920153
12020,0.951231
12021,0.627675
12022,0.441431
12023,0.630686
12024,0.655654
12025,0.82831
12026,0.555315
12027,0.466281
12028,0.777981
12029,0.49802
12030,0.550039
12031,0.828434
12032,0.63892
12033,0.953734
12034,0.753145
12035,0.874995
12036,0.830226
12037,0.916691
12038,0.34917
12039,0.669044
12040,0.342761
12041,0.65309
12042,0.93637
12043,0.542093
12044,0.67894
12045,0.670988
12046,0.598049
12047,0.657341
12048,0.896774
12049,0.891776
12050,0.631881
12051,0.964195
12052,0.637725
12053,0.896295
12054,0.767115
12055,0.880784
12056,0.675953
12057,0.753423
12058,0.877491
12059,0.753629
12060,0.834056
12061,0.812113
12062,0.671371
12063,0.678547
12064,0.385696
12065,0.917979
12066,0.456601
12067,0.698325
12068,0.745983
12069,0.593085
12070,0.70029
12071,0.132806
12072,0.515912
12073,0.590425
12074,0.859427
12075,0.808065
12076,0.407349
12077,0.737908
12078,0.859306
12079,0.827723
12080,0.031565
12081,0.4573
12082,0.858875
12083,0.895106
12084,0.655243
12085,0.519849
12086,0.370647
12087,0.576273
12088,0.936855
12089,0.719988
12090,0.710383
12091,0.745505
12092,0.648936
12093,0.622841
12094,0.989503
12095,0.779472
12096,0.040126
12097,0.744681
12098,0.892389
12099,0.657412
12100,0.702962
12101,0.68086
12102,0.955899
12103,0.693637
12104,0.458475
12105,0.348218
12106,0.834301
12107,0.571248
12108,0.722488
12109,0.842219
12110,0.806615
12111,0.440459
12112,0.625922
12113,0.746136
12114,0.81252
12115,0.795151
12116,0.858276
12117,0.841912
12118,0.919969
12119,0.678229
12120,0.694962
12121,0.765632
12122,0.818435
12123,0.719294
12124,0.580431
12125,0.532648
12126,0.959736
12127,0.55706
12128,0.865666
12129,0.597103
12130,0.708925
12131,0.82203
12132,0.630528
12133,0.822067
12134,0.836478
12135,0.879494
12136,0.75158
12137,0.439509
12138,0.14863
12139,0.470808
12140,0.708189
12141,0.599189
12142,0.653564
12143,0.93032
12144,0.911908
12145,0.638828
12146,0.774114
12147,0.496726
12148,0.818086
12149,0.838691
12150,0.84605
12151,0.210504
12152,0.928858
12153,0.700104
12154,0.747435
12155,0.922538
12156,0.59399
12157,0.579614
12158,0.879468
12159,0.734653
12160,0.978596
12161,0.752332
12162,0.533402
12163,0.963907
12164,0.760013
12165,0.757925
12166,0.959867
12167,0.664688
12168,0.624032
12169,0.84983
12170,0.892631
12171,0.696585
12172,0.794981
12173,0.693047
12174,0.914436
12175,0.076743
12176,0.939744
12177,0.832078
12178,0.789293
12179,0.596354
12180,0.869085
12181,0.756669
12182,0.476671
12183,0.829037
12184,0.655273
12185,0.638613
12186,0.589837
12187,0.59314
12188,0.969421
12189,0.352645
12190,0.803683
12191,0.493747
12192,0.99801
12193,0.768895
12194,0.825451
12195,0.900267
12196,0.774632
12197,0.911173
12198,0.898639
12199,0.900364
12200,0.708409
12201,0.642964
12202,0.870218
12203,0.888944
12204,0.484712
12205,0.832753
12206,0.672769
12207,0.936831
12208,0.700523
12209,0.894119
12210,0.940191
12211,0.719679
12212,0.953889
12213,0.81525
12214,0.823783
12215,0.621228
12216,0.711237
12217,0.933328
12218,0.459245
12219,0.567825
12220,0.648301
12221,0.786553
12222,0.610087
12223,0.87074
12224,0.962325
12225,0.40079
12226,0.785439
12227,0.746065
12228,0.667743
12229,0.715787
12230,0.876636
12231,0.536707
12232,0.673744
12233,0.529006
12234,0.805056
12235,0.731446
12236,0.952859
12237,0.731502
12238,0.792707
12239,0.742206
12240,0.730754
12241,0.133709
12242,0.789828
12243,0.439946
12244,0.78838
12245,0.739462
12246,0.837407
12247,0.334101
12248,0.663866
12249,0.66363
12250,0.75232
12251,0.872493
12252,0.533219
12253,0.541903
12254,0.908264
12255,0.621358
12256,0.976166
12257,0.720349
12258,0.596985
12259,0.939786
12260,0.937283
12261,0.053925
12262,0.911396
12263,0.608157
12264,0.45333
12265,0.636832
12266,0.712753
12267,0.741385
12268,0.917508
12269,0.733506
12270,0.879604
12271,0.615102
12272,0.949713
12273,0.792768
12274,0.936656
12275,0.777263
12276,0.620562
12277,0.472422
12278,0.90409
12279,0.599316
12280,0.904267
12281,0.748158
12282,0.721658
12283,0.443381
12284,0.70007
12285,0.849848
12286,0.701196
12287,0.606357
12288,0.771278
12289,0.72892
12290,0.920086
12291,0.850522
12292,0.763607
12293,0.727136
12294,0.424588
12295,0.916213
12296,0.880944
12297,0.769378
12298,0.895999
12299,0.679257
12300,0.926879
12301,0.559496
12302,0.814884
12303,0.984883
12304,0.605628
12305,0.92487
12306,0.943187
12307,0.726877
12308,0.985308
12309,0.506615
12310,0.945564
12311,0.8759
12312,0.865003
12313,0.828671
12314,0.092751
12315,0.284114
12316,0.920702
12317,0.682655
12318,0.227068
12319,0.823367
12320,0.635049
12321,0.707548
12322,0.679307
12323,0.583149
12324,0.467526
12325,0.435883
12326,0.367355
12327,0.621817
12328,0.573902
12329,0.550264
12330,0.759964
12331,0.824019
12332,0.507121
12333,0.762475
12334,0.846274
12335,0.83863
12336,0.395716
12337,0.273076
12338,0.768144
12339,0.676769
12340,0.75442
12341,0.629851
12342,0.843005
12343,0.626128
12344,0.801611
12345,0.81573
12346,0.946977
12347,0.733223
12348,0.58625
12349,0.652982
12350,0.783504
12351,0.629281
12352,0.988207
12353,0.949789
12354,0.691223
12355,0.969746
12356,0.876055
12357,0.802682
12358,0.937661
12359,0.08257
12360,0.979611
12361,0.516126
12362,0.746616
12363,0.444341
12364,0.772391
12365,0.274302
12366,0.776028
12367,0.681937
12368,0.757633
12369,0.545685
12370,0.65281
12371,0.945504
12372,0.417951
12373,0.968106
12374,0.899079
12375,0.679575
12376,0.721135
12377,0.911409
12378,0.792771
12379,0.84359
12380,0.508263
12381,0.64014
12382,0.927585
12383,0.728262
12384,0.793913
12385,0.596608
12386,0.622971
12387,0.799922
12388,0.876715
12389,0.786512
12390,0.842712
12391,0.931145
12392,0.538232
12393,0.653397
12394,0.95344
12395,0.930086
12396,0.346937
12397,0.727304
12398,0.645771
12399,0.957256
12400,0.68415
12401,0.737201
12402,0.265136
12403,0.622517
12404,0.640855
12405,0.834216
12406,0.717639
12407,0.798227
12408,0.581068
12409,0.718383
12410,0.721093
12411,0.945308
12412,0.633975
12413,0.623549
12414,0.933767
12415,0.853589
12416,0.910918
12417,0.741456
12418,0.656229
12419,0.688392
12420,0.983822
12421,0.660802
12422,0.489603
12423,0.843763
12424,0.975878
12425,0.512077
12426,0.957379
12427,0.976176
12428,0.955401
12429,0.205104
12430,0.711113
12431,0.080693
12432,0.780667
12433,0.944823
12434,0.644115
12435,0.267351
12436,0.914184
12437,0.981565
12438,0.804279
12439,0.836325
12440,0.83047
12441,0.757584
12442,0.982966
12443,0.742753
12444,0.895345
12445,0.953194
12446,0.779725
12447,0.803024
12448,0.257989
12449,0.806568
12450,0.943089
12451,0.594626
12452,0.781086
12453,0.722186
12454,0.75964
12455,0.820175
12456,0.877557
12457,0.936423
12458,0.798018
12459,0.57973
12460,0.549177
12461,0.482506
12462,0.813308
12463,0.837165
12464,0.906404
12465,0.645531
12466,0.959329
12467,0.759745
12468,0.746418
12469,0.831706
12470,0.707969
12471,0.420765
12472,0.847713
12473,0.760687
12474,0.992806
12475,0.857094
12476,0.701809
12477,0.802405
12478,0.542674
12479,0.693167
12480,0.618805
12481,0.250164
12482,0.784526
12483,0.953556
12484,0.699752
12485,0.566558
12486,0.529712
12487,0.936178
12488,0.936675
12489,0.891648
12490,0.101029
12491,0.964783
12492,0.851951
12493,0.692949
12494,0.960922
12495,0.671098
12496,0.93432
12497,0.800396
12498,0.572319
12499,0.550471
12500,0.722592
12501,0.589666
12502,0.968562
12503,0.708418
12504,0.593081
12505,0.870887
12506,0.821945
12507,0.727413
12508,0.256599
12509,0.56695
12510,0.093104
12511,0.735272
12512,0.840527
12513,0.724858
12514,0.827167
12515,0.657673
12516,0.644927
12517,0.809035
12518,0.800801
12519,0.731066
12520,0.820173
12521,0.523756
12522,0.95878
12523,0.51617
12524,0.647493
12525,0.723581
12526,0.633681
12527,0.943537
12528,0.685157
12529,0.280033
12530,0.614726
12531,0.947635
12532,0.745389
12533,0.961097
12534,0.614776
12535,0.819908
12536,0.584559
12537,0.883317
12538,0.467477
12539,0.603825
12540,0.564101
12541,0.78241
12542,0.674327
12543,0.620258
12544,0.746708
12545,0.742459
12546,0.459624
12547,0.770341
12548,0.231605
12549,0.938859
12550,0.680785
12551,0.600481
12552,0.646529
12553,0.976377
12554,0.726451
12555,0.866156
12556,0.923204
12557,0.565855
12558,0.887108
12559,0.937922
12560,0.616429
12561,0.742582
12562,0.205432
12563,0.850271
12564,0.393313
12565,0.529302
12566,0.841572
12567,0.61805
12568,0.905397
12569,0.908951
12570,0.796671
12571,0.976174
12572,0.979764
12573,0.928316
12574,0.876137
12575,0.845424
12576,0.907549
12577,0.659962
12578,0.883795
12579,0.399638
12580,0.743943
12581,0.19695
12582,0.792964
12583,0.866014
12584,0.808977
12585,0.507889
12586,0.912058
12587,0.456143
12588,0.647165
12589,0.662434
12590,0.902707
12591,0.681793
12592,0.927062
12593,0.63919
12594,0.409624
12595,0.629644
12596,0.798668
12597,0.061201
12598,0.837142
12599,0.812948
12600,0.738335
12601,0.843774
12602,0.927926
12603,0.971149
12604,0.699901
12605,0.904819
12606,0.965915
12607,0.752758
12608,0.697056
12609,0.807333
12610,0.548795
12611,0.733343
12612,0.654939
12613,0.8337
12614,0.772155
12615,0.832062
12616,0.803438
12617,0.808879
12618,0.829913
12619,0.560446
12620,0.316388
12621,0.691674
12622,0.850671
12623,0.724268
12624,0.654988
12625,0.631554
12626,0.772061
12627,0.684268
12628,0.552538
12629,0.975785
12630,0.577703
12631,0.745064
12632,0.976197
12633,0.982232
12634,0.939792
12635,0.518495
12636,0.772958
12637,0.778366
12638,0.657878
12639,0.059667
12640,0.500886
12641,0.586427
12642,0.638226
12643,0.7856
12644,0.903775
12645,0.624728
12646,0.743373
12647,0.764618
12648,0.867327
12649,0.554195
12650,0.965815
12651,0.922908
12652,0.44171
12653,0.550542
12654,0.58449
12655,0.873319
12656,0.735351
12657,0.952792
12658,0.689818
12659,0.837719
12660,0.519083
12661,0.80508
12662,0.827147
12663,0.694267
12664,0.295599
12665,0.637339
12666,0.614649
12667,0.846333
12668,0.912094
12669,0.610624
12670,0.780416
12671,0.984065
12672,0.730355
12673,0.876428
12674,0.720267
12675,0.591668
12676,0.726958
12677,0.470482
12678,0.748109
12679,0.860799
12680,0.46038
12681,0.499671
12682,0.780552
12683,0.916087
12684,0.908626
12685,0.830249
12686,0.583252
12687,0.525659
12688,0.369508
12689,0.58696
12690,0.854367
12691,0.643101
12692,0.829706
12693,0.959386
12694,0.640383
12695,0.911292
12696,0.656569
12697,0.827625
12698,0.848541
12699,0.38065
12700,0.954626
12701,0.122906
12702,0.560011
12703,0.877497
12704,0.943551
12705,0.754462
12706,0.66147
12707,0.939992
12708,0.972714
12709,0.870743
12710,0.70052
12711,0.658791
12712,0.828197
12713,0.67176
12714,0.72167
12715,0.837596
12716,0.715223
12717,0.883062
12718,0.879955
12719,0.535559
12720,0.841877
12721,0.426364
12722,0.129158
12723,0.533811
12724,0.920575
12725,0.900343
12726,0.874604
12727,0.711412
12728,0.631169
12729,0.663835
12730,0.310647
12731,0.680112
12732,0.657334
12733,0.639471
12734,0.558862
12735,0.701346
12736,0.503876
12737,0.795941
12738,0.883642
12739,0.602556
12740,0.75106
12741,0.643514
12742,0.680627
12743,0.819092
12744,0.880394
12745,0.653598
12746,0.437897
12747,0.745858
12748,0.806179
12749,0.255001
12750,0.882429
12751,0.606972
12752,0.922994
12753,0.962917
12754,0.857157
12755,0.923324
12756,0.712698
12757,0.488697
12758,0.954043
12759,0.868355
12760,0.688152
12761,0.483076
12762,0.83948
12763,0.247566
12764,0.637269
12765,0.835622
12766,0.643425
12767,0.904658
12768,0.651224
12769,0.906474
12770,0.688684
12771,0.885969
12772,0.680767
12773,0.671318
12774,0.622348
12775,0.694858
12776,0.760857
12777,0.689094
12778,0.607247
12779,0.777054
12780,0.653609
12781,0.680549
12782,0.713465
12783,0.624214
12784,0.370085
12785,0.579612
12786,0.570204
12787,0.726051
12788,0.75542
12789,0.504475
12790,0.847418
12791,0.736086
12792,0.551952
12793,0.937282
12794,0.666562
12795,0.693102
12796,0.869601
12797,0.892553
12798,0.639422
12799,0.858663
12800,0.618973
12801,0.680353
12802,0.783326
12803,0.69432
12804,0.973361
12805,0.776793
12806,0.729059
12807,0.764609
12808,0.940881
12809,0.062329
12810,0.489313
12811,0.604974
12812,0.815024
12813,0.435893
12814,0.507906
12815,0.857065
12816,0.723849
12817,0.762556
12818,0.919716
12819,0.751939
12820,0.737264
12821,0.946599
12822,0.637822
12823,0.621463
12824,0.937491
12825,0.484737
12826,0.423047
12827,0.736313
12828,0.795784
12829,0.862106
12830,0.663158
12831,0.979108
12832,0.971285
12833,0.590818
12834,0.631764
12835,0.889406
12836,0.516091
12837,0.789299
12838,0.76575
12839,0.664087
12840,0.109028
12841,0.682948
12842,0.66871
12843,0.760365
12844,0.763024
12845,0.943788
12846,0.689037
12847,0.624354
12848,0.591639
12849,0.454152
12850,0.789565
12851,0.838754
12852,0.56397
12853,0.979006
12854,0.901456
12855,0.720239
12856,0.830413
12857,0.960044
12858,0.16664
12859,0.769925
12860,0.503695
12861,0.862592
12862,0.785249
12863,0.991423
12864,0.61126
12865,0.981026
12866,0.906789
12867,0.995104
12868,0.440886
12869,0.723326
12870,0.367944
12871,0.642868
12872,0.854064
12873,0.584724
12874,0.87968
12875,0.641196
12876,0.954496
12877,0.318609
12878,0.753207
12879,0.913951
12880,0.807207
12881,0.367617
12882,0.688815
12883,0.644854
12884,0.7176
12885,0.976053
12886,0.759865
12887,0.790859
12888,0.980501
12889,0.866775
12890,0.887517
12891,0.886294
12892,0.868552
12893,0.596217
12894,0.931412
12895,0.903882
12896,0.825174
12897,0.7657
12898,0.591324
12899,0.680876
12900,0.576813
12901,0.753443
12902,0.836247
12903,0.713251
12904,0.931049
12905,0.421945
12906,0.631593
12907,0.810176
12908,0.889193
12909,0.720721
12910,0.811748
12911,0.832654
12912,0.324574
12913,0.76518
12914,0.992774
12915,0.516914
12916,0.509196
12917,0.670979
12918,0.281215
12919,0.639012
12920,0.651209
12921,0.675877
12922,0.509249
12923,0.57937
12924,0.717395
12925,0.805504
12926,0.821785
12927,0.638656
12928,0.615277
12929,0.858595
12930,0.803449
12931,0.392966
12932,0.498102
12933,0.843068
12934,0.757795
12935,0.600212
12936,0.66636
12937,0.924783
12938,0.8423
12939,0.729393
12940,0.918365
12941,0.892187
12942,0.638462
12943,0.731718
12944,0.244153
12945,0.1544
12946,0.929118
12947,0.972476
12948,0.856676
12949,0.96193
12950,0.583352
12951,0.952274
12952,0.493165
12953,0.878808
12954,0.837338
12955,0.73586
12956,0.627445
12957,0.06013
12958,0.800945
12959,0.805541
12960,0.508494
12961,0.641889
12962,0.930115
12963,0.787644
12964,0.95785
12965,0.245665
12966,0.866083
12967,0.71343
12968,0.608747
12969,0.644294
12970,0.611985
12971,0.759975
12972,0.343992
12973,0.74085
12974,0.593295
12975,0.886784
12976,0.85193
12977,0.670889
12978,0.93999
12979,0.599268
12980,0.711059
12981,0.648934
12982,0.699439
12983,0.669104
12984,0.573218
12985,0.91504
12986,0.781149
12987,0.14722
12988,0.35537
12989,0.660214
12990,0.983699
12991,0.067211
12992,0.727034
12993,0.588711
12994,0.798249
12995,0.689664
12996,0.616133
12997,0.969522
12998,0.424174
12999,0.958876
13000,0.735681
13001,0.820168
13002,0.683282
13003,0.715128
13004,0.699029
13005,0.850829
13006,0.689039
13007,0.58899
13008,0.712279
13009,0.557377
13010,0.441002
13011,0.641935
13012,0.829248
13013,0.964395
13014,0.403035
13015,0.87921
13016,0.582552
13017,0.835889
13018,0.898749
13019,0.925696
13020,0.780601
13021,0.838593
13022,0.764791
13023,0.56722
13024,0.730503
13025,0.479706
13026,0.670758
13027,0.259785
13028,0.897311
13029,0.936814
13030,0.096305
13031,0.590062
13032,0.757187
13033,0.912857
13034,0.527983
13035,0.835298
13036,0.720256
13037,0.97064
13038,0.720722
13039,0.531394
13040,0.991051
13041,0.721432
13042,0.654997
13043,0.721097
13044,0.847372
13045,0.601938
13046,0.930231
13047,0.895159
13048,0.849632
13049,0.761673
13050,0.356893
13051,0.402115
13052,0.825462
13053,0.540346
13054,0.521227
13055,0.674417
13056,0.816836
13057,0.655308
13058,0.113958
13059,0.716661
13060,0.510884
13061,0.640395
13062,0.876883
13063,0.585463
13064,0.666677
13065,0.836658
13066,0.816209
13067,0.943164
13068,0.853011
13069,0.767884
13070,0.156952
13071,0.633302
13072,0.782345
13073,0.545949
13074,0.778023
13075,0.53939
13076,0.783513
13077,0.625409
13078,0.461425
13079,0.615798
13080,0.898103
13081,0.389047
13082,0.752477
13083,0.710492
13084,0.748544
13085,0.276729
13086,0.412149
13087,0.378597
13088,0.71663
13089,0.829565
13090,0.876978
13091,0.820969
13092,0.591704
13093,0.908516
13094,0.913497
13095,0.879235
13096,0.388852
13097,0.603499
13098,0.576623
13099,0.66784
13100,0.387891
13101,0.732866
13102,0.671466
13103,0.727598
13104,0.697828
13105,0.142939
13106,0.650528
13107,0.570606
13108,0.665854
13109,0.69606
13110,0.454598
13111,0.494622
13112,0.947601
13113,0.796482
13114,0.280983
13115,0.766629
13116,0.472955
13117,0.731356
13118,0.570628
13119,0.952055
13120,0.680811
13121,0.575226
13122,0.800909
13123,0.370183
13124,0.656815
13125,0.654557
13126,0.598215
13127,0.461679
13128,0.539813
13129,0.699813
13130,0.75207
13131,0.75487
13132,0.881704
13133,0.954879
13134,0.912388
13135,0.416374
13136,0.645679
13137,0.609231
13138,0.586133
13139,0.97876
13140,0.664696
13141,0.655899
13142,0.813109
13143,0.750819
13144,0.535968
13145,0.5345
13146,0.833666
13147,0.926033
13148,0.619186
13149,0.796924
13150,0.66658
13151,0.641991
13152,0.076979
13153,0.768476
13154,0.645977
13155,0.638723
13156,0.806882
13157,0.554938
13158,0.731441
13159,0.947138
13160,0.876177
13161,0.714988
13162,0.931003
13163,0.782603
13164,0.92246
13165,0.764537
13166,0.695916
13167,0.743545
13168,0.840846
13169,0.371314
13170,0.658318
13171,0.937044
13172,0.829942
13173,0.615848
13174,0.766207
13175,0.642486
13176,0.616043
13177,0.971575
13178,0.827015
13179,0.642333
13180,0.903332
13181,0.74011
13182,0.47418
13183,0.703735
13184,0.867856
13185,0.676284
13186,0.384558
13187,0.868904
13188,0.882188
13189,0.768923
13190,0.307826
13191,0.803219
13192,0.682159
13193,0.980987
13194,0.654427
13195,0.506042
13196,0.713594
13197,0.822301
13198,0.375335
13199,0.990241
13200,0.940369
13201,0.968908
13202,0.898782
13203,0.881323
13204,0.863179
13205,0.802444
13206,0.906043
13207,0.456652
13208,0.647035
13209,0.548318
13210,0.502123
13211,0.667533
13212,0.792487
13213,0.700921
13214,0.73457
13215,0.74543
13216,0.811948
13217,0.522832
13218,0.942438
13219,0.84891
13220,0.709987
13221,0.915746
13222,0.759796
13223,0.949067
13224,0.828486
13225,0.694278
13226,0.778466
13227,0.639457
13228,0.696799
13229,0.659283
13230,0.641619
13231,0.279741
13232,0.663954
13233,0.788989
13234,0.573947
13235,0.793502
13236,0.770697
13237,0.78693
13238,0.969346
13239,0.66766
13240,0.894629
13241,0.691762
13242,0.58871
13243,0.843029
13244,0.891305
13245,0.628637
13246,0.833793
13247,0.7126
13248,0.879969
13249,0.720423
13250,0.445562
13251,0.563327
13252,0.462893
13253,0.800468
13254,0.561721
13255,0.900701
13256,0.664982
13257,0.538642
13258,0.963707
13259,0.792553
13260,0.939098
13261,0.928033
13262,0.417442
13263,0.961685
13264,0.946573
13265,0.433476
13266,0.791342
13267,0.573516
13268,0.822713
13269,0.628541
13270,0.413241
13271,0.704235
13272,0.889699
13273,0.679428
13274,0.478966
13275,0.632608
13276,0.813154
13277,0.417966
13278,0.822317
13279,0.686104
13280,0.506719
13281,0.871388
13282,0.634774
13283,0.41689
13284,0.731149
13285,0.583752
13286,0.226569
13287,0.485409
13288,0.895382
13289,0.070306
13290,0.740566
13291,0.789873
13292,0.70667
13293,0.779966
13294,0.603024
13295,0.978659
13296,0.840925
13297,0.751411
13298,0.745319
13299,0.666155
13300,0.962752
13301,0.714595
13302,0.956321
13303,0.726691
13304,0.994705
13305,0.574648
13306,0.583931
13307,0.94006
13308,0.39467
13309,0.761884
13310,0.99042
13311,0.875374
13312,0.132348
13313,0.886234
13314,0.743137
13315,0.781993
13316,0.486502
13317,0.952868
13318,0.4727
13319,0.889839
13320,0.577458
13321,0.126483
13322,0.171795
13323,0.901871
13324,0.359051
13325,0.601157
13326,0.846372
13327,0.617258
13328,0.532193
13329,0.85282
13330,0.788853
13331,0.959572
13332,0.993218
13333,0.804515
13334,0.806851
13335,0.505143
13336,0.800182
13337,0.40219
13338,0.750854
13339,0.873481
13340,0.639794
13341,0.594256
13342,0.757933
13343,0.397367
13344,0.373454
13345,0.785447
13346,0.796726
13347,0.857861
13348,0.447013
13349,0.633776
13350,0.634476
13351,0.680107
13352,0.797342
13353,0.879348
13354,0.653099
13355,0.705476
13356,0.858988
13357,0.54873
13358,0.707676
13359,0.339785
13360,0.716112
13361,0.812525
13362,0.82046
13363,0.633817
13364,0.806152
13365,0.993881
13366,0.702098
13367,0.657976
13368,0.549755
13369,0.640734
13370,0.663641
13371,0.723951
13372,0.917471
13373,0.617584
13374,0.77421
13375,0.871539
13376,0.819419
13377,0.733912
13378,0.378576
13379,0.96263
13380,0.055037
13381,0.953461
13382,0.836268
13383,0.814548
13384,0.468939
13385,0.550158
13386,0.748259
13387,0.844036
13388,0.580683
13389,0.849876
13390,0.075453
13391,0.083199
13392,0.695075
13393,0.962997
13394,0.963458
13395,0.716031
13396,0.881425
13397,0.545885
13398,0.743336
13399,0.716189
13400,0.802012
13401,0.643965
13402,0.719439
13403,0.671132
13404,0.696485
13405,0.745127
13406,0.919388
13407,0.954447
13408,0.762382
13409,0.49682
13410,0.916412
13411,0.978073
13412,0.757244
13413,0.835951
13414,0.471994
13415,0.881887
13416,0.488959
13417,0.834336
13418,0.514669
13419,0.92921
13420,0.745487
13421,0.298485
13422,0.879117
13423,0.603983
13424,0.872643
13425,0.696214
13426,0.727509
13427,0.345206
13428,0.742281
13429,0.677283
13430,0.928356
13431,0.400084
13432,0.617769
13433,0.837748
13434,0.449039
13435,0.962084
13436,0.624873
13437,0.401568
13438,0.795637
13439,0.757061
13440,0.817101
13441,0.696758
13442,0.208336
13443,0.804159
13444,0.713394
13445,0.57354
13446,0.945839
13447,0.910391
13448,0.968997
13449,0.764788
13450,0.892214
13451,0.696664
13452,0.95457
13453,0.567906
13454,0.828884
13455,0.784729
13456,0.079956
13457,0.886388
13458,0.737292
13459,0.760487
13460,0.574317
13461,0.648445
13462,0.459929
13463,0.640561
13464,0.489125
13465,0.393859
13466,0.595476
13467,0.61921
13468,0.668626
13469,0.4321
13470,0.967
13471,0.940313
13472,0.700781
13473,0.648726
13474,0.549985
13475,0.710087
13476,0.478075
13477,0.935368
13478,0.590253
13479,0.697578
13480,0.616011
13481,0.886516
13482,0.515663
13483,0.908138
13484,0.680785
13485,0.828459
13486,0.741539
13487,0.736962
13488,0.428882
13489,0.622128
13490,0.805282
13491,0.714574
13492,0.951406
13493,0.852972
13494,0.742021
13495,0.511562
13496,0.816886
13497,0.788916
13498,0.844625
13499,0.599863
13500,0.901839
13501,0.74209
13502,0.965588
13503,0.910929
13504,0.771505
13505,0.724181
13506,0.728803
13507,0.753478
13508,0.0739
13509,0.855771
13510,0.804304
13511,0.598306
13512,0.816103
13513,0.890643
13514,0.665741
13515,0.804102
13516,0.744975
13517,0.903222
13518,0.681618
13519,0.667703
13520,0.3517
13521,0.623707
13522,0.865055
13523,0.633714
13524,0.545704
13525,0.52816
13526,0.913135
13527,0.783809
13528,0.262458
13529,0.860657
13530,0.860084
13531,0.520023
13532,0.821053
13533,0.731527
13534,0.703054
13535,0.070722
13536,0.589263
13537,0.393731
13538,0.337318
13539,0.920366
13540,0.776184
13541,0.517064
13542,0.802274
13543,0.970954
13544,0.916757
13545,0.781186
13546,0.875218
13547,0.427868
13548,0.383327
13549,0.754814
13550,0.895454
13551,0.677381
13552,0.541151
13553,0.884249
13554,0.590204
13555,0.592854
13556,0.473157
13557,0.935613
13558,0.854304
13559,0.76338
13560,0.965426
13561,0.868295
13562,0.939879
13563,0.66907
13564,0.036067
13565,0.514769
13566,0.645216
13567,0.880493
13568,0.993643
13569,0.843917
13570,0.626388
13571,0.878955
13572,0.932401
13573,0.407251
13574,0.826109
13575,0.856492
13576,0.771701
13577,0.835016
13578,0.423585
13579,0.825906
13580,0.502337
13581,0.636286
13582,0.952882
13583,0.347248
13584,0.516631
13585,0.957531
13586,0.906228
13587,0.946724
13588,0.783308
13589,0.919766
13590,0.634633
13591,0.754527
13592,0.505398
13593,0.104783
13594,0.931334
13595,0.988982
13596,0.908634
13597,0.951414
13598,0.454241
13599,0.416799
13600,0.680074
13601,0.801192
13602,0.904349
13603,0.655167
13604,0.785931
13605,0.705442
13606,0.796873
13607,0.834719
13608,0.798575
13609,0.861345
13610,0.758671
13611,0.403007
13612,0.777841
13613,0.861107
13614,0.652818
13615,0.847352
13616,0.953761
13617,0.768072
13618,0.640059
13619,0.786248
13620,0.899111
13621,0.868676
13622,0.932062
13623,0.594843
13624,0.759678
13625,0.570765
13626,0.983906
13627,0.437802
13628,0.963875
13629,0.813932
13630,0.599364
13631,0.975325
13632,0.64067
13633,0.422437
13634,0.92893
13635,0.731199
13636,0.774318
13637,0.806408
13638,0.672477
13639,0.553155
13640,0.824708
13641,0.767463
13642,0.674645
13643,0.729204
13644,0.612954
13645,0.727585
13646,0.438421
13647,0.449992
13648,0.549514
13649,0.658931
13650,0.459908
13651,0.667231
13652,0.524391
13653,0.882507
13654,0.700383
13655,0.731479
13656,0.33899
13657,0.664871
13658,0.90418
13659,0.607119
13660,0.602772
13661,0.672556
13662,0.634579
13663,0.488785
13664,0.952987
13665,0.658684
13666,0.707497
13667,0.741233
13668,0.761163
13669,0.724253
13670,0.645179
13671,0.629275
13672,0.945814
13673,0.581046
13674,0.676194
13675,0.9459
13676,0.837426
13677,0.862414
13678,0.61508
13679,0.888196
13680,0.751899
13681,0.422805
13682,0.601585
13683,0.04184
13684,0.933015
13685,0.846522
13686,0.861641
13687,0.299719
13688,0.770638
13689,0.909157
13690,0.954566
13691,0.591146
13692,0.95964
13693,0.619752
13694,0.757145
13695,0.72183
13696,0.4584
13697,0.656997
13698,0.974989
13699,0.623557
13700,0.873211
13701,0.853838
13702,0.797355
13703,0.305609
13704,0.792674
13705,0.551503
13706,0.814246
13707,0.087345
13708,0.875124
13709,0.85753
13710,0.777695
13711,0.55615
13712,0.522091
13713,0.835352
13714,0.910065
13715,0.890404
13716,0.890213
13717,0.984752
13718,0.723141
13719,0.763628
13720,0.851621
13721,0.683595
13722,0.934674
13723,0.969879
13724,0.952813
13725,0.973974
13726,0.341718
13727,0.62681
13728,0.502878
13729,0.722264
13730,0.991397
13731,0.742013
13732,0.989515
13733,0.943494
13734,0.966504
13735,0.920822
13736,0.788857
13737,0.913329
13738,0.746395
13739,0.616996
13740,0.13112
13741,0.976321
13742,0.154103
13743,0.513681
13744,0.507174
13745,0.651781
13746,0.907023
13747,0.094594
13748,0.736267
13749,0.788503
13750,0.867451
13751,0.925131
13752,0.946515
13753,0.647486
13754,0.709637
13755,0.678034
13756,0.492083
13757,0.195596
13758,0.786185
13759,0.907584
13760,0.614703
13761,0.712791
13762,0.911001
13763,0.510153
13764,0.706143
13765,0.781303
13766,0.983368
13767,0.625933
13768,0.704785
13769,0.603827
13770,0.836727
13771,0.964012
13772,0.661675
13773,0.828308
13774,0.698563
13775,0.950465
13776,0.784879
13777,0.65477
13778,0.803182
13779,0.72424
13780,0.899298
13781,0.989487
13782,0.48724
13783,0.909442
13784,0.946133
13785,0.907911
13786,0.676901
13787,0.753689
13788,0.773759
13789,0.676704
13790,0.085667
13791,0.948841
13792,0.819261
13793,0.666254
13794,0.818156
13795,0.907165
13796,0.473468
13797,0.966036
13798,0.543524
13799,0.608096
13800,0.683966
13801,0.96004
13802,0.795383
13803,0.702112
13804,0.91946
13805,0.522641
13806,0.918813
13807,0.683064
13808,0.592608
13809,0.738555
13810,0.354112
13811,0.948362
13812,0.850323
13813,0.702067
13814,0.492561
13815,0.972525
13816,0.744167
13817,0.689986
13818,0.839907
13819,0.869358
13820,0.692451
13821,0.655324
13822,0.607312
13823,0.812007
13824,0.858538
13825,0.874264
13826,0.620856
13827,0.89505
13828,0.569046
13829,0.99543
13830,0.681797
13831,0.756751
13832,0.470919
13833,0.564468
13834,0.900554
13835,0.946238
13836,0.791863
13837,0.982926
13838,0.992002
13839,0.800903
13840,0.811396
13841,0.835129
13842,0.928475
13843,0.733755
13844,0.448365
13845,0.671805
13846,0.869689
13847,0.304096
13848,0.407274
13849,0.493441
13850,0.606192
13851,0.791289
13852,0.868803
13853,0.974401
13854,0.593625
13855,0.811447
13856,0.851539
13857,0.542665
13858,0.801787
13859,0.726006
13860,0.833316
13861,0.829319
13862,0.816991
13863,0.925691
13864,0.96108
13865,0.787168
13866,0.871771
13867,0.758331
13868,0.899704
13869,0.736915
13870,0.570311
13871,0.765895
13872,0.666456
13873,0.918324
13874,0.970132
13875,0.828933
13876,0.59073
13877,0.760942
13878,0.904325
13879,0.86634
13880,0.992968
13881,0.850119
13882,0.901618
13883,0.82502
13884,0.741496
13885,0.898318
13886,0.640999
13887,0.93724
13888,0.168848
13889,0.707275
13890,0.612559
13891,0.766047
13892,0.983435
13893,0.806472
13894,0.928975
13895,0.887031
13896,0.764389
13897,0.475102
13898,0.501056
13899,0.911548
13900,0.876492
13901,0.721519
13902,0.59344
13903,0.66945
13904,0.693931
13905,0.409519
13906,0.637149
13907,0.924925
13908,0.683997
13909,0.847098
13910,0.797092
13911,0.803979
13912,0.654293
13913,0.773456
13914,0.977246
13915,0.732452
13916,0.835291
13917,0.660576
13918,0.947127
13919,0.930443
13920,0.735611
13921,0.505226
13922,0.14384
13923,0.552689
13924,0.609537
13925,0.820873
13926,0.503702
13927,0.516811
13928,0.769315
13929,0.715542
13930,0.603036
13931,0.71101
13932,0.934829
13933,0.716087
13934,0.927131
13935,0.757542
13936,0.722458
13937,0.969561
13938,0.820895
13939,0.883786
13940,0.770781
13941,0.524136
13942,0.6205
13943,0.823655
13944,0.680078
13945,0.810699
13946,0.591652
13947,0.703197
13948,0.669797
13949,0.703546
13950,0.749048
13951,0.324248
13952,0.996797
13953,0.698427
13954,0.995667
13955,0.633238
13956,0.398237
13957,0.964354
13958,0.794389
13959,0.523088
13960,0.608576
13961,0.611042
13962,0.476893
13963,0.81057
13964,0.712416
13965,0.855884
13966,0.917756
13967,0.75927
13968,0.617415
13969,0.660259
13970,0.747664
13971,0.880756
13972,0.53477
13973,0.711086
13974,0.410523
13975,0.76733
13976,0.9758
13977,0.705528
13978,0.805253
13979,0.394991
13980,0.938045
13981,0.673713
13982,0.676586
13983,0.722489
13984,0.880911
13985,0.855837
13986,0.581668
13987,0.581358
13988,0.526738
13989,0.673871
13990,0.918598
13991,0.811001
13992,0.711441
13993,0.500994
13994,0.924594
13995,0.813384
13996,0.991126
13997,0.855806
13998,0.574942
13999,0.550508
14000,0.566013
14001,0.728562
14002,0.699986
14003,0.782163
14004,0.735768
14005,0.873869
14006,0.820403
14007,0.287848
14008,0.861836
14009,0.989105
14010,0.945179
14011,0.787355
14012,0.649718
14013,0.633983
14014,0.689908
14015,0.622962
14016,0.696108
14017,0.81896
14018,0.957491
14019,0.351496
14020,0.669284
14021,0.67249
14022,0.992487
14023,0.473132
14024,0.680863
14025,0.496836
14026,0.988091
14027,0.552531
14028,0.9805
14029,0.884375
14030,0.925215
14031,0.546669
14032,0.727429
14033,0.860683
14034,0.983142
14035,0.9766
14036,0.816726
14037,0.379859
14038,0.370736
14039,0.517515
14040,0.977659
14041,0.70758
14042,0.789927
14043,0.736078
14044,0.777385
14045,0.276409
14046,0.795343
14047,0.877218
14048,0.203659
14049,0.98313
14050,0.113158
14051,0.730841
14052,0.593775
14053,0.764231
14054,0.749254
14055,0.799008
14056,0.970001
14057,0.621314
14058,0.856744
14059,0.426956
14060,0.190375
14061,0.757785
14062,0.807163
14063,0.427579
14064,0.951061
14065,0.909102
14066,0.451837
14067,0.370431
14068,0.864228
14069,0.687188
14070,0.68344
14071,0.631183
14072,0.997891
14073,0.64049
14074,0.061306
14075,0.644329
14076,0.635399
14077,0.618196
14078,0.727986
14079,0.195176
14080,0.812131
14081,0.846507
14082,0.960365
14083,0.790107
14084,0.623092
14085,0.948006
14086,0.284968
14087,0.960394
14088,0.948531
14089,0.519651
14090,0.857692
14091,0.631602
14092,0.889314
14093,0.709802
14094,0.659148
14095,0.767624
14096,0.780403
14097,0.614583
14098,0.687494
14099,0.908098
14100,0.616672
14101,0.948403
14102,0.404419
14103,0.692137
14104,0.874668
14105,0.693808
14106,0.876342
14107,0.978878
14108,0.571538
14109,0.624394
14110,0.854336
14111,0.801201
14112,0.989946
14113,0.524733
14114,0.662866
14115,0.916222
14116,0.877137
14117,0.975313
14118,0.709329
14119,0.938772
14120,0.606905
14121,0.960444
14122,0.915436
14123,0.80187
14124,0.865071
14125,0.344126
14126,0.755631
14127,0.77316
14128,0.604657
14129,0.815597
14130,0.451862
14131,0.654198
14132,0.553198
14133,0.205069
14134,0.738296
14135,0.761954
14136,0.621719
14137,0.780712
14138,0.936513
14139,0.665377
14140,0.948647
14141,0.905932
14142,0.555582
14143,0.597592
14144,0.7451
14145,0.343146
14146,0.537647
14147,0.657943
14148,0.737515
14149,0.96576
14150,0.887233
14151,0.795572
14152,0.748305
14153,0.054281
14154,0.891842
14155,0.869978
14156,0.778265
14157,0.552091
14158,0.605067
14159,0.963847
14160,0.494962
14161,0.554091
14162,0.440296
14163,0.118846
14164,0.889297
14165,0.543366
14166,0.97364
14167,0.735265
14168,0.56674
14169,0.719665
14170,0.96171
14171,0.396749
14172,0.852252
14173,0.926367
14174,0.744933
14175,0.593458
14176,0.908157
14177,0.742854
14178,0.381002
14179,0.48437
14180,0.733812
14181,0.178817
14182,0.953199
14183,0.874683
14184,0.75542
14185,0.775496
14186,0.946416
14187,0.844755
14188,0.550278
14189,0.846214
14190,0.715333
14191,0.844006
14192,0.883017
14193,0.92643
14194,0.675565
14195,0.67009
14196,0.987552
14197,0.177545
14198,0.823278
14199,0.839492
14200,0.795655
14201,0.951085
14202,0.679065
14203,0.691322
14204,0.84988
14205,0.408801
14206,0.666244
14207,0.540611
14208,0.518576
14209,0.888971
14210,0.884329
14211,0.95558
14212,0.708703
14213,0.646906
14214,0.551074
14215,0.466962
14216,0.535658
14217,0.5406
14218,0.996741
14219,0.755377
14220,0.935244
14221,0.692598
14222,0.765428
14223,0.814616
14224,0.828746
14225,0.960864
14226,0.743128
14227,0.740975
14228,0.669285
14229,0.609177
14230,0.602631
14231,0.804381
14232,0.941589
14233,0.783594
14234,0.701887
14235,0.877594
14236,0.768795
14237,0.882735
14238,0.613597
14239,0.620878
14240,0.722974
14241,0.950981
14242,0.731999
14243,0.958449
14244,0.711433
14245,0.678319
14246,0.952875
14247,0.515227
14248,0.835252
14249,0.747859
14250,0.900048
14251,0.685835
14252,0.749162
14253,0.674012
14254,0.795634
14255,0.965035
14256,0.820044
14257,0.489305
14258,0.965631
14259,0.506343
14260,0.647666
14261,0.543234
14262,0.872526
14263,0.957809
14264,0.765681
14265,0.649942
14266,0.497553
14267,0.872124
14268,0.747207
14269,0.982301
14270,0.801112
14271,0.800639
14272,0.943641
14273,0.833284
14274,0.564442
14275,0.872055
14276,0.790905
14277,0.303288
14278,0.559382
14279,0.956695
14280,0.986321
14281,0.584638
14282,0.860932
14283,0.95632
14284,0.9135
14285,0.695406
14286,0.791171
14287,0.774195
14288,0.406628
14289,0.840816
14290,0.661224
14291,0.852421
14292,0.659131
14293,0.563324
14294,0.654858
14295,0.363549
14296,0.097562
14297,0.728295
14298,0.387266
14299,0.881117
14300,0.652738
14301,0.974917
14302,0.926168
14303,0.9109
14304,0.9533
14305,0.837784
14306,0.968457
14307,0.58833
14308,0.981544
14309,0.553623
14310,0.957838
14311,0.625477
14312,0.653775
14313,0.731779
14314,0.882532
14315,0.642415
14316,0.823254
14317,0.689732
14318,0.786532
14319,0.719097
14320,0.469486
14321,0.912149
14322,0.873222
14323,0.873321
14324,0.746418
14325,0.742778
14326,0.636001
14327,0.736108
14328,0.539504
14329,0.864819
14330,0.222098
14331,0.549149
14332,0.62413
14333,0.971944
14334,0.830021
14335,0.462615
14336,0.704674
14337,0.790277
14338,0.831243
14339,0.814668
14340,0.768201
14341,0.273456
14342,0.70429
14343,0.740626
14344,0.275287
14345,0.635247
14346,0.333649
14347,0.837854
14348,0.541803
14349,0.905078
14350,0.056347
14351,0.235846
14352,0.419468
14353,0.848346
14354,0.797149
14355,0.209011
14356,0.876998
14357,0.935083
14358,0.673635
14359,0.536734
14360,0.968798
14361,0.870273
14362,0.899692
14363,0.492908
14364,0.110599
14365,0.872539
14366,0.753413
14367,0.875028
14368,0.5494
14369,0.682088
14370,0.636565
14371,0.882247
14372,0.751766
14373,0.341747
14374,0.822602
14375,0.615928
14376,0.537405
14377,0.813329
14378,0.215067
14379,0.610457
14380,0.57257
14381,0.925126
14382,0.687116
14383,0.598121
14384,0.683332
14385,0.642743
14386,0.359926
14387,0.508765
14388,0.903123
14389,0.677406
14390,0.742806
14391,0.356289
14392,0.512018
14393,0.61912
14394,0.73475
14395,0.457546
14396,0.494685
14397,0.629094
14398,0.823681
14399,0.610142
14400,0.696401
14401,0.455844
14402,0.732105
14403,0.983503
14404,0.814475
14405,0.701825
14406,0.620171
14407,0.973239
14408,0.904103
14409,0.945331
14410,0.356026
14411,0.987505
14412,0.640032
14413,0.72624
14414,0.961339
14415,0.554226
14416,0.979857
14417,0.589056
14418,0.659507
14419,0.853213
14420,0.861988
14421,0.761529
14422,0.795852
14423,0.810027
14424,0.971364
14425,0.777526
14426,0.898298
14427,0.856113
14428,0.533185
14429,0.711804
14430,0.372465
14431,0.085559
14432,0.696377
14433,0.742894
14434,0.234624
14435,0.759078
14436,0.430953
14437,0.883826
14438,0.591012
14439,0.807577
14440,0.599323
14441,0.887636
14442,0.852759
14443,0.821703
14444,0.712859
14445,0.600238
14446,0.760104
14447,0.782874
14448,0.7484
14449,0.975752
14450,0.749016
14451,0.883873
14452,0.866937
14453,0.527355
14454,0.993673
14455,0.719875
14456,0.277206
14457,0.905673
14458,0.645373
14459,0.511844
14460,0.734519
14461,0.612623
14462,0.857831
14463,0.663756
14464,0.745496
14465,0.870085
14466,0.594656
14467,0.267266
14468,0.924949
14469,0.792758
14470,0.817781
14471,0.749978
14472,0.662527
14473,0.554366
14474,0.831995
14475,0.558684
14476,0.580746
14477,0.642127
14478,0.881008
14479,0.774332
14480,0.946817
14481,0.797692
14482,0.764417
14483,0.910798
14484,0.442806
14485,0.658028
14486,0.967282
14487,0.893149
14488,0.062033
14489,0.951287
14490,0.617714
14491,0.80451
14492,0.798444
14493,0.993268
14494,0.760035
14495,0.700047
14496,0.678149
14497,0.994004
14498,0.687858
14499,0.716446
14500,0.708924
14501,0.752712
14502,0.975134
14503,0.849152
14504,0.715741
14505,0.634939
14506,0.723402
14507,0.783878
14508,0.968652
14509,0.75262
14510,0.724906
14511,0.735911
14512,0.664979
14513,0.629107
14514,0.556224
14515,0.536244
14516,0.869202
14517,0.72922
14518,0.908954
14519,0.718955
14520,0.586727
14521,0.848319
14522,0.869188
14523,0.88229
14524,0.533426
14525,0.07001
14526,0.887299
14527,0.73963
14528,0.370224
14529,0.842815
14530,0.647512
14531,0.721212
14532,0.764336
14533,0.892674
14534,0.89907
14535,0.215321
14536,0.541577
14537,0.905293
14538,0.737669
14539,0.862684
14540,0.44581
14541,0.674973
14542,0.617966
14543,0.937207
14544,0.613774
14545,0.787645
14546,0.537147
14547,0.587613
14548,0.534903
14549,0.59623
14550,0.85095
14551,0.88806
14552,0.805112
14553,0.465638
14554,0.824246
14555,0.786215
14556,0.835467
14557,0.723196
14558,0.591413
14559,0.773197
14560,0.689132
14561,0.689679
14562,0.635865
14563,0.276485
14564,0.662832
14565,0.96914
14566,0.718411
14567,0.504512
14568,0.820122
14569,0.641789
14570,0.952806
14571,0.950267
14572,0.862055
14573,0.899207
14574,0.777933
14575,0.747273
14576,0.811672
14577,0.859816
14578,0.772718
14579,0.722295
14580,0.333849
14581,0.95179
14582,0.761173
14583,0.831377
14584,0.853911
14585,0.635283
14586,0.979276
14587,0.723907
14588,0.449689
14589,0.488647
14590,0.93946
14591,0.800092
14592,0.840498
14593,0.314051
14594,0.670237
14595,0.45145
14596,0.838631
14597,0.83468
14598,0.62738
14599,0.801593
14600,0.50903
14601,0.64149
14602,0.908001
14603,0.695541
14604,0.699466
14605,0.587886
14606,0.70935
14607,0.837683
14608,0.430723
14609,0.682237
14610,0.871991
14611,0.569904
14612,0.700491
14613,0.830529
14614,0.938831
14615,0.406998
14616,0.918499
14617,0.881344
14618,0.75086
14619,0.704502
14620,0.908592
14621,0.810449
14622,0.846598
14623,0.655474
14624,0.805258
14625,0.75834
14626,0.428947
14627,0.303866
14628,0.679618
14629,0.682874
14630,0.719308
14631,0.358838
14632,0.71579
14633,0.741343
14634,0.50708
14635,0.893544
14636,0.771374
14637,0.736507
14638,0.487671
14639,0.840791
14640,0.682285
14641,0.570745
14642,0.805302
14643,0.818171
14644,0.757469
14645,0.732856
14646,0.877343
14647,0.963257
14648,0.863289
14649,0.973456
14650,0.885524
14651,0.468647
14652,0.470611
14653,0.506162
14654,0.934546
14655,0.244593
14656,0.807253
14657,0.955239
14658,0.419047
14659,0.658873
14660,0.916554
14661,0.845441
14662,0.914531
14663,0.912666
14664,0.589431
14665,0.460793
14666,0.930626
14667,0.772748
14668,0.770045
14669,0.696773
14670,0.835495
14671,0.948449
14672,0.435256
14673,0.481211
14674,0.934613
14675,0.995238
14676,0.949713
14677,0.462752
14678,0.607232
14679,0.704997
14680,0.718775
14681,0.779324
14682,0.767533
14683,0.72184
14684,0.426869
14685,0.66619
14686,0.673118
14687,0.865323
14688,0.7896
14689,0.848008
14690,0.934853
14691,0.795717
14692,0.514937
14693,0.74087
14694,0.686474
14695,0.634672
14696,0.809934
14697,0.512931
14698,0.530992
14699,0.784107
14700,0.686347
14701,0.311925
14702,0.757832
14703,0.688569
14704,0.583901
14705,0.585554
14706,0.547117
14707,0.693972
14708,0.729961
14709,0.915581
14710,0.75203
14711,0.828986
14712,0.918165
14713,0.713365
14714,0.195669
14715,0.807584
14716,0.801354
14717,0.643296
14718,0.376244
14719,0.826458
14720,0.585679
14721,0.824166
14722,0.505583
14723,0.820433
14724,0.602805
14725,0.605579
14726,0.545365
14727,0.953934
14728,0.260174
14729,0.983738
14730,0.561178
14731,0.843561
14732,0.836594
14733,0.76428
14734,0.518523
14735,0.935947
14736,0.903484
14737,0.887366
14738,0.98849
14739,0.907769
14740,0.742897
14741,0.515097
14742,0.85122
14743,0.919933
14744,0.851919
14745,0.751256
14746,0.67575
14747,0.6853
14748,0.64871
14749,0.97439
14750,0.879159
14751,0.921202
14752,0.832565
14753,0.348033
14754,0.046012
14755,0.983278
14756,0.822905
14757,0.793136
14758,0.834078
14759,0.595463
14760,0.740463
14761,0.498551
14762,0.539866
14763,0.939954
14764,0.920498
14765,0.695757
14766,0.705493
14767,0.58818
14768,0.966058
14769,0.703451
14770,0.536336
14771,0.944531
14772,0.756909
14773,0.947434
14774,0.820812
14775,0.73332
14776,0.769837
14777,0.773184
14778,0.430577
14779,0.666722
14780,0.61086
14781,0.725453
14782,0.72633
14783,0.559733
14784,0.807537
14785,0.843528
14786,0.730015
14787,0.745212
14788,0.854967
14789,0.451231
14790,0.752455
14791,0.852815
14792,0.889393
14793,0.554531
14794,0.782026
14795,0.929036
14796,0.80931
14797,0.761922
14798,0.883152
14799,0.671682
14800,0.714462
14801,0.555091
14802,0.811682
14803,0.682636
14804,0.714019
14805,0.618829
14806,0.943439
14807,0.429404
14808,0.562783
14809,0.942451
14810,0.898687
14811,0.811382
14812,0.894259
14813,0.803145
14814,0.582115
14815,0.515942
14816,0.916217
14817,0.766446
14818,0.899039
14819,0.529475
14820,0.882256
14821,0.614836
14822,0.847838
14823,0.624787
14824,0.68891
14825,0.704473
14826,0.610036
14827,0.977626
14828,0.720828
14829,0.988337
14830,0.981048
14831,0.704682
14832,0.938869
14833,0.745892
14834,0.636611
14835,0.653131
14836,0.839482
14837,0.621133
14838,0.631215
14839,0.916135
14840,0.745606
14841,0.426925
14842,0.789114
14843,0.909553
14844,0.470967
14845,0.628487
14846,0.643076
14847,0.924566
14848,0.839967
14849,0.445831
14850,0.99315
14851,0.975306
14852,0.718751
14853,0.972848
14854,0.551735
14855,0.981005
14856,0.087999
14857,0.47703
14858,0.382171
14859,0.662914
14860,0.775316
14861,0.882738
14862,0.506135
14863,0.640484
14864,0.582954
14865,0.788533
14866,0.47911
14867,0.159057
14868,0.780405
14869,0.624315
14870,0.945187
14871,0.807671
14872,0.356223
14873,0.657596
14874,0.743496
14875,0.844549
14876,0.474791
14877,0.671502
14878,0.794662
14879,0.813438
14880,0.810819
14881,0.951955
14882,0.824254
14883,0.228287
14884,0.709213
14885,0.893571
14886,0.489319
14887,0.658279
14888,0.935682
14889,0.20642
14890,0.65887
14891,0.783491
14892,0.635807
14893,0.74738
14894,0.563785
14895,0.971439
14896,0.850156
14897,0.951968
14898,0.9317
14899,0.713172
14900,0.752786
14901,0.589563
14902,0.664202
14903,0.628678
14904,0.79431
14905,0.823702
14906,0.740013
14907,0.462012
14908,0.933974
14909,0.649029
14910,0.95815
14911,0.733602
14912,0.814888
14913,0.741587
14914,0.82016
14915,0.574531
14916,0.834826
14917,0.993642
14918,0.751611
14919,0.791164
14920,0.921481
14921,0.835846
14922,0.846606
14923,0.601257
14924,0.836295
14925,0.637803
14926,0.899335
14927,0.92267
14928,0.821218
14929,0.77409
14930,0.38806
14931,0.64371
14932,0.636811
14933,0.951026
14934,0.406685
14935,0.612833
14936,0.575249
14937,0.502151
14938,0.623123
14939,0.52298
14940,0.879779
14941,0.980417
14942,0.545966
14943,0.848679
14944,0.688269
14945,0.395724
14946,0.51721
14947,0.458577
14948,0.653355
14949,0.740423
14950,0.718086
14951,0.85356
14952,0.578491
14953,0.409994
14954,0.954897
14955,0.891299
14956,0.406308
14957,0.738995
14958,0.663177
14959,0.384539
14960,0.762378
14961,0.698133
14962,0.586546
14963,0.778827
14964,0.860726
14965,0.583815
14966,0.583136
14967,0.834881
14968,0.927671
14969,0.640452
14970,0.794105
14971,0.697787
14972,0.913186
14973,0.967824
14974,0.593488
14975,0.576026
14976,0.836819
14977,0.800803
14978,0.550966
14979,0.546786
14980,0.680614
14981,0.874763
14982,0.61143
14983,0.677352
14984,0.609181
14985,0.980353
14986,0.797616
14987,0.880817
14988,0.756365
14989,0.749404
14990,0.820805
14991,0.812606
14992,0.611842
14993,0.858351
14994,0.963655
14995,0.910089
14996,0.401277
14997,0.970649
14998,0.692054
14999,0.444019
15000,0.944642
15001,0.705906
15002,0.920576
15003,0.920884
15004,0.713164
15005,0.850211
15006,0.747759
15007,0.888413
15008,0.845826
15009,0.60488
15010,0.379554
15011,0.695834
15012,0.88588
15013,0.307412
15014,0.565562
15015,0.856332
15016,0.749778
15017,0.595154
15018,0.989646
15019,0.755255
15020,0.472259
15021,0.85735
15022,0.648637
15023,0.740426
15024,0.761845
15025,0.788277
15026,0.525894
15027,0.669991
15028,0.862227
15029,0.608843
15030,0.690711
15031,0.385403
15032,0.648979
15033,0.638575
15034,0.533193
15035,0.530149
15036,0.942965
15037,0.699326
15038,0.731176
15039,0.650954
15040,0.442006
15041,0.800898
15042,0.588017
15043,0.550379
15044,0.617374
15045,0.440372
15046,0.857718
15047,0.799888
15048,0.504242
15049,0.827151
15050,0.770913
15051,0.824255
15052,0.615128
15053,0.903744
15054,0.713667
15055,0.418507
15056,0.82404
15057,0.661054
15058,0.643819
15059,0.966514
15060,0.273815
15061,0.86529
15062,0.573842
15063,0.800817
15064,0.922309
15065,0.874595
15066,0.669975
15067,0.975224
15068,0.916086
15069,0.693112
15070,0.68061
15071,0.829612
15072,0.105791
15073,0.905259
15074,0.784927
15075,0.504824
15076,0.292852
15077,0.920851
15078,0.99083
15079,0.743049
15080,0.556282
15081,0.75642
15082,0.570651
15083,0.862675
15084,0.672678
15085,0.653235
15086,0.850324
15087,0.65957
15088,0.367377
15089,0.933658
15090,0.829475
15091,0.888816
15092,0.740204
15093,0.677028
15094,0.97475
15095,0.764179
15096,0.9513
15097,0.806785
15098,0.831368
15099,0.678277
15100,0.764146
15101,0.225217
15102,0.595664
15103,0.688512
15104,0.737626
15105,0.329665
15106,0.53973
15107,0.951759
15108,0.552711
15109,0.619479
15110,0.86641
15111,0.763012
15112,0.867384
15113,0.864729
15114,0.881891
15115,0.635501
15116,0.546164
15117,0.887291
15118,0.854352
15119,0.665873
15120,0.531416
15121,0.888768
15122,0.989305
15123,0.642316
15124,0.555755
15125,0.510566
15126,0.902002
15127,0.694664
15128,0.914975
15129,0.801727
15130,0.664711
15131,0.550243
15132,0.68458
15133,0.830165
15134,0.69507
15135,0.518445
15136,0.628819
15137,0.661871
15138,0.746022
15139,0.939363
15140,0.788701
15141,0.521882
15142,0.450417
15143,0.713754
15144,0.825578
15145,0.564636
15146,0.691231
15147,0.548522
15148,0.715969
15149,0.95815
15150,0.789141
15151,0.918964
15152,0.83165
15153,0.46385
15154,0.893029
15155,0.636358
15156,0.647282
15157,0.497748
15158,0.723825
15159,0.876082
15160,0.902378
15161,0.991383
15162,0.49214
15163,0.666595
15164,0.591771
15165,0.567312
15166,0.779907
15167,0.553067
15168,0.602377
15169,0.683273
15170,0.891405
15171,0.991166
15172,0.086399
15173,0.989489
15174,0.8948
15175,0.818882
15176,0.589645
15177,0.114633
15178,0.435547
15179,0.904416
15180,0.921564
15181,0.761634
15182,0.787505
15183,0.482486
15184,0.500146
15185,0.869997
15186,0.778626
15187,0.485903
15188,0.856306
15189,0.664709
15190,0.881547
15191,0.802352
15192,0.751807
15193,0.854088
15194,0.863636
15195,0.708015
15196,0.775079
15197,0.719612
15198,0.515867
15199,0.948555
15200,0.876634
15201,0.828016
15202,0.763732
15203,0.756612
15204,0.875485
15205,0.936308
15206,0.795068
15207,0.697832
15208,0.173929
15209,0.975075
15210,0.545703
15211,0.682734
15212,0.926167
15213,0.528607
15214,0.983662
15215,0.975384
15216,0.460425
15217,0.708751
15218,0.542658
15219,0.194118
15220,0.74455
15221,0.873718
15222,0.809969
15223,0.866248
15224,0.867668
15225,0.378659
15226,0.781269
15227,0.798836
15228,0.731623
15229,0.968949
15230,0.578161
15231,0.685864
15232,0.636501
15233,0.461237
15234,0.913019
15235,0.777135
15236,0.688598
15237,0.940525
15238,0.715005
15239,0.855853
15240,0.76196
15241,0.875661
15242,0.613685
15243,0.914284
15244,0.756862
15245,0.718398
15246,0.603777
15247,0.93728
15248,0.806337
15249,0.731947
15250,0.641957
15251,0.54365
15252,0.754509
15253,0.548554
15254,0.496074
15255,0.349748
15256,0.451148
15257,0.811292
15258,0.705333
15259,0.938432
15260,0.616634
15261,0.741004
15262,0.825481
15263,0.382451
15264,0.667758
15265,0.724609
15266,0.47144
15267,0.965937
15268,0.375432
15269,0.831353
15270,0.561147
15271,0.617653
15272,0.496335
15273,0.615491
15274,0.801636
15275,0.710925
15276,0.514915
15277,0.419847
15278,0.674595
15279,0.863588
15280,0.330771
15281,0.853156
15282,0.831145
15283,0.970692
15284,0.66277
15285,0.330876
15286,0.627628
15287,0.658485
15288,0.753015
15289,0.590748
15290,0.484134
15291,0.84428
15292,0.735758
15293,0.501059
15294,0.62081
15295,0.822701
15296,0.970799
15297,0.920974
15298,0.973128
15299,0.977883
15300,0.709135
15301,0.878064
15302,0.787443
15303,0.676552
15304,0.853139
15305,0.56861
15306,0.738278
15307,0.87131
15308,0.093137
15309,0.754766
15310,0.563323
15311,0.787787
15312,0.829058
15313,0.628572
15314,0.774971
15315,0.127458
15316,0.486679
15317,0.921683
15318,0.534914
15319,0.645133
15320,0.940324
15321,0.814303
15322,0.513392
15323,0.918682
15324,0.587943
15325,0.612917
15326,0.734943
15327,0.592118
15328,0.649127
15329,0.530314
15330,0.650196
15331,0.08518
15332,0.865383
15333,0.545764
15334,0.713322
15335,0.236888
15336,0.599412
15337,0.615531
15338,0.929192
15339,0.966919
15340,0.594951
15341,0.436621
15342,0.628471
15343,0.737017
15344,0.693984
15345,0.763986
15346,0.573908
15347,0.763315
15348,0.969357
15349,0.842144
15350,0.832576
15351,0.972102
15352,0.385794
15353,0.583692
15354,0.765454
15355,0.52303
15356,0.481695
15357,0.96526
15358,0.80681
15359,0.810272
15360,0.590298
15361,0.325504
15362,0.510376
15363,0.732797
15364,0.675904
15365,0.827525
15366,0.877033
15367,0.652132
15368,0.650944
15369,0.727312
15370,0.41212
15371,0.476991
15372,0.897565
15373,0.881777
15374,0.388492
15375,0.971521
15376,0.871789
15377,0.880864
15378,0.100238
15379,0.887556
15380,0.714002
15381,0.867231
15382,0.590507
15383,0.869029
15384,0.76305
15385,0.953691
15386,0.574041
15387,0.565165
15388,0.88029
15389,0.487521
15390,0.545455
15391,0.771261
15392,0.89659
15393,0.743544
15394,0.880875
15395,0.485064
15396,0.734129
15397,0.467513
15398,0.802992
15399,0.220198
15400,0.730661
15401,0.746851
15402,0.630098
15403,0.836373
15404,0.748013
15405,0.921396
15406,0.459234
15407,0.834637
15408,0.826159
15409,0.911638
15410,0.843649
15411,0.359157
15412,0.658271
15413,0.98915
15414,0.656497
15415,0.441613
15416,0.454786
15417,0.718649
15418,0.557805
15419,0.821798
15420,0.540548
15421,0.969899
15422,0.796289
15423,0.733787
15424,0.052384
15425,0.271136
15426,0.789362
15427,0.358933
15428,0.594655
15429,0.921256
15430,0.117526
15431,0.622044
15432,0.914741
15433,0.086785
15434,0.689933
15435,0.980176
15436,0.714281
15437,0.583032
15438,0.491243
15439,0.764324
15440,0.743631
15441,0.431989
15442,0.439042
15443,0.525503
15444,0.668037
15445,0.810343
15446,0.656081
15447,0.682892
15448,0.929337
15449,0.780248
15450,0.312319
15451,0.657694
15452,0.834902
15453,0.86719
15454,0.81823
15455,0.718788
15456,0.69288
15457,0.86326
15458,0.924651
15459,0.726749
15460,0.853298
15461,0.623947
15462,0.564008
15463,0.371937
15464,0.832848
15465,0.532787
15466,0.807438
15467,0.658395
15468,0.235264
15469,0.93996
15470,0.966492
15471,0.649717
15472,0.828707
15473,0.920351
15474,0.955205
15475,0.595099
15476,0.78243
15477,0.747789
15478,0.792158
15479,0.9395
15480,0.816017
15481,0.64157
15482,0.886624
15483,0.713855
15484,0.440985
15485,0.972802
15486,0.82098
15487,0.437103
15488,0.673567
15489,0.560376
15490,0.666054
15491,0.745854
15492,0.620089
15493,0.674611
15494,0.721287
15495,0.393525
15496,0.520968
15497,0.935263
15498,0.126172
15499,0.89273
15500,0.33368
15501,0.736112
15502,0.665404
15503,0.153449
15504,0.423489
15505,0.54754
15506,0.430487
15507,0.784959
15508,0.63234
15509,0.983122
15510,0.281543
15511,0.954896
15512,0.739421
15513,0.549986
15514,0.724992
15515,0.489849
15516,0.474901
15517,0.385632
15518,0.969729
15519,0.88682
15520,0.461124
15521,0.777058
15522,0.922671
15523,0.981459
15524,0.81384
15525,0.738457
15526,0.939306
15527,0.792114
15528,0.773385
15529,0.736823
15530,0.80389
15531,0.719002
15532,0.824034
15533,0.416843
15534,0.901569
15535,0.852836
15536,0.958609
15537,0.84977
15538,0.760306
15539,0.528609
15540,0.98001
15541,0.696063
15542,0.686607
15543,0.837598
15544,0.548616
15545,0.272717
15546,0.699565
15547,0.770023
15548,0.579929
15549,0.87523
15550,0.574717
15551,0.908745
15552,0.504
15553,0.910259
15554,0.570784
15555,0.71423
15556,0.811238
15557,0.089394
15558,0.06826
15559,0.935636
15560,0.355902
15561,0.762907
15562,0.674853
15563,0.76425
15564,0.687365
15565,0.745527
15566,0.906864
15567,0.794689
15568,0.895619
15569,0.621012
15570,0.363589
15571,0.874115
15572,0.869983
15573,0.531643
15574,0.995686
15575,0.81854
15576,0.707156
15577,0.901276
15578,0.917083
15579,0.854865
15580,0.603492
15581,0.5584
15582,0.911389
15583,0.995184
15584,0.587266
15585,0.651724
15586,0.142675
15587,0.688409
15588,0.688568
15589,0.913931
15590,0.397217
15591,0.835826
15592,0.890586
15593,0.845146
15594,0.759153
15595,0.727968
15596,0.802131
15597,0.652727
15598,0.457478
15599,0.51566
15600,0.55742
15601,0.894123
15602,0.868898
15603,0.669521
15604,0.874521
15605,0.692003
15606,0.454978
15607,0.947727
15608,0.939398
15609,0.710138
15610,0.83181
15611,0.608764
15612,0.920412
15613,0.725964
15614,0.621806
15615,0.819436
15616,0.443674
15617,0.6114
15618,0.924226
15619,0.821989
15620,0.556319
15621,0.376381
15622,0.803699
15623,0.993418
15624,0.729615
15625,0.432527
15626,0.798628
15627,0.97914
15628,0.52563
15629,0.893173
15630,0.893355
15631,0.828882
15632,0.24782
15633,0.828335
15634,0.890838
15635,0.534903
15636,0.547665
15637,0.570556
15638,0.394737
15639,0.858232
15640,0.92026
15641,0.710582
15642,0.815087
15643,0.403828
15644,0.722883
15645,0.882201
15646,0.812281
15647,0.176521
15648,0.909091
15649,0.924226
15650,0.886112
15651,0.802042
15652,0.765011
15653,0.816363
15654,0.409419
15655,0.900586
15656,0.761293
15657,0.720628
15658,0.460949
15659,0.64509
15660,0.951858
15661,0.437714
15662,0.994989
15663,0.697148
15664,0.668703
15665,0.541123
15666,0.985137
15667,0.773907
15668,0.959972
15669,0.870698
15670,0.771927
15671,0.912929
15672,0.627389
15673,0.503668
15674,0.994601
15675,0.966579
15676,0.453974
15677,0.742034
15678,0.709906
15679,0.856741
15680,0.832058
15681,0.634491
15682,0.888895
15683,0.600367
15684,0.718258
15685,0.798721
15686,0.92214
15687,0.952082
15688,0.719889
15689,0.893203
15690,0.550045
15691,0.924317
15692,0.885401
15693,0.670996
15694,0.770812
15695,0.461764
15696,0.962826
15697,0.887697
15698,0.88498
15699,0.773651
15700,0.118207
15701,0.746409
15702,0.48903
15703,0.821779
15704,0.665072
15705,0.819987
15706,0.801357
15707,0.996248
15708,0.994472
15709,0.796066
15710,0.599178
15711,0.980169
15712,0.842177
15713,0.761177
15714,0.725843
15715,0.728853
15716,0.848275
15717,0.953187
15718,0.864043
15719,0.587747
15720,0.431688
15721,0.821407
15722,0.42183
15723,0.608187
15724,0.859719
15725,0.84602
15726,0.649518
15727,0.673092
15728,0.684036
15729,0.971096
15730,0.678556
15731,0.416041
15732,0.823568
15733,0.426384
15734,0.859711
15735,0.34358
15736,0.96032
15737,0.514365
15738,0.758877
15739,0.659658
15740,0.676205
15741,0.672539
15742,0.84432
15743,0.744304
15744,0.833344
15745,0.814474
15746,0.703422
15747,0.82252
15748,0.951138
15749,0.910669
15750,0.967776
15751,0.383367
15752,0.531087
15753,0.514781
15754,0.917006
15755,0.62553
15756,0.814991
15757,0.613273
15758,0.749352
15759,0.77707
15760,0.928988
15761,0.886715
15762,0.599952
15763,0.804911
15764,0.802747
15765,0.962711
15766,0.882552
15767,0.407438
15768,0.710565
15769,0.278306
15770,0.898915
15771,0.87339
15772,0.626434
15773,0.743753
15774,0.757007
15775,0.384696
15776,0.830068
15777,0.600215
15778,0.160759
15779,0.567093
15780,0.586261
15781,0.828391
15782,0.795275
15783,0.755729
15784,0.510758
15785,0.439265
15786,0.973567
15787,0.8314
15788,0.599893
15789,0.966078
15790,0.772907
15791,0.740019
15792,0.962471
15793,0.72088
15794,0.704466
15795,0.861983
15796,0.643065
15797,0.745038
15798,0.801035
15799,0.609755
15800,0.588556
15801,0.743787
15802,0.778156
15803,0.849668
15804,0.669645
15805,0.883261
15806,0.64234
15807,0.502848
15808,0.803772
15809,0.537982
15810,0.851278
15811,0.942071
15812,0.470832
15813,0.574282
15814,0.741057
15815,0.829729
15816,0.530157
15817,0.793438
15818,0.788876
15819,0.929579
15820,0.924193
15821,0.613021
15822,0.811298
15823,0.76859
15824,0.927807
15825,0.839299
15826,0.64891
15827,0.524966
15828,0.948958
15829,0.906762
15830,0.781256
15831,0.559937
15832,0.242762
15833,0.626072
15834,0.847168
15835,0.992354
15836,0.832593
15837,0.647844
15838,0.73127
15839,0.903965
15840,0.714052
15841,0.555146
15842,0.7299
15843,0.693078
15844,0.591984
15845,0.322004
15846,0.885721
15847,0.414009
15848,0.917391
15849,0.700707
15850,0.728517
15851,0.805046
15852,0.746695
15853,0.330022
15854,0.608134
15855,0.852917
15856,0.88544
15857,0.762636
15858,0.27463
15859,0.635435
15860,0.844217
15861,0.630105
15862,0.855244
15863,0.598156
15864,0.888134
15865,0.77017
15866,0.239836
15867,0.364115
15868,0.965721
15869,0.95329
15870,0.715626
15871,0.863248
15872,0.910006
15873,0.934835
15874,0.718139
15875,0.973604
15876,0.881276
15877,0.699152
15878,0.919793
15879,0.644312
15880,0.673394
15881,0.913504
15882,0.80562
15883,0.565668
15884,0.418795
15885,0.839642
15886,0.634237
15887,0.879982
15888,0.739596
15889,0.854504
15890,0.477029
15891,0.593474
15892,0.991653
15893,0.811924
15894,0.543819
15895,0.380511
15896,0.695093
15897,0.971631
15898,0.826057
15899,0.60759
15900,0.799179
15901,0.511358
15902,0.545912
15903,0.656122
15904,0.882144
15905,0.985701
15906,0.687345
15907,0.978217
15908,0.208544
15909,0.942248
15910,0.656962
15911,0.694657
15912,0.27601
15913,0.917996
15914,0.993103
15915,0.869288
15916,0.647135
15917,0.646698
15918,0.980684
15919,0.447576
15920,0.890498
15921,0.84295
15922,0.732859
15923,0.878632
15924,0.884313
15925,0.599362
15926,0.579433
15927,0.852148
15928,0.503552
15929,0.457702
15930,0.510622
15931,0.715056
15932,0.952977
15933,0.893659
15934,0.466196
15935,0.972383
15936,0.571385
15937,0.898098
15938,0.714074
15939,0.688585
15940,0.670407
15941,0.667288
15942,0.403485
15943,0.913456
15944,0.991463
15945,0.77837
15946,0.578583
15947,0.858507
15948,0.113205
15949,0.973907
15950,0.711115
15951,0.951728
15952,0.788049
15953,0.82236
15954,0.929644
15955,0.706854
15956,0.445444
15957,0.326769
15958,0.796311
15959,0.970563
15960,0.547218
15961,0.77869
15962,0.355406
15963,0.753857
15964,0.75364
15965,0.85195
15966,0.796758
15967,0.927829
15968,0.926916
15969,0.748888
15970,0.930376
15971,0.583828
15972,0.512364
15973,0.967578
15974,0.749925
15975,0.747395
15976,0.858939
15977,0.842409
15978,0.777563
15979,0.339541
15980,0.945097
15981,0.909442
15982,0.698149
15983,0.506187
15984,0.734246
15985,0.988096
15986,0.696975
15987,0.617737
15988,0.682981
15989,0.661882
15990,0.898763
15991,0.522214
15992,0.523393
15993,0.906013
15994,0.6678
15995,0.891995
15996,0.673647
15997,0.882399
15998,0.883012
15999,0.920376
16000,0.87174
16001,0.88961
16002,0.656061
16003,0.335314
16004,0.554991
16005,0.75867
16006,0.808934
16007,0.813142
16008,0.915732
16009,0.75878
16010,0.928275
16011,0.795239
16012,0.744354
16013,0.925357
16014,0.785643
16015,0.613059
16016,0.75179
16017,0.964096
16018,0.645053
16019,0.064224
16020,0.868147
16021,0.97962
16022,0.859298
16023,0.720833
16024,0.941705
16025,0.581367
16026,0.381204
16027,0.618892
16028,0.765449
16029,0.954505
16030,0.848464
16031,0.742305
16032,0.655192
16033,0.80297
16034,0.978187
16035,0.50985
16036,0.695592
16037,0.756869
16038,0.647579
16039,0.637429
16040,0.784517
16041,0.781276
16042,0.795694
16043,0.630469
16044,0.490393
16045,0.456895
16046,0.841955
16047,0.612326
16048,0.925256
16049,0.761285
16050,0.500717
16051,0.654839
16052,0.636261
16053,0.877479
16054,0.539875
16055,0.815059
16056,0.697466
16057,0.636681
16058,0.552309
16059,0.722773
16060,0.73718
16061,0.846772
16062,0.43964
16063,0.911247
16064,0.919348
16065,0.453561
16066,0.860891
16067,0.69447
16068,0.640417
16069,0.965109
16070,0.956599
16071,0.898426
16072,0.854924
16073,0.638889
16074,0.857431
16075,0.106534
16076,0.874615
16077,0.924285
16078,0.356965
16079,0.800979
16080,0.741426
16081,0.085221
16082,0.583445
16083,0.97821
16084,0.657044
16085,0.913929
16086,0.75874
16087,0.434145
16088,0.455053
16089,0.797551
16090,0.578996
16091,0.745906
16092,0.789872
16093,0.321338
16094,0.705095
16095,0.746242
16096,0.681007
16097,0.770393
16098,0.476245
16099,0.891184
16100,0.878298
16101,0.848316
16102,0.500323
16103,0.602617
16104,0.535554
16105,0.513024
16106,0.734239
16107,0.912197
16108,0.729406
16109,0.681187
16110,0.769896
16111,0.556024
16112,0.771333
16113,0.878586
16114,0.910803
16115,0.704656
16116,0.793205
16117,0.07798
16118,0.925959
16119,0.75027
16120,0.836229
16121,0.873471
16122,0.804535
16123,0.920808
16124,0.816548
16125,0.774028
16126,0.722832
16127,0.692726
16128,0.615249
16129,0.773303
16130,0.603487
16131,0.784331
16132,0.776062
16133,0.754742
16134,0.757456
16135,0.710767
16136,0.56124
16137,0.240538
16138,0.830076
16139,0.696891
16140,0.855189
16141,0.54913
16142,0.925218
16143,0.643769
16144,0.52919
16145,0.979222
16146,0.710279
16147,0.468007
16148,0.638392
16149,0.23613
16150,0.785977
16151,0.636272
16152,0.891114
16153,0.403873
16154,0.679222
16155,0.605864
16156,0.419103
16157,0.679944
16158,0.777188
16159,0.661006
16160,0.753546
16161,0.944817
16162,0.848301
16163,0.855185
16164,0.880621
16165,0.461289
16166,0.819168
16167,0.463616
16168,0.620134
16169,0.904952
16170,0.646697
16171,0.358195
16172,0.948632
16173,0.857557
16174,0.83405
16175,0.860565
16176,0.633196
16177,0.512727
16178,0.674927
16179,0.576472
16180,0.827993
16181,0.793804
16182,0.757145
16183,0.913479
16184,0.860039
16185,0.640824
16186,0.799461
16187,0.706821
16188,0.954126
16189,0.410266
16190,0.768822
16191,0.867123
16192,0.897408
16193,0.585332
16194,0.636003
16195,0.724987
16196,0.108136
16197,0.895172
16198,0.717075
16199,0.822177
16200,0.623051
16201,0.666426
16202,0.633806
16203,0.919982
16204,0.819826
16205,0.558012
16206,0.896994
16207,0.865989
16208,0.67794
16209,0.515526
16210,0.973333
16211,0.555753
16212,0.932138
16213,0.630867
16214,0.67846
16215,0.951972
16216,0.795522
16217,0.498758
16218,0.854814
16219,0.896004
16220,0.528134
16221,0.825446
16222,0.913708
16223,0.944672
16224,0.336259
16225,0.68453
16226,0.901543
16227,0.907708
16228,0.71574
16229,0.850263
16230,0.927429
16231,0.725357
16232,0.628108
16233,0.573312
16234,0.413578
16235,0.918217
16236,0.7382
16237,0.25667
16238,0.922371
16239,0.933114
16240,0.800604
16241,0.82108
16242,0.840819
16243,0.437154
16244,0.826642
16245,0.546899
16246,0.819508
16247,0.798102
16248,0.681612
16249,0.983614
16250,0.542539
16251,0.765977
16252,0.937668
16253,0.912677
16254,0.772198
16255,0.703134
16256,0.684652
16257,0.8232
16258,0.982562
16259,0.473386
16260,0.572475
16261,0.650895
16262,0.603758
16263,0.974501
16264,0.694265
16265,0.697679
16266,0.771527
16267,0.61585
16268,0.757816
16269,0.904533
16270,0.517237
16271,0.676112
16272,0.509813
16273,0.955027
16274,0.482698
16275,0.856793
16276,0.94914
16277,0.452467
16278,0.085473
16279,0.068547
16280,0.597366
16281,0.782113
16282,0.621507
16283,0.632121
16284,0.874802
16285,0.709932
16286,0.642528
16287,0.538024
16288,0.76753
16289,0.584872
16290,0.979597
16291,0.940783
16292,0.435084
16293,0.932419
16294,0.782949
16295,0.481832
16296,0.801476
16297,0.6283
16298,0.537237
16299,0.722687
16300,0.555201
16301,0.873137
16302,0.94607
16303,0.654169
16304,0.859678
16305,0.958807
16306,0.72529
16307,0.846143
16308,0.347318
16309,0.561651
16310,0.528517
16311,0.877207
16312,0.409319
16313,0.342633
16314,0.457795
16315,0.604873
16316,0.765748
16317,0.683196
16318,0.637497
16319,0.693633
16320,0.547684
16321,0.626432
16322,0.512767
16323,0.782845
16324,0.924406
16325,0.742519
16326,0.752085
16327,0.810548
16328,0.980703
16329,0.676969
16330,0.705838
16331,0.822479
16332,0.332826
16333,0.736013
16334,0.608104
16335,0.738764
16336,0.087384
16337,0.950827
16338,0.928147
16339,0.637721
16340,0.85595
16341,0.795272
16342,0.92073
16343,0.819277
16344,0.638255
16345,0.711255
16346,0.726443
16347,0.893812
16348,0.890566
16349,0.747458
16350,0.668772
16351,0.863909
16352,0.481057
16353,0.725153
16354,0.712319
16355,0.753494
16356,0.727353
16357,0.959641
16358,0.768564
16359,0.869608
16360,0.825897
16361,0.527492
16362,0.867797
16363,0.681871
16364,0.669222
16365,0.226512
16366,0.66404
16367,0.764331
16368,0.681533
16369,0.910101
16370,0.833383
16371,0.928731
16372,0.920119
16373,0.971939
16374,0.787311
16375,0.988124
16376,0.815895
16377,0.717541
16378,0.678168
16379,0.937987
16380,0.909873
16381,0.965934
16382,0.736096
16383,0.813312
16384,0.073897
16385,0.780958
16386,0.538268
16387,0.568485
16388,0.726162
16389,0.785089
16390,0.977482
16391,0.849259
16392,0.956039
16393,0.632006
16394,0.674022
16395,0.410457
16396,0.761779
16397,0.944788
16398,0.532491
16399,0.908317
16400,0.909049
16401,0.677757
16402,0.472012
16403,0.687005
16404,0.709461
16405,0.092432
16406,0.866572
16407,0.803276
16408,0.983977
16409,0.859909
16410,0.571023
16411,0.825687
16412,0.521171
16413,0.71009
16414,0.870846
16415,0.706268
16416,0.961637
16417,0.233602
16418,0.409202
16419,0.766871
16420,0.566022
16421,0.783577
16422,0.947338
16423,0.727074
16424,0.626114
16425,0.842677
16426,0.600057
16427,0.802796
16428,0.932817
16429,0.63382
16430,0.528524
16431,0.536736
16432,0.729
16433,0.767233
16434,0.826438
16435,0.770068
16436,0.79123
16437,0.835263
16438,0.807153
16439,0.316254
16440,0.412528
16441,0.688106
16442,0.974952
16443,0.801561
16444,0.196245
16445,0.667701
16446,0.878306
16447,0.636967
16448,0.855561
16449,0.900414
16450,0.607577
16451,0.853494
16452,0.730841
16453,0.878651
16454,0.868586
16455,0.560596
16456,0.821823
16457,0.649357
16458,0.958162
16459,0.646645
16460,0.764233
16461,0.094802
16462,0.544677
16463,0.598576
16464,0.521831
16465,0.96534
16466,0.987405
16467,0.880996
16468,0.702845
16469,0.771212
16470,0.795036
16471,0.864904
16472,0.402837
16473,0.781702
16474,0.705915
16475,0.681445
16476,0.9594
16477,0.968458
16478,0.818968
16479,0.712881
16480,0.966949
16481,0.960678
16482,0.799238
16483,0.898549
16484,0.48682
16485,0.419961
16486,0.813395
16487,0.502238
16488,0.853217
16489,0.968059
16490,0.993124
16491,0.801176
16492,0.793781
16493,0.602131
16494,0.884183
16495,0.663245
16496,0.792808
16497,0.984289
16498,0.080765
16499,0.952106
16500,0.66393
16501,0.704495
16502,0.76516
16503,0.683996
16504,0.525765
16505,0.497417
16506,0.907558
16507,0.806631
16508,0.589499
16509,0.620863
16510,0.023948
16511,0.403124
16512,0.924409
16513,0.83879
16514,0.495714
16515,0.957155
16516,0.438876
16517,0.613514
16518,0.941175
16519,0.821304
16520,0.817873
16521,0.337485
16522,0.66598
16523,0.783916
16524,0.465287
16525,0.633963
16526,0.756363
16527,0.646858
16528,0.7104
16529,0.747569
16530,0.420624
16531,0.382694
16532,0.957081
16533,0.845632
16534,0.955363
16535,0.648517
16536,0.892229
16537,0.920488
16538,0.71069
16539,0.47859
16540,0.582123
16541,0.791594
16542,0.819449
16543,0.838106
16544,0.719716
16545,0.505143
16546,0.420107
16547,0.965192
16548,0.635532
16549,0.857932
16550,0.558042
16551,0.685591
16552,0.642335
16553,0.721605
16554,0.47469
16555,0.970692
16556,0.166363
16557,0.989813
16558,0.684887
16559,0.548312
16560,0.581803
16561,0.764021
16562,0.795785
16563,0.884182
16564,0.795497
16565,0.376996
16566,0.947457
16567,0.731014
16568,0.962676
16569,0.667799
16570,0.923369
16571,0.61742
16572,0.840435
16573,0.872234
16574,0.46623
16575,0.389179
16576,0.831465
16577,0.448704
16578,0.740611
16579,0.819612
16580,0.74258
16581,0.505338
16582,0.75754
16583,0.737759
16584,0.608752
16585,0.774527
16586,0.89738
16587,0.958545
16588,0.367029
16589,0.414311
16590,0.625232
16591,0.492793
16592,0.785821
16593,0.974645
16594,0.904721
16595,0.917337
16596,0.577726
16597,0.504741
16598,0.729969
16599,0.771661
16600,0.537177
16601,0.65585
16602,0.614133
16603,0.688835
16604,0.832903
16605,0.68261
16606,0.837698
16607,0.951411
16608,0.714777
16609,0.837447
16610,0.859957
16611,0.902601
16612,0.572958
16613,0.828464
16614,0.708071
16615,0.868157
16616,0.569458
16617,0.110143
16618,0.939701
16619,0.389625
16620,0.813585
16621,0.963011
16622,0.704843
16623,0.118273
16624,0.716675
16625,0.499313
16626,0.781023
16627,0.019188
16628,0.641816
16629,0.544762
16630,0.995111
16631,0.4706
16632,0.571208
16633,0.894121
16634,0.760153
16635,0.771024
16636,0.753461
16637,0.954583
16638,0.524249
16639,0.681901
16640,0.635753
16641,0.795053
16642,0.996004
16643,0.547152
16644,0.987044
16645,0.66552
16646,0.962329
16647,0.910827
16648,0.90834
16649,0.865913
16650,0.497514
16651,0.733464
16652,0.776927
16653,0.991998
16654,0.94558
16655,0.689768
16656,0.852305
16657,0.315951
16658,0.535204
16659,0.868068
16660,0.595374
16661,0.840051
16662,0.330758
16663,0.606312
16664,0.754502
16665,0.822208
16666,0.54723
16667,0.94349
16668,0.807677
16669,0.706564
16670,0.823713
16671,0.563338
16672,0.676481
16673,0.572827
16674,0.521308
16675,0.933703
16676,0.905216
16677,0.598086
16678,0.07311
16679,0.808657
16680,0.834093
16681,0.574343
16682,0.412933
16683,0.720166
16684,0.811861
16685,0.682849
16686,0.57015
16687,0.662984
16688,0.701718
16689,0.657968
16690,0.817675
16691,0.8262
16692,0.892281
16693,0.389182
16694,0.382461
16695,0.908647
16696,0.950186
16697,0.922437
16698,0.605786
16699,0.669263
16700,0.534265
16701,0.491549
16702,0.396035
16703,0.968991
16704,0.879553
16705,0.696325
16706,0.841891
16707,0.83641
16708,0.574684
16709,0.962955
16710,0.217872
16711,0.868561
16712,0.843326
16713,0.526258
16714,0.796501
16715,0.551636
16716,0.800981
16717,0.7375
16718,0.582619
16719,0.620293
16720,0.927203
16721,0.832038
16722,0.509229
16723,0.552337
16724,0.731521
16725,0.798463
16726,0.848967
16727,0.655747
16728,0.831719
16729,0.729562
16730,0.977627
16731,0.676748
16732,0.65052
16733,0.170746
16734,0.888632
16735,0.683526
16736,0.666665
16737,0.64791
16738,0.599506
16739,0.748485
16740,0.876194
16741,0.861787
16742,0.569382
16743,0.676969
16744,0.955621
16745,0.902936
16746,0.959848
16747,0.422964
16748,0.796954
16749,0.477186
16750,0.943792
16751,0.694185
16752,0.78258
16753,0.702515
16754,0.693361
16755,0.706524
16756,0.837318
16757,0.597006
16758,0.690078
16759,0.75347
16760,0.580738
16761,0.790663
16762,0.979409
16763,0.712885
16764,0.964722
16765,0.422995
16766,0.687252
16767,0.6303
16768,0.731613
16769,0.798517
16770,0.923581
16771,0.66756
16772,0.485498
16773,0.905748
16774,0.489188
16775,0.858666
16776,0.431086
16777,0.670455
16778,0.886048
16779,0.933352
16780,0.722428
16781,0.793173
16782,0.854484
16783,0.803286
16784,0.680347
16785,0.74969
16786,0.967169
16787,0.308217
16788,0.979449
16789,0.648069
16790,0.675539
16791,0.858622
16792,0.683559
16793,0.945675
16794,0.518534
16795,0.828042
16796,0.922945
16797,0.749986
16798,0.522022
16799,0.537001
16800,0.944861
16801,0.915991
16802,0.810644
16803,0.987996
16804,0.856801
16805,0.981843
16806,0.655122
16807,0.836397
16808,0.45419
16809,0.626278
16810,0.942872
16811,0.794703
16812,0.733937
16813,0.565784
16814,0.845785
16815,0.731155
16816,0.993866
16817,0.47854
16818,0.89754
16819,0.911415
16820,0.777892
16821,0.684671
16822,0.980814
16823,0.718232
16824,0.919665
16825,0.493814
16826,0.806093
16827,0.629193
16828,0.638118
16829,0.649808
16830,0.743233
16831,0.44946
16832,0.766583
16833,0.710016
16834,0.855819
16835,0.81346
16836,0.877203
16837,0.967009
16838,0.752979
16839,0.708079
16840,0.506304
16841,0.65112
16842,0.957184
16843,0.611982
16844,0.912688
16845,0.53729
16846,0.899928
16847,0.739131
16848,0.743567
16849,0.457134
16850,0.862988
16851,0.82104
16852,0.39786
16853,0.533159
16854,0.718754
16855,0.664381
16856,0.728761
16857,0.808138
16858,0.763187
16859,0.473546
16860,0.901531
16861,0.901954
16862,0.73765
16863,0.750211
16864,0.821057
16865,0.439962
16866,0.860145
16867,0.831711
16868,0.607651
16869,0.462337
16870,0.846659
16871,0.658067
16872,0.930855
16873,0.42469
16874,0.716187
16875,0.419997
16876,0.563728
16877,0.568679
16878,0.520758
16879,0.806413
16880,0.437677
16881,0.727132
16882,0.831541
16883,0.58607
16884,0.867434
16885,0.748474
16886,0.698016
16887,0.726487
16888,0.4259
16889,0.458297
16890,0.904809
16891,0.705182
16892,0.812959
16893,0.489019
16894,0.913855
16895,0.800247
16896,0.948053
16897,0.732441
16898,0.838403
16899,0.732857
16900,0.722132
16901,0.654875
16902,0.445334
16903,0.817857
16904,0.731582
16905,0.515718
16906,0.853008
16907,0.272372
16908,0.733025
16909,0.303742
16910,0.811299
16911,0.687621
16912,0.763291
16913,0.03606
16914,0.779457
16915,0.656091
16916,0.532068
16917,0.913504
16918,0.642183
16919,0.618202
16920,0.681743
16921,0.619129
16922,0.738861
16923,0.925452
16924,0.629916
16925,0.634439
16926,0.643654
16927,0.617026
16928,0.772927
16929,0.769705
16930,0.523459
16931,0.869358
16932,0.970258
16933,0.914694
16934,0.664542
16935,0.903337
16936,0.970119
16937,0.793796
16938,0.731947
16939,0.873137
16940,0.784486
16941,0.759045
16942,0.87843
16943,0.930687
16944,0.958422
16945,0.922239
16946,0.742032
16947,0.942348
16948,0.750868
16949,0.887283
16950,0.641286
16951,0.053107
16952,0.917823
16953,0.748798
16954,0.505021
16955,0.988649
16956,0.96834
16957,0.776368
16958,0.906624
16959,0.875251
16960,0.5687
16961,0.679289
16962,0.794411
16963,0.878181
16964,0.755343
16965,0.856056
16966,0.790769
16967,0.483308
16968,0.868784
16969,0.776928
16970,0.831595
16971,0.964842
16972,0.924106
16973,0.91383
16974,0.662744
16975,0.69491
16976,0.903131
16977,0.218365
16978,0.635228
16979,0.73057
16980,0.784663
16981,0.724335
16982,0.88926
16983,0.885998
16984,0.584163
16985,0.682399
16986,0.768766
16987,0.678972
16988,0.708022
16989,0.878355
16990,0.777135
16991,0.774323
16992,0.64974
16993,0.694821
16994,0.838044
16995,0.808984
16996,0.931906
16997,0.517203
16998,0.602238
16999,0.50826
17000,0.770806
17001,0.476711
17002,0.792212
17003,0.43946
17004,0.873508
17005,0.36721
17006,0.640878
17007,0.878411
17008,0.79526
17009,0.841138
17010,0.857009
17011,0.853788
17012,0.73617
17013,0.966237
17014,0.777779
17015,0.993805
17016,0.972576
17017,0.484983
17018,0.700824
17019,0.663206
17020,0.641111
17021,0.536441
17022,0.973658
17023,0.588712
17024,0.701686
17025,0.765717
17026,0.647964
17027,0.908467
17028,0.78498
17029,0.852605
17030,0.172986
17031,0.249727
17032,0.718852
17033,0.805654
17034,0.840622
17035,0.394191
17036,0.572917
17037,0.462492
17038,0.885231
17039,0.6457
17040,0.681617
17041,0.982702
17042,0.495402
17043,0.251675
17044,0.459574
17045,0.585368
17046,0.840735
17047,0.607412
17048,0.518698
17049,0.937842
17050,0.715723
17051,0.829915
17052,0.638998
17053,0.670347
17054,0.775813
17055,0.602654
17056,0.854988
17057,0.903737
17058,0.48084
17059,0.605878
17060,0.790741
17061,0.745766
17062,0.962599
17063,0.859874
17064,0.661567
17065,0.601153
17066,0.220287
17067,0.560733
17068,0.674036
17069,0.724914
17070,0.084135
17071,0.510537
17072,0.838173
17073,0.898031
17074,0.873931
17075,0.918749
17076,0.87468
17077,0.909364
17078,0.75527
17079,0.734417
17080,0.990777
17081,0.838429
17082,0.047396
17083,0.811762
17084,0.821654
17085,0.657976
17086,0.848789
17087,0.910323
17088,0.895704
17089,0.693661
17090,0.831043
17091,0.771716
17092,0.789034
17093,0.800767
17094,0.603585
17095,0.94202
17096,0.916559
17097,0.696158
17098,0.926786
17099,0.98239
17100,0.62656
17101,0.500393
17102,0.973143
17103,0.563844
17104,0.762481
17105,0.102655
17106,0.611529
17107,0.459951
17108,0.651682
17109,0.95075
17110,0.773344
17111,0.605594
17112,0.846523
17113,0.858716
17114,0.712861
17115,0.597436
17116,0.841528
17117,0.804619
17118,0.937966
17119,0.515186
17120,0.959067
17121,0.46081
17122,0.869117
17123,0.685831
17124,0.775311
17125,0.948892
17126,0.750703
17127,0.905704
17128,0.610992
17129,0.671559
17130,0.969112
17131,0.451485
17132,0.823463
17133,0.745345
17134,0.666782
17135,0.592427
17136,0.392473
17137,0.699557
17138,0.463824
17139,0.813679
17140,0.959136
17141,0.610063
17142,0.616677
17143,0.131439
17144,0.884783
17145,0.722579
17146,0.949807
17147,0.600187
17148,0.354639
17149,0.564386
17150,0.631165
17151,0.932924
17152,0.640262
17153,0.895067
17154,0.782662
17155,0.59609
17156,0.956753
17157,0.705298
17158,0.878258
17159,0.816642
17160,0.944375
17161,0.715629
17162,0.737621
17163,0.669956
17164,0.862503
17165,0.351306
17166,0.758053
17167,0.964459
17168,0.912726
17169,0.902022
17170,0.344471
17171,0.538465
17172,0.48238
17173,0.918499
17174,0.772835
17175,0.662804
17176,0.811892
17177,0.756375
17178,0.65146
17179,0.758576
17180,0.827058
17181,0.717366
17182,0.832753
17183,0.651792
17184,0.714119
17185,0.823239
17186,0.676402
17187,0.73914
17188,0.539798
17189,0.810734
17190,0.848505
17191,0.681801
17192,0.812147
17193,0.849429
17194,0.741772
17195,0.825944
17196,0.706015
17197,0.671164
17198,0.494686
17199,0.486875
17200,0.767994
17201,0.655144
17202,0.680003
17203,0.975925
17204,0.464564
17205,0.585697
17206,0.787591
17207,0.70937
17208,0.727559
17209,0.624552
17210,0.502716
17211,0.767846
17212,0.700152
17213,0.948353
17214,0.964783
17215,0.770527
17216,0.538842
17217,0.956986
17218,0.880149
17219,0.365714
17220,0.932777
17221,0.716668
17222,0.773545
17223,0.958764
17224,0.786861
17225,0.95301
17226,0.664035
17227,0.788469
17228,0.099524
17229,0.643222
17230,0.330908
17231,0.494115
17232,0.722428
17233,0.793559
17234,0.855368
17235,0.577004
17236,0.933336
17237,0.833266
17238,0.536609
17239,0.935594
17240,0.857408
17241,0.869687
17242,0.751145
17243,0.865992
17244,0.504035
17245,0.80301
17246,0.774602
17247,0.931768
17248,0.581181
17249,0.944548
17250,0.738912
17251,0.805673
17252,0.627674
17253,0.915879
17254,0.680948
17255,0.928817
17256,0.42568
17257,0.684472
17258,0.768716
17259,0.347274
17260,0.663698
17261,0.626965
17262,0.491528
17263,0.642524
17264,0.807783
17265,0.946434
17266,0.603875
17267,0.828411
17268,0.855897
17269,0.709521
17270,0.550858
17271,0.783062
17272,0.627789
17273,0.619509
17274,0.160829
17275,0.83049
17276,0.961217
17277,0.987264
17278,0.965249
17279,0.321156
17280,0.844272
17281,0.806443
17282,0.733034
17283,0.63075
17284,0.746454
17285,0.345299
17286,0.795884
17287,0.968012
17288,0.744336
17289,0.719561
17290,0.831326
17291,0.80672
17292,0.784789
17293,0.150317
17294,0.665622
17295,0.55678
17296,0.703172
17297,0.879188
17298,0.43166
17299,0.786359
17300,0.231735
17301,0.647031
17302,0.706771
17303,0.827129
17304,0.697385
17305,0.668859
17306,0.968997
17307,0.92442
17308,0.433157
17309,0.726036
17310,0.729946
17311,0.682677
17312,0.874313
17313,0.647543
17314,0.937404
17315,0.770073
17316,0.95884
17317,0.838485
17318,0.875537
17319,0.954445
17320,0.922298
17321,0.53433
17322,0.913074
17323,0.860538
17324,0.955203
17325,0.990573
17326,0.701737
17327,0.370949
17328,0.712109
17329,0.65258
17330,0.964404
17331,0.523516
17332,0.888333
17333,0.828016
17334,0.974464
17335,0.625107
17336,0.928468
17337,0.851563
17338,0.656353
17339,0.549386
17340,0.546999
17341,0.871098
17342,0.860892
17343,0.842875
17344,0.525551
17345,0.819585
17346,0.972725
17347,0.795992
17348,0.887199
17349,0.735562
17350,0.8838
17351,0.302211
17352,0.895204
17353,0.776239
17354,0.98368
17355,0.984829
17356,0.98783
17357,0.781231
17358,0.622075
17359,0.140465
17360,0.952078
17361,0.803646
17362,0.800712
17363,0.573341
17364,0.973834
17365,0.739427
17366,0.638428
17367,0.703286
17368,0.575507
17369,0.540134
17370,0.808548
17371,0.660244
17372,0.644208
17373,0.252568
17374,0.836595
17375,0.648783
17376,0.227022
17377,0.512335
17378,0.48426
17379,0.697037
17380,0.303048
17381,0.668038
17382,0.676815
17383,0.14796
17384,0.877485
17385,0.891214
17386,0.629553
17387,0.692081
17388,0.837954
17389,0.53456
17390,0.485977
17391,0.759398
17392,0.393644
17393,0.854762
17394,0.883761
17395,0.841651
17396,0.993463
17397,0.86601
17398,0.717366
17399,0.434204
17400,0.820016
17401,0.724433
17402,0.844198
17403,0.71477
17404,0.77303
17405,0.826078
17406,0.934469
17407,0.602401
17408,0.862912
17409,0.324552
17410,0.512971
17411,0.796901
17412,0.72036
17413,0.812446
17414,0.684173
17415,0.5431
17416,0.824946
17417,0.690977
17418,0.676479
17419,0.726651
17420,0.869027
17421,0.658618
17422,0.37278
17423,0.876266
17424,0.563607
17425,0.708417
17426,0.954914
17427,0.939005
17428,0.86497
17429,0.880598
17430,0.650856
17431,0.507456
17432,0.962786
17433,0.880249
17434,0.578663
17435,0.903714
17436,0.667971
17437,0.038152
17438,0.949999
17439,0.386625
17440,0.832739
17441,0.799825
17442,0.794862
17443,0.396778
17444,0.672835
17445,0.588756
17446,0.933344
17447,0.508087
17448,0.49502
17449,0.984578
17450,0.973368
17451,0.45392
17452,0.570974
17453,0.649412
17454,0.864064
17455,0.758204
17456,0.419451
17457,0.63317
17458,0.844471
17459,0.951477
17460,0.640744
17461,0.658075
17462,0.287682
17463,0.062869
17464,0.680079
17465,0.351248
17466,0.968283
17467,0.944367
17468,0.735054
17469,0.983064
17470,0.941272
17471,0.987027
17472,0.890519
17473,0.759842
17474,0.471481
17475,0.709512
17476,0.323655
17477,0.887597
17478,0.98743
17479,0.746998
17480,0.49528
17481,0.947875
17482,0.833392
17483,0.984621
17484,0.975282
17485,0.889335
17486,0.517591
17487,0.989451
17488,0.803746
17489,0.920625
17490,0.476551
17491,0.944285
17492,0.883501
17493,0.89254
17494,0.788302
17495,0.789347
17496,0.75959
17497,0.795624
17498,0.632342
17499,0.913102
17500,0.722029
17501,0.944271
17502,0.538901
17503,0.661472
17504,0.55944
17505,0.729331
17506,0.84922
17507,0.647707
17508,0.943341
17509,0.948349
17510,0.875989
17511,0.77605
17512,0.941688
17513,0.753393
17514,0.795538
17515,0.557119
17516,0.88254
17517,0.528907
17518,0.52783
17519,0.816858
17520,0.77423
17521,0.586227
17522,0.780034
17523,0.913941
17524,0.174777
17525,0.94663
17526,0.854657
17527,0.699372
17528,0.755986
17529,0.530901
17530,0.8712
17531,0.884469
17532,0.615909
17533,0.9294
17534,0.762452
17535,0.816733
17536,0.94493
17537,0.770756
17538,0.437711
17539,0.689317
17540,0.729602
17541,0.814607
17542,0.705207
17543,0.609264
17544,0.676827
17545,0.875385
17546,0.803405
17547,0.793727
17548,0.851179
17549,0.878838
17550,0.380849
17551,0.857112
17552,0.741594
17553,0.95136
17554,0.917505
17555,0.779698
17556,0.949565
17557,0.834911
17558,0.294473
17559,0.729885
17560,0.944466
17561,0.920834
17562,0.668994
17563,0.859345
17564,0.840644
17565,0.564534
17566,0.823736
17567,0.745623
17568,0.948247
17569,0.857227
17570,0.363122
17571,0.704856
17572,0.722096
17573,0.699711
17574,0.856892
17575,0.84583
17576,0.906052
17577,0.972221
17578,0.507115
17579,0.434771
17580,0.974059
17581,0.943742
17582,0.991921
17583,0.903983
17584,0.642227
17585,0.705521
17586,0.57408
17587,0.791303
17588,0.907165
17589,0.813499
17590,0.768495
17591,0.70512
17592,0.876381
17593,0.739444
17594,0.692372
17595,0.777878
17596,0.824246
17597,0.922426
17598,0.620992
17599,0.805579
17600,0.432089
17601,0.596398
17602,0.729582
17603,0.606468
17604,0.548022
17605,0.572367
17606,0.861049
17607,0.643479
17608,0.89329
17609,0.787513
17610,0.524193
17611,0.779478
17612,0.78457
17613,0.620159
17614,0.65053
17615,0.838335
17616,0.919945
17617,0.169652
17618,0.164594
17619,0.80277
17620,0.973417
17621,0.907525
17622,0.579805
17623,0.65038
17624,0.407595
17625,0.794847
17626,0.983577
17627,0.832967
17628,0.924216
17629,0.580783
17630,0.70714
17631,0.815884
17632,0.652962
17633,0.616286
17634,0.128852
17635,0.135982
17636,0.865537
17637,0.66152
17638,0.798644
17639,0.805224
17640,0.757335
17641,0.72278
17642,0.706854
17643,0.827374
17644,0.659756
17645,0.700477
17646,0.964092
17647,0.618184
17648,0.437816
17649,0.490986
17650,0.898225
17651,0.938593
17652,0.570931
17653,0.745873
17654,0.711892
17655,0.917357
17656,0.917988
17657,0.731737
17658,0.979344
17659,0.867628
17660,0.472605
17661,0.932693
17662,0.647993
17663,0.87713
17664,0.704635
17665,0.585394
17666,0.772626
17667,0.732086
17668,0.898643
17669,0.445801
17670,0.436528
17671,0.685636
17672,0.788669
17673,0.458028
17674,0.902669
17675,0.931717
17676,0.708896
17677,0.461713
17678,0.94279
17679,0.77496
17680,0.670301
17681,0.828878
17682,0.796392
17683,0.797111
17684,0.468422
17685,0.881519
17686,0.852347
17687,0.793697
17688,0.647125
17689,0.032265
17690,0.882136
17691,0.720824
17692,0.786543
17693,0.693838
17694,0.389478
17695,0.704453
17696,0.54612
17697,0.80879
17698,0.226382
17699,0.945058
17700,0.923643
17701,0.791338
17702,0.70745
17703,0.9537
17704,0.458211
17705,0.582791
17706,0.71554
17707,0.886543
17708,0.714376
17709,0.886099
17710,0.728362
17711,0.961797
17712,0.883871
17713,0.550489
17714,0.762622
17715,0.843505
17716,0.76878
17717,0.713495
17718,0.681522
17719,0.75694
17720,0.539446
17721,0.695423
17722,0.928184
17723,0.958144
17724,0.458295
17725,0.932213
17726,0.824076
17727,0.903539
17728,0.694947
17729,0.081983
17730,0.846084
17731,0.815062
17732,0.055084
17733,0.688109
17734,0.704961
17735,0.884409
17736,0.886403
17737,0.711697
17738,0.778041
17739,0.251473
17740,0.946905
17741,0.907129
17742,0.514259
17743,0.909669
17744,0.855411
17745,0.46038
17746,0.546063
17747,0.949441
17748,0.897792
17749,0.221306
17750,0.749863
17751,0.866994
17752,0.830637
17753,0.769042
17754,0.99412
17755,0.822335
17756,0.766088
17757,0.853372
17758,0.887876
17759,0.681469
17760,0.724347
17761,0.795495
17762,0.750654
17763,0.643152
17764,0.868146
17765,0.435255
17766,0.942044
17767,0.552197
17768,0.43531
17769,0.718043
17770,0.976366
17771,0.729791
17772,0.36551
17773,0.570114
17774,0.75285
17775,0.930861
17776,0.702525
17777,0.982815
17778,0.683776
17779,0.415911
17780,0.887322
17781,0.674117
17782,0.8742
17783,0.631819
17784,0.652315
17785,0.862539
17786,0.585848
17787,0.865625
17788,0.725222
17789,0.864743
17790,0.37552
17791,0.615698
17792,0.731342
17793,0.492076
17794,0.750137
17795,0.687233
17796,0.410612
17797,0.687596
17798,0.573039
17799,0.939328
17800,0.502541
17801,0.94047
17802,0.502891
17803,0.508149
17804,0.662313
17805,0.530045
17806,0.503177
17807,0.647819
17808,0.482653
17809,0.738184
17810,0.762446
17811,0.881644
17812,0.954269
17813,0.808038
17814,0.573735
17815,0.871562
17816,0.873903
17817,0.584329
17818,0.982774
17819,0.569194
17820,0.684253
17821,0.733577
17822,0.480631
17823,0.028754
17824,0.640744
17825,0.61798
17826,0.901095
17827,0.844307
17828,0.960732
17829,0.732491
17830,0.415226
17831,0.895266
17832,0.699227
17833,0.975556
17834,0.911673
17835,0.579224
17836,0.444573
17837,0.508334
17838,0.690528
17839,0.479963
17840,0.972903
17841,0.939896
17842,0.586266
17843,0.725509
17844,0.768336
17845,0.665628
17846,0.790001
17847,0.353628
17848,0.671383
17849,0.943532
17850,0.840769
17851,0.915516
17852,0.671362
17853,0.559654
17854,0.801105
17855,0.492913
17856,0.720252
17857,0.462985
17858,0.922575
17859,0.581149
17860,0.680813
17861,0.888507
17862,0.860469
17863,0.913919
17864,0.774029
17865,0.876998
17866,0.715131
17867,0.850595
17868,0.961064
17869,0.779257
17870,0.81088
17871,0.429733
17872,0.98588
17873,0.908361
17874,0.686852
17875,0.706859
17876,0.900496
17877,0.407762
17878,0.646808
17879,0.582912
17880,0.475762
17881,0.925281
17882,0.991389
17883,0.711452
17884,0.663175
17885,0.0498
17886,0.563294
17887,0.776773
17888,0.779699
17889,0.947505
17890,0.779929
17891,0.793171
17892,0.760262
17893,0.434892
17894,0.756303
17895,0.664576
17896,0.535737
17897,0.659432
17898,0.809846
17899,0.845474
17900,0.561343
17901,0.937342
17902,0.861637
17903,0.248046
17904,0.89728
17905,0.466488
17906,0.850719
17907,0.567992
17908,0.566694
17909,0.90448
17910,0.231394
17911,0.772594
17912,0.89982
17913,0.953254
17914,0.276898
17915,0.42994
17916,0.649815
17917,0.899488
17918,0.992747
17919,0.830528
17920,0.613779
17921,0.71076
17922,0.908055
17923,0.83329
17924,0.966711
17925,0.809299
17926,0.835495
17927,0.658518
17928,0.843412
17929,0.793597
17930,0.6423
17931,0.893303
17932,0.507528
17933,0.073107
17934,0.960519
17935,0.573922
17936,0.657847
17937,0.785363
17938,0.869189
17939,0.595588
17940,0.791863
17941,0.773407
17942,0.74531
17943,0.406291
17944,0.793053
17945,0.522237
17946,0.975103
17947,0.665815
17948,0.80652
17949,0.57281
17950,0.758526
17951,0.872993
17952,0.639893
17953,0.862217
17954,0.495447
17955,0.459804
17956,0.653815
17957,0.765478
17958,0.589806
17959,0.909755
17960,0.53136
17961,0.574918
17962,0.686413
17963,0.56901
17964,0.60866
17965,0.770949
17966,0.847689
17967,0.650157
17968,0.938695
17969,0.555797
17970,0.405986
17971,0.902703
17972,0.945081
17973,0.885367
17974,0.960309
17975,0.743067
17976,0.425818
17977,0.683871
17978,0.912494
17979,0.72261
17980,0.416116
17981,0.907671
17982,0.735717
17983,0.86082
17984,0.914563
17985,0.562195
17986,0.54061
17987,0.96
17988,0.881871
17989,0.128021
17990,0.894362
17991,0.959091
17992,0.859359
17993,0.658158
17994,0.906236
17995,0.648385
17996,0.192206
17997,0.653983
17998,0.421959
17999,0.735849
18000,0.624102
18001,0.796442
18002,0.734007
18003,0.913572
18004,0.716001
18005,0.686316
18006,0.987706
18007,0.606789
18008,0.44728
18009,0.978373
18010,0.843542
18011,0.974446
18012,0.819646
18013,0.791178
18014,0.507856
18015,0.974271
18016,0.664963
18017,0.962541
18018,0.99192
18019,0.9591
18020,0.831942
18021,0.348081
18022,0.878814
18023,0.73526
18024,0.665503
18025,0.515807
18026,0.495338
18027,0.382102
18028,0.503191
18029,0.706711
18030,0.756884
18031,0.949044
18032,0.701089
18033,0.788617
18034,0.313598
18035,0.707067
18036,0.727356
18037,0.40354
18038,0.89966
18039,0.512956
18040,0.825607
18041,0.830232
18042,0.9004
18043,0.7643
18044,0.817345
18045,0.674407
18046,0.985653
18047,0.900875
18048,0.806333
18049,0.785345
18050,0.556359
18051,0.880172
18052,0.686848
18053,0.645129
18054,0.727404
18055,0.911836
18056,0.077346
18057,0.761506
18058,0.614463
18059,0.736989
18060,0.934114
18061,0.967987
18062,0.772654
18063,0.704461
18064,0.578566
18065,0.482595
18066,0.688709
18067,0.832752
18068,0.828874
18069,0.906932
18070,0.256243
18071,0.957799
18072,0.894815
18073,0.72289
18074,0.742017
18075,0.892743
18076,0.873223
18077,0.802795
18078,0.775758
18079,0.850523
18080,0.792424
18081,0.741257
18082,0.851779
18083,0.612965
18084,0.991098
18085,0.816461
18086,0.948828
18087,0.466068
18088,0.333547
18089,0.594811
18090,0.850553
18091,0.900453
18092,0.705857
18093,0.706806
18094,0.443202
18095,0.978314
18096,0.754816
18097,0.825948
18098,0.889503
18099,0.860373
18100,0.825861
18101,0.655345
18102,0.913766
18103,0.898835
18104,0.836453
18105,0.771705
18106,0.708203
18107,0.685753
18108,0.776572
18109,0.66876
18110,0.719917
18111,0.713616
18112,0.913739
18113,0.475219
18114,0.943026
18115,0.774079
18116,0.723322
18117,0.923533
18118,0.724373
18119,0.792802
18120,0.684056
18121,0.735636
18122,0.674304
18123,0.592353
18124,0.658897
18125,0.919079
18126,0.580628
18127,0.762984
18128,0.516819
18129,0.668804
18130,0.669483
18131,0.834223
18132,0.947787
18133,0.523769
18134,0.96004
18135,0.877894
18136,0.947686
18137,0.860365
18138,0.703692
18139,0.941308
18140,0.179649
18141,0.775714
18142,0.952081
18143,0.860042
18144,0.857107
18145,0.094664
18146,0.237847
18147,0.885633
18148,0.601378
18149,0.879491
18150,0.631698
18151,0.962971
18152,0.795296
18153,0.797877
18154,0.959351
18155,0.676364
18156,0.71249
18157,0.612245
18158,0.429289
18159,0.732933
18160,0.059611
18161,0.721101
18162,0.61506
18163,0.931768
18164,0.652654
18165,0.521967
18166,0.744659
18167,0.80286
18168,0.741597
18169,0.721668
18170,0.579685
18171,0.570341
18172,0.635236
18173,0.65219
18174,0.761455
18175,0.682686
18176,0.957434
18177,0.642211
18178,0.940175
18179,0.938124
18180,0.91873
18181,0.751447
18182,0.06467
18183,0.957638
18184,0.80085
18185,0.743495
18186,0.794869
18187,0.668323
18188,0.847372
18189,0.81379
18190,0.088546
18191,0.761603
18192,0.718346
18193,0.506189
18194,0.603238
18195,0.445156
18196,0.672471
18197,0.931892
18198,0.930321
18199,0.705855
18200,0.611402
18201,0.960357
18202,0.868137
18203,0.653141
18204,0.594263
18205,0.352373
18206,0.951852
18207,0.493851
18208,0.832407
18209,0.553379
18210,0.849106
18211,0.094792
18212,0.877351
18213,0.950542
18214,0.727558
18215,0.528793
18216,0.500234
18217,0.942474
18218,0.735819
18219,0.942456
18220,0.659494
18221,0.935587
18222,0.639126
18223,0.766711
18224,0.528477
18225,0.548909
18226,0.627547
18227,0.684929
18228,0.87331
18229,0.506013
18230,0.540567
18231,0.966612
18232,0.881431
18233,0.845482
18234,0.771014
18235,0.748918
18236,0.703425
18237,0.760925
18238,0.659166
18239,0.574533
18240,0.519267
18241,0.647393
18242,0.662686
18243,0.938742
18244,0.8462
18245,0.668383
18246,0.570023
18247,0.715036
18248,0.705495
18249,0.874978
18250,0.783363
18251,0.974693
18252,0.707206
18253,0.685261
18254,0.654357
18255,0.836085
18256,0.655944
18257,0.794989
18258,0.887021
18259,0.812105
18260,0.140341
18261,0.655415
18262,0.670846
18263,0.846632
18264,0.716716
18265,0.815629
18266,0.15338
18267,0.752067
18268,0.670335
18269,0.617124
18270,0.845108
18271,0.944412
18272,0.924373
18273,0.765453
18274,0.624076
18275,0.411297
18276,0.761861
18277,0.181698
18278,0.939201
18279,0.504506
18280,0.634946
18281,0.912637
18282,0.586918
18283,0.540318
18284,0.684939
18285,0.744753
18286,0.746515
18287,0.684419
18288,0.681905
18289,0.65335
18290,0.828071
18291,0.525913
18292,0.909812
18293,0.484742
18294,0.717345
18295,0.612
18296,0.945343
18297,0.70235
18298,0.863476
18299,0.538158
18300,0.938673
18301,0.661407
18302,0.585456
18303,0.75832
18304,0.785704
18305,0.916306
18306,0.283023
18307,0.853112
18308,0.590432
18309,0.988619
18310,0.836507
18311,0.914243
18312,0.707489
18313,0.875529
18314,0.681067
18315,0.941946
18316,0.492975
18317,0.308256
18318,0.755633
18319,0.836768
18320,0.97404
18321,0.060066
18322,0.90703
18323,0.566798
18324,0.7112
18325,0.540591
18326,0.770315
18327,0.647166
18328,0.744397
18329,0.922949
18330,0.717321
18331,0.61823
18332,0.987311
18333,0.824422
18334,0.860272
18335,0.437899
18336,0.800204
18337,0.70307
18338,0.613604
18339,0.792624
18340,0.497565
18341,0.973638
18342,0.859342
18343,0.73061
18344,0.761346
18345,0.929456
18346,0.801593
18347,0.696936
18348,0.544655
18349,0.370915
18350,0.682216
18351,0.831709
18352,0.288473
18353,0.870503
18354,0.569391
18355,0.895382
18356,0.77295
18357,0.855947
18358,0.863171
18359,0.712369
18360,0.830441
18361,0.315459
18362,0.895343
18363,0.7275
18364,0.132094
18365,0.95767
18366,0.616986
18367,0.654147
18368,0.633017
18369,0.627259
18370,0.560212
18371,0.649039
18372,0.898548
18373,0.785825
18374,0.7075
18375,0.822562
18376,0.380922
18377,0.910062
18378,0.727383
18379,0.784228
18380,0.879107
18381,0.875973
18382,0.981724
18383,0.589584
18384,0.636692
18385,0.766337
18386,0.644401
18387,0.682791
18388,0.217353
18389,0.897342
18390,0.14983
18391,0.185043
18392,0.607071
18393,0.827341
18394,0.691153
18395,0.993953
18396,0.597779
18397,0.657635
18398,0.807661
18399,0.723261
18400,0.659509
18401,0.50158
18402,0.273548
18403,0.715128
18404,0.87488
18405,0.842081
18406,0.967488
18407,0.917356
18408,0.580831
18409,0.498955
18410,0.915135
18411,0.849941
18412,0.623696
18413,0.809998
18414,0.730959
18415,0.65648
18416,0.975529
18417,0.776425
18418,0.311551
18419,0.942155
18420,0.308628
18421,0.657586
18422,0.948444
18423,0.551134
18424,0.989768
18425,0.649834
18426,0.982567
18427,0.835411
18428,0.82269
18429,0.537844
18430,0.65358
18431,0.762483
18432,0.340976
18433,0.821449
18434,0.73868
18435,0.669544
18436,0.900092
18437,0.890862
18438,0.621627
18439,0.835021
18440,0.821489
18441,0.534194
18442,0.920473
18443,0.655849
18444,0.834378
18445,0.688194
18446,0.986246
18447,0.704251
18448,0.614625
18449,0.512609
18450,0.447096
18451,0.544898
18452,0.404793
18453,0.838715
18454,0.801625
18455,0.647011
18456,0.718951
18457,0.759001
18458,0.959764
18459,0.821388
18460,0.88873
18461,0.931878
18462,0.625704
18463,0.59191
18464,0.729743
18465,0.781655
18466,0.824577
18467,0.925807
18468,0.442264
18469,0.805618
18470,0.944188
18471,0.815595
18472,0.821399
18473,0.819739
18474,0.566392
18475,0.57884
18476,0.117106
18477,0.584131
18478,0.716345
18479,0.542533
18480,0.349167
18481,0.979197
18482,0.958921
18483,0.912893
18484,0.848271
18485,0.878311
18486,0.57071
18487,0.822164
18488,0.718849
18489,0.822504
18490,0.882109
18491,0.55188
18492,0.442092
18493,0.455394
18494,0.508275
18495,0.794738
18496,0.632583
18497,0.691767
18498,0.782449
18499,0.174122
18500,0.546197
18501,0.79598
18502,0.685495
18503,0.782619
18504,0.692997
18505,0.782996
18506,0.825583
18507,0.429603
18508,0.983331
18509,0.752148
18510,0.978752
18511,0.369692
18512,0.683926
18513,0.785076
18514,0.984112
18515,0.645628
18516,0.577816
18517,0.935484
18518,0.646935
18519,0.419122
18520,0.861655
18521,0.618416
18522,0.835494
18523,0.673407
18524,0.224358
18525,0.484549
18526,0.854089
18527,0.988554
18528,0.89713
18529,0.411028
18530,0.729138
18531,0.786085
18532,0.825519
18533,0.898658
18534,0.902598
18535,0.911065
18536,0.630071
18537,0.124359
18538,0.554883
18539,0.77613
18540,0.839571
18541,0.959849
18542,0.404748
18543,0.40376
18544,0.738625
18545,0.676179
18546,0.969664
18547,0.810946
18548,0.363567
18549,0.851431
18550,0.863624
18551,0.695484
18552,0.955027
18553,0.670548
18554,0.884616
18555,0.549444
18556,0.813648
18557,0.713643
18558,0.732008
18559,0.839977
18560,0.83869
18561,0.645956
18562,0.779177
18563,0.965846
18564,0.026647
18565,0.515245
18566,0.938385
18567,0.730825
18568,0.64567
18569,0.953252
18570,0.080326
18571,0.728622
18572,0.757204
18573,0.910736
18574,0.215049
18575,0.671043
18576,0.866612
18577,0.13732
18578,0.954242
18579,0.73524
18580,0.641304
18581,0.510928
18582,0.763482
18583,0.562611
18584,0.153098
18585,0.794101
18586,0.519768
18587,0.885665
18588,0.56206
18589,0.814961
18590,0.734722
18591,0.912741
18592,0.697003
18593,0.617111
18594,0.615776
18595,0.730528
18596,0.813559
18597,0.579091
18598,0.854585
18599,0.86652
18600,0.815673
18601,0.460167
18602,0.916547
18603,0.612829
18604,0.807411
18605,0.580371
18606,0.769482
18607,0.894123
18608,0.730846
18609,0.753553
18610,0.95913
18611,0.941558
18612,0.744617
18613,0.746517
18614,0.242424
18615,0.908508
18616,0.955459
18617,0.510062
18618,0.812189
18619,0.891867
18620,0.903541
18621,0.609045
18622,0.612675
18623,0.762965
18624,0.580659
18625,0.78347
18626,0.863616
18627,0.907388
18628,0.762677
18629,0.784208
18630,0.759236
18631,0.965248
18632,0.400318
18633,0.758834
18634,0.729201
18635,0.76842
18636,0.351572
18637,0.915603
18638,0.877266
18639,0.236224
18640,0.866066
18641,0.904265
18642,0.601611
18643,0.53713
18644,0.89132
18645,0.973956
18646,0.750468
18647,0.136928
18648,0.651612
18649,0.945082
18650,0.489548
18651,0.778024
18652,0.767433
18653,0.889995
18654,0.629907
18655,0.834862
18656,0.921663
18657,0.318825
18658,0.633243
18659,0.737976
18660,0.404024
18661,0.731734
18662,0.705611
18663,0.987483
18664,0.580741
18665,0.792362
18666,0.865938
18667,0.875269
18668,0.659506
18669,0.772666
18670,0.742807
18671,0.821756
18672,0.60506
18673,0.574964
18674,0.674085
18675,0.089466
18676,0.89201
18677,0.380005
18678,0.684336
18679,0.997748
18680,0.866412
18681,0.773501
18682,0.749972
18683,0.633216
18684,0.085198
18685,0.932558
18686,0.306128
18687,0.560566
18688,0.738254
18689,0.487579
18690,0.293964
18691,0.87628
18692,0.588093
18693,0.824289
18694,0.679249
18695,0.407344
18696,0.947867
18697,0.770481
18698,0.469827
18699,0.841422
18700,0.824219
18701,0.467066
18702,0.979083
18703,0.94829
18704,0.727691
18705,0.847223
18706,0.499912
18707,0.401684
18708,0.583986
18709,0.799013
18710,0.679116
18711,0.751483
18712,0.919893
18713,0.82041
18714,0.518001
18715,0.866733
18716,0.810303
18717,0.83963
18718,0.495965
18719,0.735121
18720,0.923142
18721,0.975366
18722,0.731806
18723,0.753723
18724,0.842131
18725,0.631373
18726,0.541867
18727,0.950011
18728,0.813592
18729,0.862279
18730,0.917453
18731,0.781621
18732,0.525605
18733,0.848105
18734,0.595824
18735,0.922643
18736,0.931511
18737,0.898298
18738,0.22599
18739,0.882608
18740,0.761956
18741,0.667655
18742,0.901841
18743,0.986094
18744,0.783465
18745,0.580307
18746,0.701428
18747,0.10631
18748,0.827222
18749,0.923506
18750,0.914699
18751,0.883457
18752,0.522461
18753,0.943917
18754,0.936724
18755,0.348979
18756,0.814995
18757,0.910581
18758,0.768238
18759,0.822567
18760,0.773766
18761,0.947902
18762,0.767474
18763,0.820392
18764,0.59587
18765,0.742778
18766,0.728266
18767,0.572358
18768,0.719005
18769,0.858137
18770,0.952196
18771,0.384606
18772,0.579711
18773,0.845502
18774,0.823698
18775,0.981113
18776,0.750124
18777,0.896136
18778,0.610464
18779,0.776907
18780,0.707472
18781,0.907426
18782,0.603093
18783,0.088859
18784,0.60564
18785,0.47217
18786,0.855376
18787,0.769819
18788,0.538068
18789,0.715367
18790,0.672134
18791,0.905238
18792,0.85558
18793,0.792218
18794,0.714896
18795,0.801429
18796,0.798489
18797,0.633243
18798,0.227034
18799,0.860066
18800,0.782315
18801,0.844585
18802,0.485325
18803,0.645145
18804,0.93305
18805,0.959658
18806,0.317476
18807,0.991896
18808,0.951639
18809,0.824412
18810,0.92223
18811,0.975265
18812,0.741352
18813,0.668804
18814,0.693957
18815,0.648835
18816,0.791145
18817,0.793584
18818,0.47522
18819,0.950107
18820,0.944444
18821,0.566471
18822,0.778102
18823,0.927417
18824,0.30818
18825,0.658807
18826,0.13683
18827,0.892824
18828,0.600043
18829,0.25533
18830,0.632695
18831,0.81599
18832,0.61475
18833,0.926694
18834,0.527693
18835,0.658536
18836,0.792254
18837,0.536567
18838,0.79396
18839,0.792869
18840,0.757823
18841,0.880715
18842,0.53267
18843,0.746903
18844,0.674842
18845,0.647614
18846,0.706327
18847,0.925025
18848,0.673495
18849,0.789817
18850,0.348895
18851,0.055993
18852,0.655622
18853,0.858637
18854,0.893771
18855,0.689024
18856,0.922208
18857,0.774809
18858,0.6024
18859,0.636717
18860,0.586701
18861,0.743556
18862,0.946962
18863,0.802891
18864,0.048866
18865,0.764309
18866,0.656148
18867,0.552754
18868,0.974554
18869,0.649307
18870,0.932704
18871,0.636055
18872,0.794193
18873,0.938688
18874,0.834799
18875,0.884516
18876,0.800397
18877,0.862148
18878,0.991255
18879,0.801521
18880,0.687432
18881,0.908311
18882,0.66203
18883,0.559761
18884,0.944373
18885,0.972317
18886,0.560463
18887,0.858896
18888,0.571288
18889,0.932265
18890,0.882849
18891,0.680782
18892,0.640174
18893,0.841115
18894,0.085005
18895,0.800889
18896,0.734976
18897,0.714614
18898,0.558696
18899,0.422692
18900,0.881496
18901,0.922087
18902,0.834847
18903,0.95217
18904,0.796985
18905,0.587339
18906,0.893961
18907,0.797527
18908,0.979029
18909,0.674061
18910,0.736283
18911,0.687255
18912,0.068854
18913,0.879302
18914,0.592632
18915,0.474087
18916,0.251914
18917,0.83016
18918,0.099905
18919,0.861458
18920,0.864543
18921,0.481739
18922,0.624237
18923,0.510234
18924,0.188329
18925,0.775643
18926,0.871599
18927,0.983815
18928,0.91386
18929,0.810198
18930,0.828467
18931,0.670826
18932,0.879807
18933,0.969414
18934,0.791595
18935,0.901654
18936,0.837675
18937,0.943954
18938,0.97807
18939,0.660157
18940,0.138793
18941,0.686649
18942,0.911212
18943,0.530174
18944,0.941351
18945,0.844342
18946,0.148581
18947,0.873586
18948,0.763548
18949,0.659737
18950,0.808564
18951,0.741973
18952,0.765868
18953,0.69686
18954,0.468301
18955,0.727922
18956,0.904033
18957,0.680559
18958,0.602827
18959,0.381993
18960,0.907368
18961,0.565916
18962,0.987641
18963,0.598339
18964,0.922766
18965,0.780918
18966,0.672426
18967,0.630857
18968,0.4222
18969,0.559837
18970,0.337277
18971,0.785707
18972,0.434328
18973,0.19944
18974,0.973726
18975,0.883297
18976,0.711603
18977,0.859378
18978,0.681974
18979,0.885474
18980,0.808535
18981,0.503792
18982,0.782851
18983,0.686582
18984,0.794228
18985,0.738325
18986,0.91271
18987,0.908538
18988,0.113153
18989,0.88473
18990,0.546174
18991,0.692353
18992,0.4737
18993,0.851682
18994,0.618414
18995,0.938919
18996,0.7161
18997,0.724933
18998,0.484977
18999,0.738012
19000,0.628781
19001,0.112454
19002,0.836964
19003,0.574262
19004,0.978576
19005,0.712306
19006,0.792071
19007,0.152187
19008,0.825852
19009,0.629033
19010,0.283594
19011,0.661688
19012,0.934478
19013,0.502863
19014,0.973703
19015,0.518628
19016,0.690373
19017,0.67214
19018,0.822952
19019,0.665282
19020,0.882929
19021,0.584395
19022,0.521863
19023,0.918573
19024,0.947429
19025,0.625841
19026,0.657916
19027,0.792891
19028,0.817194
19029,0.699231
19030,0.737258
19031,0.764233
19032,0.754104
19033,0.865726
19034,0.98187
19035,0.69376
19036,0.778435
19037,0.880193
19038,0.709505
19039,0.677276
19040,0.812211
19041,0.698709
19042,0.694732
19043,0.819022
19044,0.731487
19045,0.694987
19046,0.162671
19047,0.681363
19048,0.681877
19049,0.698431
19050,0.627158
19051,0.90492
19052,0.797409
19053,0.922575
19054,0.483473
19055,0.989432
19056,0.458092
19057,0.944582
19058,0.730747
19059,0.789171
19060,0.90733
19061,0.772892
19062,0.79511
19063,0.753113
19064,0.808726
19065,0.865253
19066,0.853036
19067,0.875451
19068,0.928283
19069,0.931566
19070,0.806591
19071,0.446608
19072,0.959103
19073,0.633681
19074,0.983489
19075,0.652312
19076,0.965046
19077,0.79075
19078,0.962122
19079,0.771794
19080,0.958846
19081,0.581578
19082,0.403125
19083,0.967465
19084,0.696042
19085,0.801516
19086,0.755635
19087,0.928329
19088,0.504518
19089,0.895725
19090,0.5933
19091,0.272938
19092,0.871259
19093,0.73604
19094,0.971455
19095,0.495761
19096,0.783218
19097,0.970798
19098,0.124029
19099,0.590926
19100,0.745402
19101,0.823836
19102,0.628531
19103,0.75772
19104,0.693896
19105,0.475808
19106,0.865396
19107,0.768244
19108,0.478157
19109,0.85655
19110,0.539648
19111,0.655142
19112,0.855479
19113,0.666651
19114,0.542152
19115,0.345978
19116,0.865329
19117,0.916223
19118,0.8295
19119,0.649372
19120,0.825683
19121,0.608631
19122,0.987415
19123,0.901055
19124,0.995283
19125,0.712151
19126,0.846263
19127,0.929992
19128,0.978984
19129,0.827419
19130,0.668172
19131,0.911919
19132,0.969367
19133,0.63391
19134,0.827615
19135,0.712804
19136,0.732486
19137,0.463048
19138,0.617859
19139,0.848978
19140,0.871041
19141,0.884814
19142,0.570558
19143,0.937936
19144,0.97344
19145,0.495108
19146,0.589759
19147,0.82625
19148,0.857048
19149,0.799176
19150,0.740049
19151,0.840217
19152,0.934643
19153,0.701304
19154,0.43826
19155,0.053832
19156,0.710843
19157,0.815602
19158,0.949406
19159,0.813359
19160,0.656321
19161,0.994352
19162,0.763908
19163,0.840883
19164,0.768449
19165,0.708864
19166,0.886276
19167,0.911234
19168,0.924088
19169,0.781132
19170,0.597891
19171,0.639096
19172,0.99448
19173,0.548517
19174,0.938758
19175,0.989728
19176,0.668947
19177,0.858402
19178,0.691953
19179,0.862405
19180,0.929058
19181,0.88968
19182,0.891057
19183,0.902598
19184,0.833859
19185,0.718801
19186,0.640076
19187,0.895873
19188,0.976867
19189,0.738445
19190,0.739718
19191,0.877579
19192,0.942228
19193,0.915529
19194,0.822406
19195,0.416763
19196,0.867647
19197,0.860115
19198,0.823056
19199,0.687266
19200,0.568384
19201,0.650082
19202,0.736853
19203,0.77262
19204,0.652273
19205,0.901651
19206,0.924776
19207,0.680203
19208,0.925408
19209,0.635321
19210,0.994709
19211,0.730219
19212,0.641459
19213,0.737265
19214,0.950216
19215,0.893746
19216,0.553794
19217,0.659679
19218,0.555534
19219,0.921185
19220,0.084649
19221,0.777128
19222,0.656611
19223,0.928473
19224,0.839671
19225,0.694808
19226,0.4003
19227,0.736588
19228,0.66185
19229,0.771253
19230,0.631937
19231,0.956998
19232,0.858573
19233,0.674579
19234,0.968941
19235,0.987382
19236,0.854457
19237,0.631143
19238,0.984943
19239,0.955398
19240,0.969451
19241,0.804924
19242,0.986486
19243,0.620579
19244,0.903313
19245,0.921972
19246,0.775633
19247,0.842163
19248,0.750947
19249,0.533843
19250,0.959995
19251,0.701484
19252,0.694048
19253,0.637573
19254,0.7534
19255,0.915253
19256,0.704764
19257,0.93191
19258,0.740591
19259,0.910496
19260,0.615313
19261,0.614045
19262,0.537037
19263,0.649633
19264,0.799841
19265,0.860397
19266,0.633373
19267,0.830815
19268,0.583303
19269,0.562528
19270,0.479282
19271,0.870681
19272,0.872211
19273,0.63591
19274,0.743751
19275,0.501582
19276,0.72133
19277,0.953378
19278,0.72918
19279,0.720789
19280,0.488014
19281,0.236568
19282,0.836287
19283,0.760483
19284,0.789162
19285,0.92012
19286,0.569808
19287,0.561241
19288,0.629539
19289,0.76065
19290,0.778228
19291,0.8075
19292,0.801368
19293,0.956409
19294,0.515151
19295,0.623618
19296,0.784814
19297,0.858046
19298,0.334258
19299,0.697776
19300,0.810562
19301,0.750198
19302,0.96493
19303,0.958371
19304,0.494817
19305,0.979121
19306,0.710608
19307,0.625158
19308,0.755258
19309,0.818482
19310,0.768124
19311,0.239868
19312,0.954292
19313,0.34359
19314,0.819874
19315,0.793976
19316,0.774483
19317,0.872761
19318,0.83446
19319,0.86671
19320,0.437167
19321,0.713048
19322,0.879247
19323,0.506864
19324,0.71686
19325,0.83397
19326,0.943633
19327,0.897916
19328,0.789421
19329,0.795238
19330,0.722505
19331,0.767742
19332,0.887869
19333,0.915249
19334,0.906882
19335,0.937622
19336,0.537139
19337,0.717636
19338,0.890426
19339,0.89536
19340,0.983297
19341,0.736418
19342,0.962703
19343,0.566318
19344,0.658697
19345,0.782498
19346,0.661182
19347,0.793448
19348,0.934446
19349,0.986275
19350,0.855187
19351,0.792372
19352,0.302928
19353,0.434382
19354,0.902746
19355,0.959638
19356,0.964208
19357,0.571285
19358,0.691462
19359,0.828192
19360,0.076018
19361,0.953238
19362,0.557432
19363,0.888381
19364,0.839399
19365,0.775839
19366,0.931813
19367,0.382606
19368,0.83921
19369,0.378114
19370,0.870435
19371,0.772577
19372,0.692152
19373,0.798328
19374,0.782337
19375,0.619961
19376,0.625533
19377,0.535943
19378,0.495998
19379,0.974523
19380,0.360152
19381,0.495943
19382,0.605917
19383,0.976696
19384,0.408605
19385,0.648018
19386,0.879116
19387,0.920134
19388,0.753001
19389,0.932696
19390,0.796667
19391,0.938497
19392,0.822711
19393,0.838316
19394,0.606036
19395,0.822822
19396,0.346045
19397,0.605847
19398,0.996487
19399,0.683911
19400,0.935521
19401,0.900723
19402,0.579414
19403,0.791687
19404,0.769344
19405,0.981002
19406,0.942704
19407,0.849557
19408,0.776229
19409,0.712682
19410,0.083884
19411,0.686693
19412,0.866821
19413,0.689444
19414,0.970101
19415,0.353717
19416,0.388357
19417,0.877735
19418,0.583638
19419,0.613023
19420,0.638411
19421,0.873718
19422,0.852949
19423,0.453131
19424,0.457935
19425,0.67044
19426,0.74728
19427,0.896981
19428,0.92962
19429,0.744179
19430,0.418957
19431,0.613387
19432,0.94797
19433,0.616228
19434,0.76392
19435,0.64107
19436,0.646227
19437,0.740895
19438,0.751863
19439,0.394255
19440,0.704223
19441,0.83198
19442,0.842374
19443,0.648911
19444,0.373005
19445,0.772197
19446,0.865297
19447,0.836292
19448,0.707296
19449,0.876717
19450,0.699687
19451,0.680496
19452,0.977669
19453,0.466633
19454,0.840849
19455,0.767601
19456,0.628087
19457,0.853882
19458,0.740705
19459,0.453444
19460,0.818953
19461,0.750782
19462,0.840171
19463,0.643806
19464,0.704939
19465,0.844188
19466,0.886166
19467,0.733742
19468,0.494476
19469,0.794751
19470,0.628967
19471,0.988626
19472,0.868479
19473,0.632535
19474,0.898525
19475,0.890688
19476,0.964224
19477,0.717536
19478,0.440328
19479,0.38301
19480,0.390233
19481,0.411255
19482,0.617882
19483,0.933533
19484,0.811204
19485,0.890933
19486,0.564722
19487,0.741915
19488,0.683683
19489,0.160569
19490,0.743715
19491,0.791203
19492,0.934414
19493,0.804001
19494,0.766626
19495,0.69338
19496,0.626407
19497,0.882945
19498,0.470226
19499,0.865237
19500,0.642094
19501,0.757053
19502,0.640681
19503,0.324738
19504,0.763665
19505,0.067694
19506,0.633541
19507,0.769237
19508,0.723771
19509,0.632386
19510,0.70124
19511,0.726971
19512,0.761089
19513,0.692996
19514,0.681311
19515,0.743299
19516,0.707833
19517,0.768403
19518,0.662714
19519,0.893838
19520,0.547645
19521,0.709661
19522,0.888048
19523,0.50169
19524,0.972316
19525,0.452815
19526,0.983894
19527,0.888375
19528,0.631418
19529,0.837441
19530,0.616763
19531,0.585739
19532,0.898265
19533,0.58306
19534,0.945513
19535,0.646706
19536,0.705007
19537,0.956998
19538,0.289729
19539,0.356889
19540,0.651153
19541,0.823355
19542,0.533596
19543,0.955988
19544,0.078135
19545,0.611325
19546,0.084722
19547,0.553486
19548,0.491599
19549,0.856655
19550,0.6425
19551,0.690921
19552,0.689
19553,0.979506
19554,0.706689
19555,0.913059
19556,0.840529
19557,0.661131
19558,0.641962
19559,0.558993
19560,0.064374
19561,0.79306
19562,0.902981
19563,0.872656
19564,0.466579
19565,0.644186
19566,0.600363
19567,0.72678
19568,0.798339
19569,0.463931
19570,0.754028
19571,0.914273
19572,0.851373
19573,0.890034
19574,0.832656
19575,0.790305
19576,0.905616
19577,0.555832
19578,0.749169
19579,0.688834
19580,0.435886
19581,0.602032
19582,0.718013
19583,0.728163
19584,0.796511
19585,0.182266
19586,0.707943
19587,0.457233
19588,0.730849
19589,0.937066
19590,0.904865
19591,0.909434
19592,0.72908
19593,0.949216
19594,0.790818
19595,0.837071
19596,0.836353
19597,0.884752
19598,0.778458
19599,0.273526
19600,0.871103
19601,0.790486
19602,0.782789
19603,0.867517
19604,0.921655
19605,0.819801
19606,0.994353
19607,0.644379
19608,0.961998
19609,0.806675
19610,0.763262
19611,0.933176
19612,0.552947
19613,0.99064
19614,0.724269
19615,0.844481
19616,0.720056
19617,0.956158
19618,0.823256
19619,0.773461
19620,0.650068
19621,0.723413
19622,0.909111
19623,0.828699
19624,0.603279
19625,0.8003
19626,0.872675
19627,0.648536
19628,0.619167
19629,0.569055
19630,0.818958
19631,0.867437
19632,0.860267
19633,0.746039
19634,0.69337
19635,0.905759
19636,0.814786
19637,0.428373
19638,0.913369
19639,0.474488
19640,0.801199
19641,0.796782
19642,0.698628
19643,0.900274
19644,0.906758
19645,0.836675
19646,0.844851
19647,0.720666
19648,0.710684
19649,0.910998
19650,0.582266
19651,0.751548
19652,0.763131
19653,0.879828
19654,0.957867
19655,0.730191
19656,0.955999
19657,0.897584
19658,0.054919
19659,0.554047
19660,0.612064
19661,0.622987
19662,0.880502
19663,0.940016
19664,0.763912
19665,0.749453
19666,0.788673
19667,0.752271
19668,0.661086
19669,0.940752
19670,0.495968
19671,0.378076
19672,0.886995
19673,0.725323
19674,0.086628
19675,0.944105
19676,0.60424
19677,0.653594
19678,0.7043
19679,0.837242
19680,0.792797
19681,0.97901
19682,0.810575
19683,0.297777
19684,0.858015
19685,0.633386
19686,0.859836
19687,0.763163
19688,0.711832
19689,0.735359
19690,0.6556
19691,0.579849
19692,0.759506
19693,0.991803
19694,0.822582
19695,0.97972
19696,0.763074
19697,0.994975
19698,0.799712
19699,0.878537
19700,0.130668
19701,0.76421
19702,0.416408
19703,0.823176
19704,0.849161
19705,0.946466
19706,0.874199
19707,0.970019
19708,0.905762
19709,0.964243
19710,0.786035
19711,0.52999
19712,0.583665
19713,0.879743
19714,0.895093
19715,0.389941
19716,0.810347
19717,0.867213
19718,0.797566
19719,0.718989
19720,0.651789
19721,0.973281
19722,0.877023
19723,0.318872
19724,0.491856
19725,0.86237
19726,0.936167
19727,0.704543
19728,0.389038
19729,0.806436
19730,0.878447
19731,0.782612
19732,0.578536
19733,0.461394
19734,0.938119
19735,0.659652
19736,0.664486
19737,0.410258
19738,0.879545
19739,0.732362
19740,0.612777
19741,0.551743
19742,0.791375
19743,0.839162
19744,0.081968
19745,0.879164
19746,0.533821
19747,0.269386
19748,0.731143
19749,0.48833
19750,0.671757
19751,0.884613
19752,0.269133
19753,0.636204
19754,0.496781
19755,0.830305
19756,0.962981
19757,0.440108
19758,0.123292
19759,0.875052
19760,0.944784
19761,0.963705
19762,0.723275
19763,0.511079
19764,0.345762
19765,0.770572
19766,0.655726
19767,0.787752
19768,0.5631
19769,0.859587
19770,0.55083
19771,0.805331
19772,0.963453
19773,0.971149
19774,0.093706
19775,0.895731
19776,0.944661
19777,0.662713
19778,0.659857
19779,0.762751
19780,0.817257
19781,0.842708
19782,0.927206
19783,0.939952
19784,0.792567
19785,0.702617
19786,0.689361
19787,0.75647
19788,0.558443
19789,0.280311
19790,0.889516
19791,0.867603
19792,0.652716
19793,0.920238
19794,0.624962
19795,0.910049
19796,0.383321
19797,0.071011
19798,0.725744
19799,0.863118
19800,0.898484
19801,0.64456
19802,0.979971
19803,0.550149
19804,0.649318
19805,0.043661
19806,0.479638
19807,0.42274
19808,0.889927
19809,0.675197
19810,0.605071
19811,0.623521
19812,0.673188
19813,0.979428
19814,0.783888
19815,0.700238
19816,0.240814
19817,0.646836
19818,0.758773
19819,0.559246
19820,0.378992
19821,0.690691
19822,0.714973
19823,0.926053
19824,0.389755
19825,0.799729
19826,0.407045
19827,0.812927
19828,0.84709
19829,0.973715
19830,0.873268
19831,0.819246
19832,0.823231
19833,0.811786
19834,0.636575
19835,0.775281
19836,0.854108
19837,0.874929
19838,0.865928
19839,0.8211
19840,0.699646
19841,0.552522
19842,0.482469
19843,0.76253
19844,0.662231
19845,0.832689
19846,0.632831
19847,0.658991
19848,0.490111
19849,0.705805
19850,0.706618
19851,0.596721
19852,0.604829
19853,0.490021
19854,0.89032
19855,0.729523
19856,0.769653
19857,0.664948
19858,0.905653
19859,0.512452
19860,0.568987
19861,0.956
19862,0.570099
19863,0.721632
19864,0.845751
19865,0.650993
19866,0.663151
19867,0.817597
19868,0.996903
19869,0.71068
19870,0.895256
19871,0.350677
19872,0.749791
19873,0.74103
19874,0.556389
19875,0.910055
19876,0.788512
19877,0.797535
19878,0.842512
19879,0.957241
19880,0.715118
19881,0.604836
19882,0.937234
19883,0.063904
19884,0.982801
19885,0.883243
19886,0.98468
19887,0.890477
19888,0.746478
19889,0.722098
19890,0.764709
19891,0.960242
19892,0.980864
19893,0.849989
19894,0.581855
19895,0.608922
19896,0.559141
19897,0.916043
19898,0.97227
19899,0.613864
19900,0.777301
19901,0.440146
19902,0.806441
19903,0.56058
19904,0.972387
19905,0.680955
19906,0.919468
19907,0.948862
19908,0.906873
19909,0.746882
19910,0.375595
19911,0.771869
19912,0.619437
19913,0.877286
19914,0.942253
19915,0.69385
19916,0.887057
19917,0.967056
19918,0.835384
19919,0.823898
19920,0.637922
19921,0.727149
19922,0.693181
19923,0.289026
19924,0.755413
19925,0.626596
19926,0.587483
19927,0.738684
19928,0.966296
19929,0.666596
19930,0.719544
19931,0.684209
19932,0.583363
19933,0.690053
19934,0.939964
19935,0.742006
19936,0.909675
19937,0.738386
19938,0.873944
19939,0.974004
19940,0.804347
19941,0.527074
19942,0.573704
19943,0.876794
19944,0.776458
19945,0.900922
19946,0.573241
19947,0.964443
19948,0.898117
19949,0.813682
19950,0.610662
19951,0.894786
19952,0.700809
19953,0.62664
19954,0.875439
19955,0.731375
19956,0.956815
19957,0.508444
19958,0.946896
19959,0.701971
19960,0.973543
19961,0.826982
19962,0.700333
19963,0.866053
19964,0.961134
19965,0.574154
19966,0.548648
19967,0.961154
19968,0.855801
19969,0.776619
19970,0.795476
19971,0.51278
19972,0.934778
19973,0.713484
19974,0.358482
19975,0.768897
19976,0.94842
19977,0.876017
19978,0.968137
19979,0.923477
19980,0.832874
19981,0.517326
19982,0.592898
19983,0.888183
19984,0.955792
19985,0.80529
19986,0.755066
19987,0.63153
19988,0.817603
19989,0.891277
19990,0.634167
19991,0.901622
19992,0.990117
19993,0.807701
19994,0.705155
19995,0.925703
19996,0.744853
19997,0.955283
19998,0.710226
19999,0.973773
20000,0.79767
20001,0.773623
20002,0.637804
20003,0.682318
20004,0.671881
20005,0.477761
20006,0.885716
20007,0.914385
20008,0.955012
20009,0.752308
20010,0.637826
20011,0.157721
20012,0.898975
20013,0.89348
20014,0.893588
20015,0.79054
20016,0.478641
20017,0.60153
20018,0.595148
20019,0.684504
20020,0.676543
20021,0.972917
20022,0.905221
20023,0.718335
20024,0.895324
20025,0.501693
20026,0.778272
20027,0.941832
20028,0.60865
20029,0.70741
20030,0.660465
20031,0.910928
20032,0.749755
20033,0.771523
20034,0.511112
20035,0.935745
20036,0.71564
20037,0.530018
20038,0.844315
20039,0.883356
20040,0.788771
20041,0.955203
20042,0.259709
20043,0.576726
20044,0.492276
20045,0.6498
20046,0.905253
20047,0.726061
20048,0.626231
20049,0.86395
20050,0.973512
20051,0.947789
20052,0.43493
20053,0.805918
20054,0.692251
20055,0.498835
20056,0.58031
20057,0.729732
20058,0.789312
20059,0.616115
20060,0.846553
20061,0.668481
20062,0.050999
20063,0.916548
20064,0.709046
20065,0.975521
20066,0.687229
20067,0.372798
20068,0.856215
20069,0.772287
20070,0.52594
20071,0.696125
20072,0.665654
20073,0.744457
20074,0.534115
20075,0.719167
20076,0.118633
20077,0.962669
20078,0.660402
20079,0.967756
20080,0.571501
20081,0.10615
20082,0.752881
20083,0.845213
20084,0.864317
20085,0.597644
20086,0.926
20087,0.765479
20088,0.680946
20089,0.82651
20090,0.834074
20091,0.82153
20092,0.799884
20093,0.662864
20094,0.788965
20095,0.79174
20096,0.867847
20097,0.198073
20098,0.1285
20099,0.721606
20100,0.754847
20101,0.513785
20102,0.860951
20103,0.829588
20104,0.861202
20105,0.142314
20106,0.612233
20107,0.715203
20108,0.338467
20109,0.549998
20110,0.964549
20111,0.876988
20112,0.932777
20113,0.64055
20114,0.582795
20115,0.642235
20116,0.416133
20117,0.937098
20118,0.677693
20119,0.674445
20120,0.838007
20121,0.558126
20122,0.314798
20123,0.405403
20124,0.549486
20125,0.413899
20126,0.874699
20127,0.977038
20128,0.960097
20129,0.63017
20130,0.63771
20131,0.633808
20132,0.873792
20133,0.834358
20134,0.539537
20135,0.809257
20136,0.270064
20137,0.58333
20138,0.742327
20139,0.529009
20140,0.715702
20141,0.834665
20142,0.434602
20143,0.587051
20144,0.370299
20145,0.976318
20146,0.255789
20147,0.97579
20148,0.849885
20149,0.308718
20150,0.86434
20151,0.504408
20152,0.753787
20153,0.706909
20154,0.769489
20155,0.930925
20156,0.696977
20157,0.706083
20158,0.921412
20159,0.727077
20160,0.799932
20161,0.50715
20162,0.592499
20163,0.562345
20164,0.709899
20165,0.354737
20166,0.77421
20167,0.774782
20168,0.762577
20169,0.652931
20170,0.66105
20171,0.940639
20172,0.585112
20173,0.781724
20174,0.752309
20175,0.878913
20176,0.564022
20177,0.771884
20178,0.750318
20179,0.661748
20180,0.511208
20181,0.748968
20182,0.848432
20183,0.24641
20184,0.758669
20185,0.691497
20186,0.861531
20187,0.656599
20188,0.967153
20189,0.568392
20190,0.699174
20191,0.781423
20192,0.864572
20193,0.855064
20194,0.577999
20195,0.658476
20196,0.707558
20197,0.616497
20198,0.79274
20199,0.198354
20200,0.354733
20201,0.584394
20202,0.5517
20203,0.825527
20204,0.936917
20205,0.801936
20206,0.512334
20207,0.839827
20208,0.641265
20209,0.905268
20210,0.535849
20211,0.384175
20212,0.829937
20213,0.674278
20214,0.589211
20215,0.90514
20216,0.88536
20217,0.804231
20218,0.837114
20219,0.924751
20220,0.539835
20221,0.529578
20222,0.987245
20223,0.71604
20224,0.646128
20225,0.393769
20226,0.616433
20227,0.866682
20228,0.925611
20229,0.744358
20230,0.615994
20231,0.803491
20232,0.200678
20233,0.967834
20234,0.773667
20235,0.780455
20236,0.63177
20237,0.329928
20238,0.682022
20239,0.297848
20240,0.667981
20241,0.792649
20242,0.749088
20243,0.378307
20244,0.584737
20245,0.657557
20246,0.653863
20247,0.897757
20248,0.667072
20249,0.532813
20250,0.67407
20251,0.706956
20252,0.904296
20253,0.713907
20254,0.957856
20255,0.635325
20256,0.89239
20257,0.730346
20258,0.540537
20259,0.853833
20260,0.798999
20261,0.653893
20262,0.822514
20263,0.520065
20264,0.797339
20265,0.535159
20266,0.474476
20267,0.074956
20268,0.579993
20269,0.727462
20270,0.955848
20271,0.795205
20272,0.686887
20273,0.412041
20274,0.91289
20275,0.768365
20276,0.982509
20277,0.818563
20278,0.800064
20279,0.595931
20280,0.965006
20281,0.608623
20282,0.624841
20283,0.555381
20284,0.976232
20285,0.635565
20286,0.686606
20287,0.956648
20288,0.843217
20289,0.82387
20290,0.944862
20291,0.771754
20292,0.493097
20293,0.271703
20294,0.788148
20295,0.810439
20296,0.375257
20297,0.69324
20298,0.386094
20299,0.825639
20300,0.563355
20301,0.861005
20302,0.705945
20303,0.91887
20304,0.944338
20305,0.838706
20306,0.197183
20307,0.691545
20308,0.055551
20309,0.845112
20310,0.869651
20311,0.728591
20312,0.867188
20313,0.884222
20314,0.853082
20315,0.82354
20316,0.570892
20317,0.843919
20318,0.789122
20319,0.312894
20320,0.957774
20321,0.81868
20322,0.092853
20323,0.945126
20324,0.224161
20325,0.872415
20326,0.892269
20327,0.926837
20328,0.816517
20329,0.652147
20330,0.621212
20331,0.782259
20332,0.952978
20333,0.928834
20334,0.891748
20335,0.937615
20336,0.899793
20337,0.722843
20338,0.905475
20339,0.097821
20340,0.870963
20341,0.855736
20342,0.97191
20343,0.863973
20344,0.909221
20345,0.445756
20346,0.897533
20347,0.39863
20348,0.883025
20349,0.708759
20350,0.784124
20351,0.904564
20352,0.672756
20353,0.984248
20354,0.696017
20355,0.660092
20356,0.588895
20357,0.697868
20358,0.904393
20359,0.830359
20360,0.606556
20361,0.822664
20362,0.483805
20363,0.564152
20364,0.759581
20365,0.711482
20366,0.531596
20367,0.864955
20368,0.851398
20369,0.563543
20370,0.616615
20371,0.925522
20372,0.763472
20373,0.89717
20374,0.675846
20375,0.980634
20376,0.750051
20377,0.562199
20378,0.7767
20379,0.651062
20380,0.678452
20381,0.810374
20382,0.683017
20383,0.492993
20384,0.929352
20385,0.660583
20386,0.486288
20387,0.752943
20388,0.682139
20389,0.852678
20390,0.986396
20391,0.74714
20392,0.672876
20393,0.446316
20394,0.464543
20395,0.901218
20396,0.923634
20397,0.524955
20398,0.547887
20399,0.644868
20400,0.645997
20401,0.978863
20402,0.622954
20403,0.603778
20404,0.460803
20405,0.659654
20406,0.720387
20407,0.590452
20408,0.962815
20409,0.643549
20410,0.363645
20411,0.386926
20412,0.899044
20413,0.742246
20414,0.976324
20415,0.639642
20416,0.820463
20417,0.861
20418,0.755432
20419,0.885015
20420,0.778208
20421,0.673642
20422,0.705439
20423,0.539827
20424,0.561785
20425,0.827626
20426,0.858591
20427,0.689367
20428,0.430329
20429,0.502717
20430,0.683973
20431,0.970032
20432,0.044221
20433,0.628134
20434,0.88766
20435,0.882509
20436,0.819584
20437,0.840508
20438,0.607167
20439,0.353674
20440,0.732377
20441,0.752984
20442,0.860195
20443,0.662516
20444,0.743927
20445,0.937436
20446,0.650945
20447,0.476066
20448,0.887256
20449,0.902953
20450,0.635122
20451,0.800672
20452,0.671139
20453,0.604352
20454,0.585553
20455,0.862158
20456,0.87378
20457,0.105765
20458,0.819527
20459,0.708046
20460,0.805654
20461,0.938294
20462,0.843352
20463,0.874335
20464,0.550704
20465,0.531244
20466,0.979654
20467,0.656575
20468,0.082061
20469,0.877854
20470,0.659593
20471,0.696144
20472,0.180965
20473,0.638557
20474,0.569747
20475,0.549481
20476,0.762875
20477,0.634876
20478,0.847416
20479,0.826844
20480,0.815991
20481,0.975939
20482,0.593996
20483,0.742017
20484,0.857096
20485,0.886687
20486,0.970999
20487,0.870483
20488,0.71961
20489,0.596693
20490,0.698652
20491,0.55436
20492,0.390693
20493,0.869365
20494,0.678244
20495,0.618628
20496,0.534663
20497,0.908278
20498,0.90999
20499,0.659139
20500,0.669543
20501,0.968716
20502,0.812061
20503,0.718771
20504,0.970579
20505,0.9672
20506,0.541648
20507,0.189426
20508,0.344602
20509,0.640155
20510,0.985368
20511,0.823389
20512,0.576334
20513,0.915749
20514,0.423545
20515,0.682949
20516,0.667727
20517,0.761989
20518,0.907943
20519,0.729612
20520,0.901336
20521,0.06825
20522,0.938088
20523,0.395446
20524,0.82235
20525,0.655975
20526,0.491104
20527,0.926065
20528,0.048324
20529,0.65621
20530,0.691664
20531,0.736958
20532,0.789179
20533,0.970431
20534,0.920557
20535,0.802968
20536,0.87421
20537,0.89631
20538,0.456613
20539,0.743475
20540,0.764743
20541,0.933569
20542,0.660345
20543,0.710673
20544,0.973344
20545,0.886103
20546,0.741294
20547,0.897884
20548,0.926599
20549,0.407905
20550,0.568947
20551,0.744287
20552,0.806709
20553,0.966697
20554,0.860011
20555,0.787581
20556,0.657263
20557,0.913909
20558,0.836043
20559,0.557935
20560,0.565102
20561,0.984035
20562,0.617999
20563,0.684162
20564,0.793824
20565,0.931729
20566,0.697124
20567,0.391814
20568,0.846329
20569,0.807048
20570,0.803943
20571,0.589459
20572,0.71246
20573,0.763338
20574,0.680891
20575,0.675593
20576,0.780135
20577,0.778719
20578,0.513105
20579,0.673973
20580,0.860015
20581,0.629009
20582,0.884758
20583,0.939211
20584,0.78592
20585,0.734508
20586,0.898087
20587,0.897843
20588,0.824106
20589,0.952706
20590,0.45296
20591,0.553831
20592,0.860314
20593,0.86247
20594,0.950183
20595,0.333925
20596,0.381794
20597,0.719089
20598,0.739234
20599,0.654436
20600,0.817592
20601,0.515732
20602,0.835652
20603,0.749781
20604,0.939781
20605,0.336968
20606,0.779138
20607,0.610215
20608,0.927663
20609,0.526029
20610,0.462526
20611,0.86386
20612,0.629224
20613,0.980821
20614,0.912202
20615,0.377047
20616,0.535447
20617,0.716998
20618,0.900818
20619,0.537135
20620,0.692801
20621,0.62019
20622,0.575124
20623,0.845181
20624,0.82178
20625,0.992419
20626,0.947323
20627,0.376491
20628,0.977836
20629,0.810164
20630,0.954109
20631,0.655003
20632,0.7841
20633,0.622706
20634,0.944085
20635,0.749504
20636,0.07761
20637,0.331125
20638,0.791511
20639,0.653653
20640,0.951315
20641,0.606493
20642,0.912823
20643,0.572106
20644,0.609958
20645,0.928176
20646,0.827934
20647,0.772851
20648,0.7797
20649,0.963834
20650,0.924431
20651,0.784625
20652,0.972665
20653,0.702607
20654,0.683974
20655,0.823259
20656,0.579318
20657,0.985779
20658,0.736381
20659,0.096416
20660,0.353509
20661,0.042088
20662,0.80554
20663,0.853087
20664,0.744435
20665,0.827082
20666,0.796184
20667,0.626128
20668,0.824716
20669,0.789223
20670,0.943178
20671,0.655875
20672,0.604184
20673,0.83862
20674,0.560817
20675,0.723432
20676,0.687413
20677,0.503821
20678,0.54262
20679,0.468139
20680,0.679181
20681,0.570091
20682,0.495177
20683,0.828393
20684,0.770534
20685,0.948215
20686,0.977913
20687,0.064664
20688,0.895976
20689,0.696606
20690,0.672108
20691,0.546106
20692,0.662475
20693,0.840797
20694,0.438824
20695,0.762114
20696,0.841847
20697,0.647133
20698,0.792855
20699,0.867005
20700,0.726062
20701,0.597121
20702,0.761589
20703,0.934634
20704,0.430661
20705,0.116998
20706,0.922968
20707,0.503127
20708,0.545187
20709,0.631474
20710,0.733573
20711,0.474385
20712,0.925173
20713,0.830609
20714,0.694099
20715,0.88515
20716,0.863621
20717,0.959133
20718,0.796214
20719,0.717008
20720,0.692768
20721,0.815573
20722,0.590413
20723,0.630651
20724,0.930531
20725,0.600982
20726,0.674684
20727,0.696836
20728,0.491204
20729,0.07852
20730,0.703738
20731,0.243471
20732,0.813642
20733,0.962064
20734,0.624365
20735,0.574805
20736,0.808961
20737,0.538134
20738,0.943976
20739,0.784981
20740,0.789638
20741,0.765375
20742,0.707069
20743,0.741189
20744,0.824812
20745,0.386598
20746,0.649357
20747,0.698756
20748,0.527649
20749,0.514392
20750,0.860218
20751,0.711587
20752,0.955247
20753,0.943437
20754,0.657111
20755,0.103426
20756,0.967272
20757,0.900334
20758,0.984794
20759,0.491403
20760,0.904713
20761,0.714408
20762,0.683124
20763,0.912559
20764,0.463972
20765,0.873004
20766,0.909015
20767,0.871437
20768,0.943649
20769,0.584622
20770,0.803688
20771,0.7492
20772,0.579801
20773,0.893111
20774,0.550681
20775,0.719539
20776,0.964414
20777,0.825764
20778,0.902454
20779,0.631003
20780,0.938044
20781,0.554067
20782,0.693192
20783,0.884356
20784,0.715324
20785,0.698968
20786,0.913615
20787,0.858762
20788,0.686514
20789,0.988193
20790,0.50943
20791,0.789765
20792,0.866364
20793,0.884132
20794,0.646135
20795,0.798996
20796,0.687462
20797,0.628177
20798,0.926677
20799,0.748696
20800,0.541203
20801,0.945532
20802,0.734396
20803,0.617752
20804,0.839905
20805,0.772984
20806,0.899289
20807,0.989094
20808,0.638173
20809,0.408095
20810,0.950812
20811,0.348236
20812,0.640154
20813,0.649804
20814,0.865605
20815,0.318951
20816,0.38483
20817,0.759404
20818,0.814273
20819,0.675637
20820,0.713392
20821,0.987252
20822,0.944941
20823,0.559898
20824,0.977984
20825,0.474573
20826,0.974354
20827,0.522528
20828,0.620622
20829,0.977342
20830,0.627326
20831,0.754695
20832,0.940973
20833,0.891422
20834,0.71778
20835,0.911299
20836,0.406803
20837,0.658261
20838,0.891597
20839,0.758435
20840,0.85193
20841,0.705973
20842,0.799641
20843,0.598962
20844,0.707175
20845,0.503972
20846,0.920514
20847,0.625853
20848,0.735345
20849,0.555363
20850,0.860598
20851,0.548342
20852,0.820153
20853,0.789697
20854,0.696813
20855,0.633029
20856,0.62381
20857,0.563777
20858,0.842877
20859,0.943874
20860,0.516056
20861,0.887187
20862,0.422084
20863,0.749616
20864,0.36425
20865,0.639817
20866,0.404791
20867,0.4309
20868,0.792917
20869,0.601714
20870,0.936305
20871,0.848698
20872,0.837582
20873,0.744186
20874,0.306533
20875,0.682761
20876,0.68718
20877,0.572931
20878,0.71107
20879,0.772007
20880,0.979682
20881,0.666206
20882,0.85448
20883,0.875686
20884,0.62722
20885,0.385298
20886,0.897304
20887,0.760468
20888,0.623585
20889,0.882279
20890,0.897006
20891,0.418697
20892,0.984597
20893,0.814375
20894,0.585585
20895,0.781199
20896,0.716262
20897,0.758839
20898,0.703364
20899,0.849485
20900,0.599897
20901,0.838211
20902,0.613538
20903,0.81432
20904,0.597488
20905,0.906352
20906,0.889164
20907,0.578544
20908,0.787885
20909,0.49277
20910,0.729631
20911,0.805369
20912,0.92192
20913,0.75978
20914,0.840576
20915,0.7849
20916,0.547001
20917,0.607141
20918,0.71313
20919,0.695709
20920,0.756191
20921,0.898777
20922,0.964288
20923,0.495811
20924,0.479285
20925,0.77483
20926,0.59054
20927,0.913191
20928,0.801382
20929,0.574176
20930,0.544399
20931,0.560162
20932,0.692525
20933,0.604225
20934,0.663554
20935,0.842059
20936,0.40745
20937,0.478016
20938,0.914789
20939,0.801802
20940,0.77933
20941,0.503693
20942,0.809464
20943,0.916671
20944,0.655824
20945,0.983634
20946,0.874741
20947,0.644692
20948,0.596532
20949,0.838078
20950,0.835331
20951,0.951669
20952,0.760899
20953,0.69984
20954,0.672987
20955,0.318901
20956,0.688239
20957,0.60224
20958,0.133827
20959,0.654241
20960,0.780856
20961,0.46071
20962,0.566053
20963,0.763836
20964,0.788576
20965,0.59098
20966,0.991237
20967,0.703918
20968,0.689091
20969,0.837851
20970,0.36107
20971,0.92271
20972,0.617759
20973,0.809531
20974,0.956647
20975,0.951241
20976,0.956993
20977,0.782035
20978,0.850071
20979,0.638138
20980,0.858407
20981,0.965058
20982,0.860911
20983,0.782186
20984,0.284702
20985,0.458555
20986,0.765074
20987,0.619744
20988,0.555492
20989,0.42549
20990,0.415613
20991,0.708753
20992,0.677596
20993,0.9518
20994,0.606519
20995,0.638873
20996,0.470403
20997,0.893246
20998,0.805431
20999,0.298692
21000,0.93888
21001,0.480942
21002,0.51882
21003,0.527506
21004,0.488356
21005,0.869647
21006,0.770912
21007,0.772052
21008,0.800244
21009,0.767521
21010,0.829634
21011,0.543221
21012,0.820987
21013,0.815048
21014,0.788677
21015,0.58596
21016,0.784256
21017,0.454958
21018,0.877237
21019,0.722377
21020,0.486027
21021,0.976005
21022,0.657068
21023,0.680113
21024,0.782161
21025,0.416086
21026,0.855853
21027,0.980152
21028,0.281412
21029,0.954464
21030,0.888223
21031,0.710522
21032,0.751849
21033,0.422348
21034,0.940658
21035,0.740429
21036,0.234204
21037,0.88862
21038,0.925025
21039,0.659667
21040,0.955319
21041,0.987155
21042,0.698302
21043,0.843566
21044,0.894694
21045,0.920094
21046,0.643595
21047,0.941685
21048,0.790348
21049,0.575415
21050,0.4899
21051,0.830106
21052,0.969121
21053,0.463928
21054,0.685109
21055,0.449619
21056,0.574645
21057,0.701351
21058,0.745805
21059,0.742161
21060,0.794966
21061,0.69553
21062,0.690149
21063,0.670585
21064,0.956661
21065,0.686091
21066,0.98462
21067,0.586617
21068,0.643996
21069,0.834864
21070,0.955617
21071,0.79765
21072,0.726429
21073,0.559916
21074,0.77996
21075,0.522929
21076,0.726855
21077,0.494808
21078,0.9508
21079,0.953233
21080,0.924631
21081,0.082391
21082,0.94414
21083,0.511261
21084,0.449317
21085,0.50436
21086,0.957309
21087,0.647294
21088,0.866646
21089,0.87931
21090,0.615535
21091,0.756508
21092,0.754062
21093,0.779451
21094,0.937212
21095,0.491514
21096,0.808661
21097,0.901098
21098,0.772315
21099,0.90851
21100,0.881447
21101,0.676869
21102,0.800983
21103,0.453427
21104,0.907816
21105,0.918895
21106,0.442173
21107,0.969348
21108,0.844395
21109,0.743875
21110,0.485654
21111,0.796919
21112,0.550261
21113,0.75669
21114,0.360206
21115,0.33319
21116,0.912544
21117,0.889159
21118,0.844564
21119,0.802639
21120,0.905114
21121,0.879998
21122,0.749031
21123,0.554862
21124,0.588109
21125,0.884919
21126,0.796128
21127,0.789688
21128,0.987267
21129,0.906573
21130,0.467423
21131,0.92924
21132,0.813163
21133,0.726565
21134,0.830098
21135,0.696659
21136,0.582279
21137,0.153361
21138,0.935501
21139,0.810392
21140,0.714679
21141,0.525349
21142,0.462549
21143,0.830433
21144,0.79633
21145,0.417167
21146,0.853446
21147,0.849605
21148,0.676805
21149,0.218212
21150,0.91793
21151,0.961882
21152,0.965185
21153,0.739013
21154,0.641665
21155,0.804489
21156,0.964564
21157,0.833697
21158,0.967776
21159,0.929324
21160,0.137354
21161,0.674656
21162,0.941383
21163,0.619458
21164,0.799654
21165,0.923158
21166,0.877545
21167,0.591158
21168,0.468849
21169,0.130955
21170,0.807543
21171,0.612901
21172,0.644153
21173,0.732134
21174,0.955449
21175,0.670307
21176,0.649644
21177,0.616752
21178,0.564204
21179,0.972529
21180,0.440017
21181,0.907994
21182,0.903963
21183,0.843376
21184,0.791492
21185,0.908696
21186,0.915855
21187,0.502804
21188,0.689864
21189,0.413587
21190,0.614958
21191,0.651563
21192,0.609669
21193,0.678191
21194,0.789142
21195,0.6263
21196,0.89861
21197,0.587688
21198,0.570326
21199,0.256424
21200,0.66272
21201,0.604791
21202,0.690708
21203,0.76752
21204,0.961736
21205,0.69624
21206,0.623036
21207,0.798857
21208,0.455544
21209,0.728235
21210,0.272203
21211,0.555299
21212,0.970797
21213,0.669965
21214,0.783474
21215,0.742216
21216,0.593739
21217,0.988469
21218,0.957646
21219,0.853636
21220,0.729707
21221,0.841705
21222,0.376868
21223,0.92435
21224,0.775898
21225,0.718048
21226,0.534527
21227,0.501061
21228,0.736319
21229,0.978916
21230,0.826222
21231,0.989752
21232,0.981896
21233,0.946727
21234,0.63943
21235,0.710903
21236,0.923625
21237,0.902798
21238,0.966893
21239,0.811903
21240,0.856553
21241,0.98438
21242,0.492153
21243,0.790395
21244,0.643872
21245,0.71553
21246,0.708859
21247,0.13539
21248,0.473836
21249,0.669687
21250,0.603544
21251,0.856874
21252,0.661176
21253,0.575842
21254,0.776803
21255,0.95752
21256,0.759888
21257,0.230342
21258,0.841859
21259,0.689142
21260,0.721129
21261,0.706785
21262,0.748015
21263,0.681193
21264,0.519201
21265,0.799864
21266,0.929363
21267,0.427256
21268,0.76204
21269,0.736772
21270,0.643394
21271,0.79798
21272,0.491126
21273,0.682412
21274,0.615272
21275,0.942858
21276,0.926494
21277,0.903425
21278,0.731006
21279,0.738876
21280,0.657602
21281,0.846184
21282,0.897265
21283,0.829173
21284,0.154889
21285,0.918905
21286,0.799367
21287,0.773407
21288,0.804488
21289,0.994769
21290,0.562681
21291,0.850296
21292,0.830239
21293,0.964197
21294,0.581569
21295,0.905804
21296,0.660282
21297,0.920191
21298,0.491978
21299,0.736929
21300,0.102974
21301,0.890847
21302,0.990652
21303,0.930286
21304,0.521317
21305,0.982316
21306,0.627749
21307,0.613353
21308,0.865526
21309,0.71023
21310,0.922727
21311,0.885417
21312,0.495634
21313,0.84851
21314,0.972916
21315,0.880809
21316,0.737232
21317,0.594241
21318,0.463652
21319,0.844306
21320,0.780801
21321,0.975354
21322,0.643209
21323,0.936197
21324,0.624759
21325,0.735633
21326,0.740543
21327,0.849168
21328,0.730566
21329,0.753237
21330,0.640391
21331,0.645619
21332,0.978334
21333,0.59697
21334,0.731727
21335,0.168516
21336,0.787551
21337,0.766929
21338,0.745857
21339,0.721109
21340,0.794262
21341,0.973988
21342,0.933931
21343,0.778627
21344,0.97462
21345,0.835939
21346,0.652185
21347,0.40476
21348,0.674493
21349,0.429881
21350,0.927195
21351,0.955127
21352,0.949458
21353,0.946091
21354,0.668369
21355,0.936306
21356,0.851877
21357,0.688347
21358,0.838716
21359,0.513786
21360,0.869527
21361,0.887863
21362,0.439812
21363,0.804685
21364,0.490441
21365,0.943032
21366,0.741423
21367,0.946351
21368,0.9499
21369,0.326435
21370,0.757597
21371,0.475917
21372,0.641963
21373,0.824049
21374,0.782025
21375,0.483698
21376,0.884749
21377,0.279275
21378,0.915231
21379,0.827147
21380,0.745483
21381,0.76687
21382,0.794668
21383,0.649273
21384,0.699515
21385,0.642033
21386,0.96408
21387,0.704608
21388,0.890078
21389,0.675677
21390,0.852432
21391,0.61472
21392,0.527429
21393,0.744898
21394,0.652082
21395,0.824132
21396,0.505774
21397,0.528734
21398,0.691481
21399,0.771509
21400,0.405944
21401,0.841278
21402,0.528408
21403,0.813064
21404,0.793919
21405,0.947758
21406,0.696581
21407,0.8248
21408,0.670031
21409,0.472076
21410,0.952962
21411,0.380567
21412,0.505509
21413,0.693465
21414,0.763748
21415,0.954738
21416,0.882727
21417,0.547385
21418,0.52972
21419,0.694892
21420,0.463637
21421,0.69111
21422,0.993566
21423,0.820957
21424,0.763653
21425,0.621828
21426,0.410064
21427,0.679993
21428,0.541953
21429,0.789034
21430,0.659486
21431,0.076433
21432,0.813888
21433,0.683414
21434,0.823593
21435,0.614067
21436,0.75489
21437,0.556457
21438,0.980108
21439,0.921514
21440,0.662184
21441,0.25383
21442,0.828957
21443,0.887571
21444,0.108801
21445,0.983206
21446,0.616772
21447,0.886294
21448,0.975669
21449,0.733394
21450,0.734933
21451,0.95936
21452,0.705428
21453,0.90994
21454,0.920823
21455,0.626312
21456,0.716101
21457,0.775213
21458,0.715395
21459,0.84973
21460,0.973359
21461,0.656814
21462,0.417938
21463,0.799095
21464,0.37519
21465,0.093814
21466,0.376643
21467,0.625183
21468,0.907174
21469,0.711916
21470,0.9191
21471,0.711927
21472,0.974696
21473,0.688567
21474,0.607079
21475,0.78352
21476,0.913281
21477,0.701248
21478,0.560499
21479,0.635271
21480,0.500754
21481,0.702854
21482,0.948364
21483,0.888157
21484,0.886799
21485,0.98713
21486,0.683948
21487,0.475462
21488,0.746634
21489,0.909691
21490,0.605309
21491,0.064236
21492,0.118203
21493,0.840986
21494,0.88846
21495,0.617848
21496,0.810723
21497,0.926653
21498,0.609367
21499,0.476578
21500,0.738603
21501,0.85448
21502,0.872423
21503,0.617033
21504,0.868853
21505,0.715635
21506,0.650194
21507,0.653879
21508,0.895571
21509,0.883943
21510,0.759673
21511,0.936888
21512,0.824885
21513,0.277174
21514,0.920739
21515,0.562086
21516,0.711478
21517,0.713843
21518,0.832148
21519,0.923206
21520,0.777699
21521,0.551401
21522,0.977963
21523,0.723505
21524,0.654404
21525,0.494211
21526,0.692265
21527,0.70375
21528,0.791249
21529,0.951356
21530,0.603169
21531,0.722252
21532,0.447668
21533,0.621538
21534,0.983906
21535,0.74556
21536,0.476833
21537,0.464549
21538,0.82672
21539,0.671477
21540,0.760002
21541,0.996033
21542,0.631829
21543,0.621912
21544,0.714967
21545,0.882404
21546,0.890883
21547,0.99063
21548,0.695699
21549,0.774514
21550,0.493078
21551,0.794791
21552,0.776125
21553,0.924324
21554,0.883126
21555,0.740312
21556,0.68626
21557,0.204777
21558,0.197806
21559,0.689496
21560,0.62948
21561,0.5357
21562,0.646377
21563,0.51489
21564,0.33571
21565,0.912636
21566,0.929097
21567,0.719957
21568,0.541932
21569,0.507548
21570,0.548776
21571,0.853673
21572,0.863643
21573,0.575446
21574,0.895305
21575,0.459407
21576,0.537754
21577,0.840988
21578,0.89215
21579,0.413777
21580,0.850074
21581,0.780514
21582,0.960015
21583,0.550404
21584,0.870241
21585,0.887823
21586,0.582254
21587,0.810027
21588,0.947263
21589,0.718845
21590,0.882663
21591,0.664782
21592,0.718038
21593,0.840925
21594,0.67674
21595,0.751238
21596,0.386267
21597,0.667393
21598,0.250026
21599,0.728883
21600,0.877316
21601,0.902077
21602,0.764587
21603,0.574699
21604,0.938921
21605,0.515778
21606,0.11938
21607,0.470455
21608,0.564929
21609,0.750516
21610,0.526582
21611,0.072334
21612,0.979469
21613,0.973942
21614,0.853678
21615,0.897489
21616,0.895184
21617,0.83458
21618,0.662581
21619,0.805766
21620,0.973007
21621,0.840393
21622,0.699384
21623,0.505516
21624,0.65092
21625,0.718363
21626,0.624513
21627,0.805848
21628,0.758153
21629,0.946583
21630,0.713654
21631,0.616166
21632,0.094463
21633,0.778901
21634,0.773189
21635,0.748262
21636,0.917372
21637,0.449523
21638,0.983151
21639,0.927053
21640,0.942722
21641,0.563078
21642,0.746959
21643,0.889137
21644,0.840712
21645,0.226116
21646,0.810005
21647,0.94204
21648,0.50627
21649,0.836776
21650,0.753941
21651,0.895528
21652,0.535365
21653,0.096109
21654,0.165759
21655,0.978567
21656,0.538278
21657,0.881082
21658,0.442076
21659,0.815833
21660,0.65705
21661,0.881589
21662,0.715076
21663,0.707306
21664,0.639148
21665,0.689254
21666,0.577684
21667,0.683573
21668,0.545761
21669,0.947465
21670,0.716927
21671,0.96371
21672,0.855649
21673,0.479421
21674,0.591288
21675,0.567006
21676,0.818117
21677,0.932518
21678,0.880098
21679,0.60163
21680,0.92049
21681,0.630781
21682,0.60304
21683,0.775557
21684,0.844775
21685,0.799601
21686,0.831563
21687,0.711108
21688,0.586424
21689,0.609996
21690,0.477518
21691,0.852327
21692,0.546254
21693,0.62547
21694,0.563879
21695,0.806007
21696,0.767923
21697,0.535571
21698,0.680831
21699,0.764613
21700,0.938511
21701,0.88834
21702,0.522596
21703,0.564674
21704,0.678786
21705,0.825304
21706,0.121645
21707,0.544339
21708,0.723133
21709,0.960506
21710,0.902529
21711,0.708223
21712,0.619252
21713,0.877389
21714,0.648393
21715,0.763952
21716,0.898
21717,0.745215
21718,0.581101
21719,0.953077
21720,0.859646
21721,0.952972
21722,0.858959
21723,0.660131
21724,0.812479
21725,0.947426
21726,0.886314
21727,0.426544
21728,0.871023
21729,0.505979
21730,0.85192
21731,0.821633
21732,0.907531
21733,0.953885
21734,0.765599
21735,0.85457
21736,0.879235
21737,0.469681
21738,0.923339
21739,0.903451
21740,0.93661
21741,0.523348
21742,0.788733
21743,0.967405
21744,0.847836
21745,0.962876
21746,0.730385
21747,0.619658
21748,0.629898
21749,0.602232
21750,0.541209
21751,0.498432
21752,0.718042
21753,0.899645
21754,0.651211
21755,0.817797
21756,0.74771
21757,0.663141
21758,0.490803
21759,0.480095
21760,0.538533
21761,0.527048
21762,0.967598
21763,0.103554
21764,0.987634
21765,0.729209
21766,0.689997
21767,0.42413
21768,0.842197
21769,0.945906
21770,0.877105
21771,0.59643
21772,0.698803
21773,0.860157
21774,0.964065
21775,0.899039
21776,0.89615
21777,0.683317
21778,0.987019
21779,0.909923
21780,0.868674
21781,0.193889
21782,0.980411
21783,0.854538
21784,0.638647
21785,0.791318
21786,0.537715
21787,0.982428
21788,0.514078
21789,0.679504
21790,0.319569
21791,0.937669
21792,0.503182
21793,0.807203
21794,0.728353
21795,0.047926
21796,0.860119
21797,0.447073
21798,0.799816
21799,0.475076
21800,0.25135
21801,0.581021
21802,0.479633
21803,0.775847
21804,0.680088
21805,0.959355
21806,0.75663
21807,0.802631
21808,0.565398
21809,0.750381
21810,0.940142
21811,0.662797
21812,0.740732
21813,0.787746
21814,0.648501
21815,0.849585
21816,0.119684
21817,0.657964
21818,0.679418
21819,0.84166
21820,0.931023
21821,0.923323
21822,0.848411
21823,0.703844
21824,0.863647
21825,0.380237
21826,0.62211
21827,0.73705
21828,0.805914
21829,0.556773
21830,0.445404
21831,0.938378
21832,0.770431
21833,0.805593
21834,0.680627
21835,0.745772
21836,0.660418
21837,0.750526
21838,0.596094
21839,0.330163
21840,0.971111
21841,0.8051
21842,0.482826
21843,0.654768
21844,0.795865
21845,0.675463
21846,0.890998
21847,0.669911
21848,0.618362
21849,0.922962
21850,0.762436
21851,0.675901
21852,0.779284
21853,0.906083
21854,0.979741
21855,0.632685
21856,0.725661
21857,0.443845
21858,0.887487
21859,0.924574
21860,0.642538
21861,0.88836
21862,0.763837
21863,0.762621
21864,0.788275
21865,0.53973
21866,0.852291
21867,0.728652
21868,0.510931
21869,0.690553
21870,0.585645
21871,0.634617
21872,0.653976
21873,0.603042
21874,0.67157
21875,0.908989
21876,0.815793
21877,0.815359
21878,0.687577
21879,0.496585
21880,0.530744
21881,0.631051
21882,0.654484
21883,0.771342
21884,0.679251
21885,0.496154
21886,0.74973
21887,0.564276
21888,0.768594
21889,0.963835
21890,0.790825
21891,0.74231
21892,0.890971
21893,0.872178
21894,0.874751
21895,0.552944
21896,0.885862
21897,0.686056
21898,0.596966
21899,0.857218
21900,0.412235
21901,0.887036
21902,0.934346
21903,0.956873
21904,0.935573
21905,0.483754
21906,0.729481
21907,0.570204
21908,0.738541
21909,0.866563
21910,0.734448
21911,0.564
21912,0.977194
21913,0.841388
21914,0.978318
21915,0.417783
21916,0.925715
21917,0.958366
21918,0.963872
21919,0.820351
21920,0.114392
21921,0.583876
21922,0.621567
21923,0.915974
21924,0.76754
21925,0.640442
21926,0.581441
21927,0.782817
21928,0.952696
21929,0.707298
21930,0.71565
21931,0.695749
21932,0.975795
21933,0.284795
21934,0.68378
21935,0.752584
21936,0.88049
21937,0.833113
21938,0.874165
21939,0.648514
21940,0.946868
21941,0.403077
21942,0.865144
21943,0.105463
21944,0.885653
21945,0.941939
21946,0.963654
21947,0.696977
21948,0.768809
21949,0.812996
21950,0.783564
21951,0.886798
21952,0.846982
21953,0.60561
21954,0.87343
21955,0.59818
21956,0.944622
21957,0.840701
21958,0.565458
21959,0.769385
21960,0.312213
21961,0.830579
21962,0.929859
21963,0.791796
21964,0.600071
21965,0.679739
21966,0.56668
21967,0.572507
21968,0.911426
21969,0.797683
21970,0.815232
21971,0.895013
21972,0.856213
21973,0.697098
21974,0.668194
21975,0.861104
21976,0.561504
21977,0.752522
21978,0.894183
21979,0.773143
21980,0.783071
21981,0.967945
21982,0.948806
21983,0.982796
21984,0.887519
21985,0.641095
21986,0.863168
21987,0.699269
21988,0.785302
21989,0.677545
21990,0.813487
21991,0.59652
21992,0.742564
21993,0.60531
21994,0.746586
21995,0.518523
21996,0.850852
21997,0.821338
21998,0.50707
21999,0.813745
22000,0.882662
22001,0.783527
22002,0.423051
22003,0.769808
22004,0.68647
22005,0.870347
22006,0.435261
22007,0.849549
22008,0.835841
22009,0.336447
22010,0.599767
22011,0.834469
22012,0.521404
22013,0.732454
22014,0.681525
22015,0.306368
22016,0.592211
22017,0.95338
22018,0.858171
22019,0.671666
22020,0.89276
22021,0.871336
22022,0.721417
22023,0.606957
22024,0.873693
22025,0.804019
22026,0.939382
22027,0.645986
22028,0.560566
22029,0.918089
22030,0.893595
22031,0.917909
22032,0.708177
22033,0.671438
22034,0.662646
22035,0.422465
22036,0.606013
22037,0.770636
22038,0.730641
22039,0.60546
22040,0.910841
22041,0.813369
22042,0.966028
22043,0.61971
22044,0.927932
22045,0.47406
22046,0.594632
22047,0.767158
22048,0.516802
22049,0.719291
22050,0.90322
22051,0.929484
22052,0.739191
22053,0.831854
22054,0.708034
22055,0.850181
22056,0.676817
22057,0.698718
22058,0.959386
22059,0.959142
22060,0.862115
22061,0.597812
22062,0.795853
22063,0.725745
22064,0.905321
22065,0.62628
22066,0.808516
22067,0.486367
22068,0.502246
22069,0.850745
22070,0.998078
22071,0.755865
22072,0.756666
22073,0.448382
22074,0.895194
22075,0.943253
22076,0.850119
22077,0.410087
22078,0.380495
22079,0.706302
22080,0.890879
22081,0.066283
22082,0.966565
22083,0.611569
22084,0.784684
22085,0.539147
22086,0.776479
22087,0.745733
22088,0.716498
22089,0.643636
22090,0.848848
22091,0.992981
22092,0.788178
22093,0.921676
22094,0.91609
22095,0.936982
22096,0.803773
22097,0.688236
22098,0.930861
22099,0.914971
22100,0.826722
22101,0.236836
22102,0.822095
22103,0.739874
22104,0.977347
22105,0.649416
22106,0.635753
22107,0.648408
22108,0.643363
22109,0.386568
22110,0.917997
22111,0.82011
22112,0.961629
22113,0.591841
22114,0.876144
22115,0.036147
22116,0.688683
22117,0.900343
22118,0.955193
22119,0.714411
22120,0.58869
22121,0.82859
22122,0.787867
22123,0.625771
22124,0.470283
22125,0.58538
22126,0.706743
22127,0.779392
22128,0.841751
22129,0.975501
22130,0.835609
22131,0.684998
22132,0.945132
22133,0.949709
22134,0.562087
22135,0.680723
22136,0.699964
22137,0.069385
22138,0.961398
22139,0.798482
22140,0.786494
22141,0.694019
22142,0.904059
22143,0.557098
22144,0.739489
22145,0.444499
22146,0.919512
22147,0.453757
22148,0.942088
22149,0.764065
22150,0.796287
22151,0.977794
22152,0.566107
22153,0.584062
22154,0.595009
22155,0.663477
22156,0.852631
22157,0.444715
22158,0.975438
22159,0.689236
22160,0.680887
22161,0.28403
22162,0.980753
22163,0.055795
22164,0.949134
22165,0.985792
22166,0.993714
22167,0.764994
22168,0.617761
22169,0.647257
22170,0.539656
22171,0.768856
22172,0.689113
22173,0.542155
22174,0.915117
22175,0.692098
22176,0.842289
22177,0.488434
22178,0.564472
22179,0.758437
22180,0.551632
22181,0.894494
22182,0.711603
22183,0.910978
22184,0.526016
22185,0.792927
22186,0.688457
22187,0.682945
22188,0.887348
22189,0.392117
22190,0.649698
22191,0.432105
22192,0.908592
22193,0.751753
22194,0.845494
22195,0.89247
22196,0.882186
22197,0.982295
22198,0.940714
22199,0.652622
22200,0.657923
22201,0.975161
22202,0.968494
22203,0.557391
22204,0.827916
22205,0.673668
22206,0.967794
22207,0.598022
22208,0.661529
22209,0.975414
22210,0.838742
22211,0.59936
22212,0.762597
22213,0.724381
22214,0.835587
22215,0.588696
22216,0.848363
22217,0.811224
22218,0.754582
22219,0.526681
22220,0.82885
22221,0.844199
22222,0.966418
22223,0.705033
22224,0.854242
22225,0.610315
22226,0.849022
22227,0.965656
22228,0.60369
22229,0.514188
22230,0.875574
22231,0.758865
22232,0.055424
22233,0.059798
22234,0.645313
22235,0.954576
22236,0.316862
22237,0.91233
22238,0.841197
22239,0.668857
22240,0.526093
22241,0.963431
22242,0.850031
22243,0.646352
22244,0.626443
22245,0.523864
22246,0.626952
22247,0.667746
22248,0.760543
22249,0.780049
22250,0.631152
22251,0.786812
22252,0.776705
22253,0.908555
22254,0.455845
22255,0.658492
22256,0.487618
22257,0.105832
22258,0.485358
22259,0.618566
22260,0.75241
22261,0.806321
22262,0.556648
22263,0.788801
22264,0.77978
22265,0.831015
22266,0.283056
22267,0.612086
22268,0.690665
22269,0.994485
22270,0.766272
22271,0.100425
22272,0.845084
22273,0.855314
22274,0.634992
22275,0.97462
22276,0.870305
22277,0.724941
22278,0.905878
22279,0.509804
22280,0.471908
22281,0.507574
22282,0.759228
22283,0.951869
22284,0.611364
22285,0.716759
22286,0.723228
22287,0.906958
22288,0.513156
22289,0.849078
22290,0.630129
22291,0.517951
22292,0.847733
22293,0.734762
22294,0.568121
22295,0.947091
22296,0.847963
22297,0.585967
22298,0.877654
22299,0.643416
22300,0.896958
22301,0.877802
22302,0.353664
22303,0.75096
22304,0.536649
22305,0.582249
22306,0.953639
22307,0.614283
22308,0.654563
22309,0.766635
22310,0.954251
22311,0.31222
22312,0.96725
22313,0.795192
22314,0.765855
22315,0.568433
22316,0.723852
22317,0.639077
22318,0.727267
22319,0.74837
22320,0.572015
22321,0.954776
22322,0.677065
22323,0.717493
22324,0.677898
22325,0.671274
22326,0.545962
22327,0.504765
22328,0.663969
22329,0.822015
22330,0.975857
22331,0.909367
22332,0.717958
22333,0.588408
22334,0.6793
22335,0.981519
22336,0.974876
22337,0.729409
22338,0.821018
22339,0.854544
22340,0.8545
22341,0.921714
22342,0.953805
22343,0.524772
22344,0.839346
22345,0.974096
22346,0.950143
22347,0.916931
22348,0.714269
22349,0.940354
22350,0.670468
22351,0.695674
22352,0.704311
22353,0.731574
22354,0.910551
22355,0.980467
22356,0.779352
22357,0.19824
22358,0.663586
22359,0.753283
22360,0.679011
22361,0.953874
22362,0.798901
22363,0.825549
22364,0.825318
22365,0.17548
22366,0.760167
22367,0.706894
22368,0.818836
22369,0.799422
22370,0.693011
22371,0.632486
22372,0.939982
22373,0.658086
22374,0.669992
22375,0.69014
22376,0.799258
22377,0.498385
22378,0.858466
22379,0.872053
22380,0.865343
22381,0.633139
22382,0.548672
22383,0.870535
22384,0.488748
22385,0.720477
22386,0.731322
22387,0.527883
22388,0.503383
22389,0.876744
22390,0.829504
22391,0.897985
22392,0.92583
22393,0.632005
22394,0.898215
22395,0.869328
22396,0.646027
22397,0.911778
22398,0.719928
22399,0.750454
22400,0.655476
22401,0.75544
22402,0.092614
22403,0.961268
22404,0.817341
22405,0.614604
22406,0.641651
22407,0.793877
22408,0.70806
22409,0.757486
22410,0.643678
22411,0.842137
22412,0.78629
22413,0.676419
22414,0.975101
22415,0.857083
22416,0.95309
22417,0.710782
22418,0.878213
22419,0.737641
22420,0.685569
22421,0.576968
22422,0.469008
22423,0.799691
22424,0.872631
22425,0.188808
22426,0.760971
22427,0.44514
22428,0.734658
22429,0.590273
22430,0.980565
22431,0.880978
22432,0.753793
22433,0.953482
22434,0.688208
22435,0.855289
22436,0.808199
22437,0.775723
22438,0.813885
22439,0.328989
22440,0.98622
22441,0.348469
22442,0.845452
22443,0.839683
22444,0.429322
22445,0.604226
22446,0.105661
22447,0.689514
22448,0.669781
22449,0.090318
22450,0.512845
22451,0.752153
22452,0.730735
22453,0.439185
22454,0.643946
22455,0.683604
22456,0.695269
22457,0.681288
22458,0.944796
22459,0.990226
22460,0.72305
22461,0.411594
22462,0.798714
22463,0.601766
22464,0.744434
22465,0.746822
22466,0.775258
22467,0.687739
22468,0.970933
22469,0.884647
22470,0.884665
22471,0.962332
22472,0.481203
22473,0.820253
22474,0.901159
22475,0.715884
22476,0.724827
22477,0.77225
22478,0.647647
22479,0.923492
22480,0.749883
22481,0.833167
22482,0.616299
22483,0.742733
22484,0.730473
22485,0.675664
22486,0.799118
22487,0.73308
22488,0.862554
22489,0.71628
22490,0.335802
22491,0.775946
22492,0.405818
22493,0.588359
22494,0.929074
22495,0.930037
22496,0.698913
22497,0.944934
22498,0.359535
22499,0.680033
22500,0.765699
22501,0.764782
22502,0.948059
22503,0.105293
22504,0.767516
22505,0.844183
22506,0.735334
22507,0.623902
22508,0.572648
22509,0.945747
22510,0.851598
22511,0.547406
22512,0.735168
22513,0.937081
22514,0.717556
22515,0.779145
22516,0.924419
22517,0.894913
22518,0.67788
22519,0.977837
22520,0.501203
22521,0.960537
22522,0.440516
22523,0.6103
22524,0.933669
22525,0.865064
22526,0.936298
22527,0.640597
22528,0.800029
22529,0.62054
22530,0.783991
22531,0.912302
22532,0.678119
22533,0.890287
22534,0.865846
22535,0.737437
22536,0.847838
22537,0.763438
22538,0.599607
22539,0.891793
22540,0.745798
22541,0.818191
22542,0.674246
22543,0.856957
22544,0.56465
22545,0.581549
22546,0.955462
22547,0.676338
22548,0.648483
22549,0.909087
22550,0.885865
22551,0.59434
22552,0.693933
22553,0.781465
22554,0.960045
22555,0.733784
22556,0.837776
22557,0.874457
22558,0.711424
22559,0.429421
22560,0.743187
22561,0.626847
22562,0.923917
22563,0.388018
22564,0.845
22565,0.308704
22566,0.772192
22567,0.766546
22568,0.982564
22569,0.704247
22570,0.708685
22571,0.734451
22572,0.825581
22573,0.040752
22574,0.630559
22575,0.700616
22576,0.106447
22577,0.670216
22578,0.892735
22579,0.738039
22580,0.804232
22581,0.770256
22582,0.54881
22583,0.911195
22584,0.509847
22585,0.827836
22586,0.939093
22587,0.678331
22588,0.968148
22589,0.601777
22590,0.814396
22591,0.933014
22592,0.732078
22593,0.833523
22594,0.796621
22595,0.949229
22596,0.824915
22597,0.862072
22598,0.592732
22599,0.832031
22600,0.886446
22601,0.484096
22602,0.688795
22603,0.628925
22604,0.929216
22605,0.776536
22606,0.793514
22607,0.910686
22608,0.555606
22609,0.70277
22610,0.316265
22611,0.82182
22612,0.932612
22613,0.099582
22614,0.862919
22615,0.176009
22616,0.563344
22617,0.978775
22618,0.522884
22619,0.585766
22620,0.512812
22621,0.672938
22622,0.704925
22623,0.789188
22624,0.783679
22625,0.805822
22626,0.589201
22627,0.971011
22628,0.860985
22629,0.694516
22630,0.716641
22631,0.936047
22632,0.139328
22633,0.892836
22634,0.942446
22635,0.941623
22636,0.156973
22637,0.923288
22638,0.5494
22639,0.589894
22640,0.776707
22641,0.558759
22642,0.692394
22643,0.802962
22644,0.954285
22645,0.976447
22646,0.029781
22647,0.783926
22648,0.749427
22649,0.404731
22650,0.430035
22651,0.712284
22652,0.793479
22653,0.717117
22654,0.964985
22655,0.695492
22656,0.649409
22657,0.811969
22658,0.823217
22659,0.662516
22660,0.447489
22661,0.518928
22662,0.341761
22663,0.823092
22664,0.497963
22665,0.952255
22666,0.541907
22667,0.369381
22668,0.872502
22669,0.653596
22670,0.57871
22671,0.635531
22672,0.660498
22673,0.861691
22674,0.827384
22675,0.847524
22676,0.668432
22677,0.925116
22678,0.715438
22679,0.982569
22680,0.804954
22681,0.830515
22682,0.161855
22683,0.690987
22684,0.621087
22685,0.762397
22686,0.63363
22687,0.626694
22688,0.607758
22689,0.982143
22690,0.398297
22691,0.672413
22692,0.686302
22693,0.989146
22694,0.68174
22695,0.870749
22696,0.125674
22697,0.032739
22698,0.675618
22699,0.80642
22700,0.913407
22701,0.728887
22702,0.397328
22703,0.924416
22704,0.477219
22705,0.107323
22706,0.9459
22707,0.417665
22708,0.396246
22709,0.820606
22710,0.970287
22711,0.606437
22712,0.594966
22713,0.926515
22714,0.878742
22715,0.161938
22716,0.588759
22717,0.764465
22718,0.036818
22719,0.636638
22720,0.966217
22721,0.798479
22722,0.620666
22723,0.920506
22724,0.853076
22725,0.487821
22726,0.864782
22727,0.725493
22728,0.673333
22729,0.92196
22730,0.745455
22731,0.716442
22732,0.806539
22733,0.701391
22734,0.373926
22735,0.583953
22736,0.563861
22737,0.700492
22738,0.755488
22739,0.884543
22740,0.622859
22741,0.728
22742,0.815371
22743,0.665276
22744,0.83812
22745,0.718491
22746,0.853806
22747,0.691096
22748,0.784101
22749,0.735107
22750,0.698545
22751,0.669874
22752,0.466432
22753,0.935334
22754,0.844562
22755,0.964058
22756,0.460124
22757,0.603424
22758,0.882364
22759,0.951908
22760,0.616656
22761,0.740268
22762,0.776543
22763,0.381526
22764,0.699858
22765,0.741741
22766,0.834837
22767,0.629076
22768,0.972608
22769,0.817715
22770,0.652078
22771,0.734868
22772,0.498776
22773,0.688303
22774,0.911741
22775,0.545828
22776,0.817736
22777,0.908282
22778,0.586379
22779,0.948061
22780,0.944962
22781,0.803004
22782,0.620138
22783,0.848606
22784,0.737928
22785,0.545551
22786,0.892436
22787,0.389838
22788,0.976143
22789,0.240814
22790,0.831008
22791,0.385109
22792,0.761229
22793,0.830543
22794,0.436556
22795,0.8135
22796,0.492455
22797,0.450711
22798,0.028532
22799,0.762108
22800,0.854772
22801,0.78814
22802,0.620045
22803,0.709944
22804,0.466685
22805,0.409908
22806,0.825678
22807,0.573232
22808,0.96849
22809,0.929916
22810,0.991994
22811,0.78835
22812,0.540047
22813,0.677412
22814,0.54035
22815,0.143842
22816,0.54366
22817,0.654155
22818,0.872293
22819,0.571605
22820,0.833972
22821,0.823606
22822,0.926198
22823,0.825744
22824,0.688814
22825,0.734477
22826,0.726455
22827,0.779694
22828,0.913544
22829,0.866022
22830,0.487234
22831,0.994237
22832,0.756462
22833,0.410629
22834,0.457324
22835,0.091559
22836,0.039769
22837,0.508959
22838,0.673547
22839,0.786192
22840,0.706681
22841,0.971632
22842,0.413045
22843,0.912974
22844,0.649685
22845,0.812984
22846,0.976108
22847,0.637422
22848,0.832322
22849,0.879216
22850,0.860166
22851,0.814069
22852,0.822728
22853,0.969463
22854,0.532164
22855,0.722604
22856,0.641747
22857,0.365749
22858,0.575911
22859,0.871433
22860,0.904876
22861,0.850603
22862,0.609061
22863,0.491769
22864,0.857104
22865,0.864694
22866,0.657246
22867,0.767844
22868,0.905303
22869,0.919056
22870,0.332186
22871,0.788026
22872,0.682076
22873,0.795219
22874,0.481189
22875,0.326338
22876,0.934913
22877,0.231894
22878,0.783375
22879,0.979461
22880,0.850306
22881,0.300917
22882,0.959272
22883,0.695346
22884,0.360872
22885,0.874188
22886,0.659875
22887,0.411182
22888,0.689623
22889,0.593977
22890,0.934219
22891,0.928763
22892,0.731454
22893,0.487261
22894,0.628659
22895,0.616312
22896,0.863638
22897,0.898761
22898,0.780966
22899,0.951753
22900,0.75403
22901,0.850876
22902,0.864818
22903,0.596202
22904,0.764274
22905,0.606184
22906,0.639201
22907,0.743344
22908,0.77105
22909,0.226369
22910,0.881947
22911,0.72901
22912,0.65167
22913,0.719475
22914,0.63731
22915,0.353764
22916,0.813221
22917,0.319222
22918,0.722333
22919,0.731878
22920,0.839049
22921,0.723725
22922,0.77664
22923,0.909608
22924,0.52963
22925,0.699687
22926,0.477442
22927,0.804148
22928,0.869549
22929,0.337305
22930,0.689566
22931,0.750872
22932,0.320096
22933,0.504782
22934,0.518178
22935,0.649087
22936,0.730045
22937,0.742873
22938,0.741405
22939,0.87078
22940,0.644415
22941,0.799729
22942,0.809635
22943,0.515601
22944,0.700812
22945,0.499646
22946,0.657143
22947,0.685632
22948,0.641549
22949,0.82069
22950,0.702796
22951,0.727499
22952,0.689898
22953,0.851755
22954,0.608905
22955,0.568416
22956,0.919254
22957,0.490471
22958,0.444916
22959,0.641674
22960,0.350711
22961,0.354396
22962,0.796717
22963,0.778102
22964,0.808916
22965,0.896379
22966,0.629291
22967,0.662616
22968,0.573445
22969,0.507029
22970,0.756081
22971,0.898324
22972,0.925589
22973,0.930719
22974,0.967411
22975,0.826503
22976,0.997443
22977,0.119492
22978,0.824414
22979,0.579599
22980,0.948275
22981,0.913721
22982,0.96572
22983,0.983405
22984,0.641074
22985,0.789156
22986,0.124252
22987,0.689674
22988,0.483082
22989,0.957967
22990,0.808875
22991,0.870283
22992,0.585703
22993,0.843719
22994,0.964522
22995,0.729073
22996,0.869399
22997,0.814823
22998,0.775055
22999,0.685837
23000,0.435885
23001,0.764956
23002,0.580423
23003,0.72101
23004,0.885295
23005,0.24082
23006,0.623233
23007,0.654249
23008,0.63546
23009,0.533292
23010,0.702944
23011,0.600951
23012,0.306606
23013,0.562855
23014,0.927032
23015,0.802279
23016,0.695951
23017,0.983506
23018,0.702622
23019,0.670881
23020,0.776276
23021,0.874811
23022,0.803818
23023,0.972629
23024,0.604854
23025,0.767916
23026,0.925254
23027,0.752146
23028,0.845912
23029,0.702494
23030,0.754554
23031,0.936869
23032,0.731879
23033,0.847238
23034,0.83959
23035,0.651693
23036,0.80981
23037,0.350365
23038,0.890834
23039,0.14575
23040,0.760665
23041,0.183223
23042,0.056485
23043,0.755399
23044,0.761952
23045,0.936192
23046,0.773795
23047,0.70772
23048,0.904137
23049,0.629866
23050,0.667924
23051,0.527334
23052,0.910982
23053,0.6976
23054,0.723546
23055,0.737958
23056,0.922775
23057,0.773698
23058,0.943805
23059,0.597024
23060,0.910416
23061,0.734179
23062,0.901608
23063,0.752163
23064,0.799125
23065,0.879484
23066,0.520965
23067,0.907056
23068,0.631561
23069,0.690246
23070,0.659214
23071,0.643076
23072,0.478057
23073,0.749037
23074,0.444411
23075,0.15188
23076,0.784483
23077,0.800667
23078,0.753138
23079,0.869499
23080,0.70656
23081,0.5969
23082,0.955623
23083,0.821162
23084,0.560928
23085,0.616915
23086,0.372171
23087,0.696334
23088,0.678124
23089,0.706408
23090,0.534653
23091,0.869563
23092,0.179764
23093,0.351813
23094,0.882471
23095,0.57178
23096,0.884167
23097,0.875124
23098,0.788204
23099,0.717044
23100,0.94963
23101,0.23355
23102,0.366862
23103,0.763353
23104,0.908143
23105,0.883179
23106,0.57047
23107,0.943528
23108,0.526073
23109,0.779689
23110,0.820249
23111,0.609432
23112,0.913751
23113,0.506147
23114,0.689525
23115,0.791391
23116,0.643099
23117,0.538161
23118,0.421779
23119,0.701612
23120,0.3333
23121,0.507277
23122,0.686985
23123,0.662942
23124,0.851199
23125,0.877522
23126,0.665813
23127,0.682297
23128,0.676073
23129,0.558878
23130,0.681347
23131,0.94337
23132,0.966507
23133,0.628772
23134,0.971367
23135,0.756763
23136,0.740074
23137,0.512418
23138,0.524523
23139,0.950866
23140,0.846471
23141,0.792188
23142,0.644397
23143,0.607124
23144,0.850302
23145,0.668863
23146,0.678844
23147,0.390654
23148,0.629181
23149,0.39101
23150,0.509885
23151,0.832396
23152,0.705269
23153,0.962228
23154,0.757864
23155,0.150142
23156,0.698701
23157,0.87396
23158,0.539303
23159,0.641944
23160,0.877481
23161,0.766116
23162,0.986764
23163,0.282378
23164,0.7339
23165,0.683488
23166,0.877984
23167,0.974386
23168,0.881621
23169,0.670492
23170,0.487522
23171,0.778102
23172,0.957193
23173,0.887806
23174,0.926942
23175,0.583787
23176,0.681529
23177,0.927751
23178,0.654056
23179,0.770916
23180,0.582992
23181,0.665175
23182,0.943009
23183,0.550864
23184,0.383804
23185,0.345998
23186,0.882929
23187,0.6766
23188,0.842758
23189,0.480558
23190,0.957886
23191,0.625515
23192,0.117342
23193,0.426586
23194,0.39469
23195,0.726553
23196,0.777535
23197,0.980916
23198,0.623649
23199,0.777112
23200,0.432175
23201,0.874289
23202,0.622364
23203,0.905358
23204,0.805588
23205,0.510207
23206,0.479016
23207,0.688879
23208,0.258393
23209,0.728634
23210,0.582149
23211,0.104572
23212,0.752863
23213,0.535409
23214,0.845727
23215,0.886331
23216,0.865555
23217,0.705332
23218,0.783237
23219,0.609148
23220,0.672425
23221,0.864011
23222,0.960753
23223,0.867137
23224,0.693741
23225,0.905421
23226,0.744073
23227,0.822435
23228,0.926165
23229,0.579184
23230,0.436723
23231,0.310332
23232,0.777637
23233,0.878253
23234,0.816097
23235,0.241149
23236,0.891354
23237,0.560651
23238,0.638774
23239,0.627027
23240,0.912857
23241,0.832749
23242,0.937929
23243,0.518709
23244,0.725869
23245,0.39257
23246,0.619038
23247,0.686417
23248,0.593116
23249,0.490258
23250,0.834596
23251,0.841049
23252,0.736978
23253,0.776745
23254,0.79521
23255,0.813726
23256,0.922875
23257,0.691733
23258,0.930637
23259,0.680259
23260,0.676555
23261,0.988719
23262,0.656839
23263,0.784525
23264,0.867367
23265,0.931046
23266,0.902501
23267,0.594904
23268,0.846661
23269,0.95073
23270,0.809768
23271,0.446603
23272,0.7872
23273,0.827516
23274,0.479132
23275,0.818355
23276,0.569456
23277,0.386979
23278,0.505861
23279,0.630034
23280,0.141512
23281,0.5753
23282,0.802852
23283,0.625002
23284,0.88471
23285,0.795705
23286,0.886785
23287,0.525638
23288,0.934115
23289,0.429351
23290,0.530953
23291,0.831753
23292,0.922632
23293,0.77254
23294,0.804002
23295,0.551457
23296,0.682378
23297,0.907749
23298,0.561663
23299,0.575354
23300,0.541673
23301,0.816323
23302,0.704041
23303,0.716561
23304,0.854106
23305,0.851336
23306,0.57837
23307,0.860593
23308,0.404014
23309,0.948087
23310,0.987023
23311,0.684642
23312,0.758622
23313,0.908741
23314,0.370407
23315,0.898023
23316,0.740478
23317,0.829792
23318,0.648544
23319,0.576254
23320,0.793619
23321,0.824476
23322,0.749097
23323,0.805326
23324,0.516656
23325,0.638747
23326,0.671465
23327,0.825108
23328,0.635464
23329,0.961799
23330,0.481806
23331,0.790358
23332,0.688896
23333,0.782228
23334,0.856024
23335,0.666793
23336,0.836708
23337,0.538855
23338,0.694122
23339,0.759511
23340,0.597573
23341,0.635134
23342,0.407833
23343,0.960324
23344,0.961515
23345,0.227322
23346,0.542234
23347,0.519636
23348,0.986632
23349,0.702837
23350,0.669248
23351,0.616438
23352,0.702754
23353,0.887582
23354,0.694291
23355,0.45022
23356,0.989656
23357,0.706719
23358,0.936606
23359,0.693946
23360,0.726226
23361,0.939434
23362,0.838154
23363,0.98016
23364,0.438281
23365,0.592579
23366,0.453624
23367,0.944331
23368,0.854648
23369,0.655269
23370,0.721993
23371,0.615573
23372,0.480025
23373,0.648628
23374,0.788877
23375,0.897086
23376,0.847962
23377,0.680117
23378,0.838988
23379,0.31502
23380,0.642749
23381,0.709249
23382,0.349632
23383,0.175103
23384,0.818727
23385,0.786188
23386,0.527615
23387,0.851643
23388,0.956123
23389,0.854577
23390,0.70111
23391,0.926087
23392,0.377074
23393,0.873256
23394,0.673216
23395,0.920861
23396,0.497573
23397,0.68947
23398,0.62041
23399,0.927988
23400,0.674681
23401,0.49802
23402,0.520988
23403,0.61628
23404,0.113
23405,0.892628
23406,0.764275
23407,0.6954
23408,0.772019
23409,0.642235
23410,0.887375
23411,0.969392
23412,0.723306
23413,0.95643
23414,0.473363
23415,0.506728
23416,0.708066
23417,0.832971
23418,0.485336
23419,0.863984
23420,0.425043
23421,0.815543
23422,0.794347
23423,0.466238
23424,0.352987
23425,0.650491
23426,0.83524
23427,0.839536
23428,0.745364
23429,0.843295
23430,0.879557
23431,0.57698
23432,0.544408
23433,0.825967
23434,0.723386
23435,0.926292
23436,0.810714
23437,0.791954
23438,0.792883
23439,0.88472
23440,0.698966
23441,0.990653
23442,0.918941
23443,0.845425
23444,0.822986
23445,0.941721
23446,0.381303
23447,0.690666
23448,0.819532
23449,0.426331
23450,0.524444
23451,0.713098
23452,0.814788
23453,0.48431
23454,0.580672
23455,0.940359
23456,0.857056
23457,0.945463
23458,0.829121
23459,0.575929
23460,0.857091
23461,0.959628
23462,0.924027
23463,0.934592
23464,0.856386
23465,0.884344
23466,0.777129
23467,0.511906
23468,0.748618
23469,0.680283
23470,0.859414
23471,0.534493
23472,0.770547
23473,0.696211
23474,0.458851
23475,0.803858
23476,0.916495
23477,0.368039
23478,0.699782
23479,0.417167
23480,0.762809
23481,0.686244
23482,0.59731
23483,0.825209
23484,0.650073
23485,0.972555
23486,0.868393
23487,0.62844
23488,0.954848
23489,0.531848
23490,0.750956
23491,0.609153
23492,0.819908
23493,0.644999
23494,0.954224
23495,0.756105
23496,0.342364
23497,0.699257
23498,0.796846
23499,0.803993
23500,0.964056
23501,0.772252
23502,0.626503
23503,0.623193
23504,0.494018
23505,0.811264
23506,0.786906
23507,0.953274
23508,0.6328
23509,0.980801
23510,0.640797
23511,0.767316
23512,0.708147
23513,0.910348
23514,0.769853
23515,0.644297
23516,0.821948
23517,0.653928
23518,0.884453
23519,0.676255
23520,0.754923
23521,0.833658
23522,0.572562
23523,0.463389
23524,0.895842
23525,0.65756
23526,0.756046
23527,0.212461
23528,0.933321
23529,0.712024
23530,0.982583
23531,0.623704
23532,0.865103
23533,0.812848
23534,0.861294
23535,0.75278
23536,0.766732
23537,0.623877
23538,0.732032
23539,0.357147
23540,0.785429
23541,0.683799
23542,0.779986
23543,0.587915
23544,0.889004
23545,0.813162
23546,0.861962
23547,0.409975
23548,0.669969
23549,0.927438
23550,0.749657
23551,0.791409
23552,0.797012
23553,0.956409
23554,0.250679
23555,0.380411
23556,0.85969
23557,0.463204
23558,0.871493
23559,0.82077
23560,0.757899
23561,0.875848
23562,0.956759
23563,0.773732
23564,0.902657
23565,0.935525
23566,0.981828
23567,0.802313
23568,0.629744
23569,0.94364
23570,0.827042
23571,0.775369
23572,0.843313
23573,0.724999
23574,0.813081
23575,0.872112
23576,0.683257
23577,0.44
23578,0.658166
23579,0.682042
23580,0.647988
23581,0.958365
23582,0.633629
23583,0.908866
23584,0.381039
23585,0.462895
23586,0.65525
23587,0.351224
23588,0.797504
23589,0.332704
23590,0.774626
23591,0.829388
23592,0.620326
23593,0.683929
23594,0.842705
23595,0.509845
23596,0.6189
23597,0.875097
23598,0.761183
23599,0.787878
23600,0.886748
23601,0.875642
23602,0.784044
23603,0.913466
23604,0.598358
23605,0.729478
23606,0.745155
23607,0.104555
23608,0.95403
23609,0.717931
23610,0.966791
23611,0.7851
23612,0.876596
23613,0.828733
23614,0.594024
23615,0.805722
23616,0.690563
23617,0.878667
23618,0.738088
23619,0.754999
23620,0.649235
23621,0.444318
23622,0.89476
23623,0.758149
23624,0.681569
23625,0.75756
23626,0.909441
23627,0.951323
23628,0.89365
23629,0.331697
23630,0.614468
23631,0.857717
23632,0.731641
23633,0.696209
23634,0.980712
23635,0.693549
23636,0.365913
23637,0.325472
23638,0.665429
23639,0.879891
23640,0.572652
23641,0.93926
23642,0.928191
23643,0.801028
23644,0.6974
23645,0.698424
23646,0.721829
23647,0.79601
23648,0.610372
23649,0.651731
23650,0.839166
23651,0.765654
23652,0.8983
23653,0.913689
23654,0.779657
23655,0.467999
23656,0.753664
23657,0.518162
23658,0.659472
23659,0.420752
23660,0.574371
23661,0.706599
23662,0.864954
23663,0.469178
23664,0.898665
23665,0.959983
23666,0.712372
23667,0.519067
23668,0.525958
23669,0.987948
23670,0.610173
23671,0.675773
23672,0.934466
23673,0.439864
23674,0.798554
23675,0.491143
23676,0.95821
23677,0.072269
23678,0.766834
23679,0.575462
23680,0.865518
23681,0.763952
23682,0.588488
23683,0.508937
23684,0.943139
23685,0.684644
23686,0.797402
23687,0.495272
23688,0.948114
23689,0.180099
23690,0.879447
23691,0.628199
23692,0.675595
23693,0.653065
23694,0.665907
23695,0.815855
23696,0.764857
23697,0.628007
23698,0.450124
23699,0.947916
23700,0.680289
23701,0.955638
23702,0.846379
23703,0.918015
23704,0.92498
23705,0.53444
23706,0.678472
23707,0.829871
23708,0.065906
23709,0.433415
23710,0.571531
23711,0.971409
23712,0.793064
23713,0.638688
23714,0.928897
23715,0.777811
23716,0.780703
23717,0.335556
23718,0.804241
23719,0.390109
23720,0.823844
23721,0.970227
23722,0.586615
23723,0.808862
23724,0.987239
23725,0.872483
23726,0.689016
23727,0.898485
23728,0.282072
23729,0.58941
23730,0.49321
23731,0.601625
23732,0.451458
23733,0.509907
23734,0.794471
23735,0.458382
23736,0.815781
23737,0.661349
23738,0.080277
23739,0.967292
23740,0.828379
23741,0.084662
23742,0.710902
23743,0.614308
23744,0.74673
23745,0.673973
23746,0.726434
23747,0.601849
23748,0.72039
23749,0.909711
23750,0.46677
23751,0.775052
23752,0.816755
23753,0.911409
23754,0.869745
23755,0.711115
23756,0.948781
23757,0.640497
23758,0.451144
23759,0.986371
23760,0.972363
23761,0.152498
23762,0.875262
23763,0.844578
23764,0.773763
23765,0.977483
23766,0.596059
23767,0.649561
23768,0.582772
23769,0.497284
23770,0.617177
23771,0.179754
23772,0.770098
23773,0.88534
23774,0.647927
23775,0.963778
23776,0.67462
23777,0.779091
23778,0.586654
23779,0.928112
23780,0.591177
23781,0.497353
23782,0.873046
23783,0.969494
23784,0.514837
23785,0.660432
23786,0.751254
23787,0.780851
23788,0.623415
23789,0.870093
23790,0.967654
23791,0.555832
23792,0.19009
23793,0.452214
23794,0.703657
23795,0.676687
23796,0.593161
23797,0.39125
23798,0.049308
23799,0.68652
23800,0.903363
23801,0.851135
23802,0.693628
23803,0.874361
23804,0.640532
23805,0.842739
23806,0.869306
23807,0.816146
23808,0.810038
23809,0.913051
23810,0.606372
23811,0.949581
23812,0.475042
23813,0.817335
23814,0.815776
23815,0.702136
23816,0.48195
23817,0.683735
23818,0.987403
23819,0.963055
23820,0.750813
23821,0.654975
23822,0.555788
23823,0.75185
23824,0.586565
23825,0.7656
23826,0.797315
23827,0.901023
23828,0.709669
23829,0.842662
23830,0.873321
23831,0.711581
23832,0.394651
23833,0.675921
23834,0.35312
23835,0.932525
23836,0.602739
23837,0.762998
23838,0.136149
23839,0.591937
23840,0.89945
23841,0.76257
23842,0.901937
23843,0.948497
23844,0.986203
23845,0.853443
23846,0.953451
23847,0.888477
23848,0.678155
23849,0.867322
23850,0.7582
23851,0.466769
23852,0.895643
23853,0.74075
23854,0.593738
23855,0.689998
23856,0.891086
23857,0.746359
23858,0.633393
23859,0.523597
23860,0.933479
23861,0.679114
23862,0.736124
23863,0.789164
23864,0.715667
23865,0.900359
23866,0.665668
23867,0.635094
23868,0.978492
23869,0.41278
23870,0.496265
23871,0.650318
23872,0.922721
23873,0.128325
23874,0.77704
23875,0.891017
23876,0.516492
23877,0.713578
23878,0.817512
23879,0.965991
23880,0.974226
23881,0.911902
23882,0.297412
23883,0.453661
23884,0.776911
23885,0.594318
23886,0.6671
23887,0.897666
23888,0.891159
23889,0.601074
23890,0.696609
23891,0.791383
23892,0.640543
23893,0.804733
23894,0.427822
23895,0.838671
23896,0.656428
23897,0.826813
23898,0.786658
23899,0.928001
23900,0.915184
23901,0.923133
23902,0.882611
23903,0.809115
23904,0.848841
23905,0.925412
23906,0.10558
23907,0.680185
23908,0.661714
23909,0.550788
23910,0.501278
23911,0.778422
23912,0.335511
23913,0.53314
23914,0.548091
23915,0.71415
23916,0.716108
23917,0.738522
23918,0.820097
23919,0.418566
23920,0.647994
23921,0.928771
23922,0.757262
23923,0.260134
23924,0.951176
23925,0.704459
23926,0.74802
23927,0.605622
23928,0.700851
23929,0.637506
23930,0.981732
23931,0.852526
23932,0.593585
23933,0.522317
23934,0.721056
23935,0.343175
23936,0.930449
23937,0.854541
23938,0.559971
23939,0.57298
23940,0.096614
23941,0.771658
23942,0.704593
23943,0.672293
23944,0.614677
23945,0.960204
23946,0.698197
23947,0.935809
23948,0.517454
23949,0.921177
23950,0.723266
23951,0.593459
23952,0.832709
23953,0.485097
23954,0.676284
23955,0.988655
23956,0.508783
23957,0.819389
23958,0.896191
23959,0.716597
23960,0.954076
23961,0.84191
23962,0.570801
23963,0.680807
23964,0.547208
23965,0.799402
23966,0.93577
23967,0.876834
23968,0.282382
23969,0.336047
23970,0.725276
23971,0.817896
23972,0.946415
23973,0.686541
23974,0.846789
23975,0.645096
23976,0.59679
23977,0.58224
23978,0.861649
23979,0.959463
23980,0.700493
23981,0.984123
23982,0.703357
23983,0.675444
23984,0.681037
23985,0.504226
23986,0.611806
23987,0.79786
23988,0.772879
23989,0.108387
23990,0.696913
23991,0.594707
23992,0.786155
23993,0.910382
23994,0.445891
23995,0.784834
23996,0.967347
23997,0.809994
23998,0.846561
23999,0.841279
24000,0.588813
24001,0.720021
24002,0.704132
24003,0.640688
24004,0.879586
24005,0.500562
24006,0.971907
24007,0.739793
24008,0.953673
24009,0.65188
24010,0.805944
24011,0.537209
24012,0.73499
24013,0.454694
24014,0.911025
24015,0.952348
24016,0.083687
24017,0.719289
24018,0.073003
24019,0.251352
24020,0.902507
24021,0.557899
24022,0.903529
24023,0.847132
24024,0.92234
24025,0.612992
24026,0.610605
24027,0.985461
24028,0.64408
24029,0.508598
24030,0.643209
24031,0.888097
24032,0.070601
24033,0.48301
24034,0.255767
24035,0.785757
24036,0.603271
24037,0.428153
24038,0.646369
24039,0.692398
24040,0.175438
24041,0.649733
24042,0.558949
24043,0.89574
24044,0.858419
24045,0.92646
24046,0.805553
24047,0.755212
24048,0.811935
24049,0.599609
24050,0.602464
24051,0.446088
24052,0.836665
24053,0.881832
24054,0.545963
24055,0.68754
24056,0.950744
24057,0.985193
24058,0.453391
24059,0.967797
24060,0.831854
24061,0.761496
24062,0.716506
24063,0.956944
24064,0.493822
24065,0.665479
24066,0.465861
24067,0.735085
24068,0.651744
24069,0.565187
24070,0.46821
24071,0.600261
24072,0.850018
24073,0.947238
24074,0.906938
24075,0.907773
24076,0.958649
24077,0.559268
24078,0.699213
24079,0.90761
24080,0.752906
24081,0.809136
24082,0.824166
24083,0.220872
24084,0.84585
24085,0.143394
24086,0.560766
24087,0.40204
24088,0.739866
24089,0.978878
24090,0.456751
24091,0.492194
24092,0.513154
24093,0.736254
24094,0.501206
24095,0.909946
24096,0.67768
24097,0.765357
24098,0.494036
24099,0.719794
24100,0.783457
24101,0.795302
24102,0.401722
24103,0.78053
24104,0.75726
24105,0.687036
24106,0.648332
24107,0.923043
24108,0.962234
24109,0.780696
24110,0.480586
24111,0.572298
24112,0.96824
24113,0.763651
24114,0.741771
24115,0.723535
24116,0.465077
24117,0.889799
24118,0.666987
24119,0.703228
24120,0.452133
24121,0.60476
24122,0.606362
24123,0.933161
24124,0.601153
24125,0.730915
24126,0.665488
24127,0.869861
24128,0.715198
24129,0.940119
24130,0.842429
24131,0.644475
24132,0.668396
24133,0.61396
24134,0.789674
24135,0.705314
24136,0.404733
24137,0.56825
24138,0.376313
24139,0.839594
24140,0.693929
24141,0.734
24142,0.979303
24143,0.946491
24144,0.775879
24145,0.855471
24146,0.986432
24147,0.906223
24148,0.875962
24149,0.901103
24150,0.777895
24151,0.648437
24152,0.834526
24153,0.922441
24154,0.97604
24155,0.726059
24156,0.692758
24157,0.843067
24158,0.71169
24159,0.884927
24160,0.769116
24161,0.921709
24162,0.354266
24163,0.740993
24164,0.551245
24165,0.967114
24166,0.164389
24167,0.751183
24168,0.609136
24169,0.918892
24170,0.7839
24171,0.952263
24172,0.824896
24173,0.908622
24174,0.713234
24175,0.906992
24176,0.974605
24177,0.984928
24178,0.830243
24179,0.546247
24180,0.738958
24181,0.867929
24182,0.588705
24183,0.19011
24184,0.614483
24185,0.523253
24186,0.794104
24187,0.921022
24188,0.630566
24189,0.720768
24190,0.680017
24191,0.638243
24192,0.679918
24193,0.929425
24194,0.520197
24195,0.680062
24196,0.688307
24197,0.746274
24198,0.944793
24199,0.811971
24200,0.686381
24201,0.692149
24202,0.93633
24203,0.953969
24204,0.63763
24205,0.785276
24206,0.609761
24207,0.715123
24208,0.553752
24209,0.703652
24210,0.661584
24211,0.957324
24212,0.822319
24213,0.456698
24214,0.697285
24215,0.958316
24216,0.671053
24217,0.701155
24218,0.674669
24219,0.831657
24220,0.851708
24221,0.540755
24222,0.618017
24223,0.556648
24224,0.629487
24225,0.977083
24226,0.82393
24227,0.7155
24228,0.616899
24229,0.850126
24230,0.898822
24231,0.621968
24232,0.810724
24233,0.904941
24234,0.602596
24235,0.807654
24236,0.845006
24237,0.799712
24238,0.413372
24239,0.820814
24240,0.504461
24241,0.500736
24242,0.769662
24243,0.96735
24244,0.045028
24245,0.654957
24246,0.951056
24247,0.848046
24248,0.554032
24249,0.958242
24250,0.57549
24251,0.719716
24252,0.86709
24253,0.49332
24254,0.957462
24255,0.671957
24256,0.672647
24257,0.597538
24258,0.834424
24259,0.813183
24260,0.56172
24261,0.654651
24262,0.72105
24263,0.918669
24264,0.777701
24265,0.678384
24266,0.539173
24267,0.636476
24268,0.880809
24269,0.552476
24270,0.938526
24271,0.895038
24272,0.779123
24273,0.746278
24274,0.616105
24275,0.458692
24276,0.446803
24277,0.884473
24278,0.982459
24279,0.923016
24280,0.710021
24281,0.951888
24282,0.957834
24283,0.96791
24284,0.616661
24285,0.777106
24286,0.782347
24287,0.84746
24288,0.770848
24289,0.485819
24290,0.691977
24291,0.549871
24292,0.934115
24293,0.677001
24294,0.633945
24295,0.632886
24296,0.803101
24297,0.689118
24298,0.799633
24299,0.870833
24300,0.829294
24301,0.694598
24302,0.472374
24303,0.309258
24304,0.505948
24305,0.571675
24306,0.879164
24307,0.764176
24308,0.699789
24309,0.130847
24310,0.924446
24311,0.09166
24312,0.921628
24313,0.794748
24314,0.687743
24315,0.615111
24316,0.631455
24317,0.970007
24318,0.604667
24319,0.209518
24320,0.339505
24321,0.460695
24322,0.558775
24323,0.838282
24324,0.842126
24325,0.536902
24326,0.152375
24327,0.665464
24328,0.68251
24329,0.828532
24330,0.747516
24331,0.840673
24332,0.850304
24333,0.399767
24334,0.46613
24335,0.746693
24336,0.589691
24337,0.806695
24338,0.714527
24339,0.879412
24340,0.974285
24341,0.599013
24342,0.741749
24343,0.646888
24344,0.682674
24345,0.385968
24346,0.490404
24347,0.578163
24348,0.468625
24349,0.715505
24350,0.65136
24351,0.632751
24352,0.755966
24353,0.740356
24354,0.587567
24355,0.581701
24356,0.987229
24357,0.88171
24358,0.892837
24359,0.045786
24360,0.968579
24361,0.753147
24362,0.715269
24363,0.540969
24364,0.549117
24365,0.585377
24366,0.684848
24367,0.427994
24368,0.73891
24369,0.719217
24370,0.757867
24371,0.873883
24372,0.647025
24373,0.857228
24374,0.684336
24375,0.27571
24376,0.582825
24377,0.704631
24378,0.955997
24379,0.728634
24380,0.923437
24381,0.692499
24382,0.490954
24383,0.656997
24384,0.840807
24385,0.826533
24386,0.559833
24387,0.709543
24388,0.465426
24389,0.624695
24390,0.702926
24391,0.543314
24392,0.932855
24393,0.629277
24394,0.834514
24395,0.950428
24396,0.942549
24397,0.793572
24398,0.86357
24399,0.849529
24400,0.595142
24401,0.472765
24402,0.57274
24403,0.542553
24404,0.677941
24405,0.936478
24406,0.324953
24407,0.896946
24408,0.593629
24409,0.935015
24410,0.714598
24411,0.869981
24412,0.832523
24413,0.572682
24414,0.939541
24415,0.856164
24416,0.559092
24417,0.921346
24418,0.551147
24419,0.690936
24420,0.706902
24421,0.66428
24422,0.615939
24423,0.523325
24424,0.367836
24425,0.695222
24426,0.8067
24427,0.96999
24428,0.857111
24429,0.792926
24430,0.806017
24431,0.883031
24432,0.943583
24433,0.948989
24434,0.844661
24435,0.572948
24436,0.849682
24437,0.817307
24438,0.551243
24439,0.83863
24440,0.834709
24441,0.659718
24442,0.929965
24443,0.503562
24444,0.988367
24445,0.957695
24446,0.635136
24447,0.786756
24448,0.979588
24449,0.815193
24450,0.544278
24451,0.667395
24452,0.825996
24453,0.813286
24454,0.836555
24455,0.945083
24456,0.645052
24457,0.820467
24458,0.364308
24459,0.856782
24460,0.512911
24461,0.5861
24462,0.591102
24463,0.762863
24464,0.533161
24465,0.840242
24466,0.974929
24467,0.654711
24468,0.847401
24469,0.948853
24470,0.56527
24471,0.765916
24472,0.611914
24473,0.694826
24474,0.670861
24475,0.945305
24476,0.499502
24477,0.715483
24478,0.75548
24479,0.489708
24480,0.813548
24481,0.55852
24482,0.843728
24483,0.607217
24484,0.456279
24485,0.775638
24486,0.740039
24487,0.683473
24488,0.877547
24489,0.775365
24490,0.854357
24491,0.70497
24492,0.679872
24493,0.63116
24494,0.801104
24495,0.948939
24496,0.64221
24497,0.991146
24498,0.351737
24499,0.775837
24500,0.808544
24501,0.738996
24502,0.434186
24503,0.736619
24504,0.955533
24505,0.753589
24506,0.858843
24507,0.838332
24508,0.646277
24509,0.602771
24510,0.889654
24511,0.387043
24512,0.852645
24513,0.823582
24514,0.890635
24515,0.362378
24516,0.627467
24517,0.886774
24518,0.946462
24519,0.746881
24520,0.660028
24521,0.897128
24522,0.584661
24523,0.784306
24524,0.974588
24525,0.86101
24526,0.953128
24527,0.756496
24528,0.938056
24529,0.786998
24530,0.038625
24531,0.262285
24532,0.748847
24533,0.820564
24534,0.918243
24535,0.809563
24536,0.964525
24537,0.580426
24538,0.573812
24539,0.798556
24540,0.922164
24541,0.797328
24542,0.657292
24543,0.534428
24544,0.98465
24545,0.576021
24546,0.481879
24547,0.802188
24548,0.646444
24549,0.932885
24550,0.187765
24551,0.829174
24552,0.440546
24553,0.833512
24554,0.937319
24555,0.883651
24556,0.245713
24557,0.576674
24558,0.481855
24559,0.847694
24560,0.932584
24561,0.584802
24562,0.530966
24563,0.742849
24564,0.43567
24565,0.03135
24566,0.483701
24567,0.637867
24568,0.975563
24569,0.72877
24570,0.88718
24571,0.761801
24572,0.552455
24573,0.656726
24574,0.549304
24575,0.506601
24576,0.861644
24577,0.762113
24578,0.241652
24579,0.83409
24580,0.892032
24581,0.723655
24582,0.518496
24583,0.818575
24584,0.752183
24585,0.741357
24586,0.769511
24587,0.94067
24588,0.951954
24589,0.939402
24590,0.941749
24591,0.421639
24592,0.692309
24593,0.771676
24594,0.912074
24595,0.645456
24596,0.65943
24597,0.895501
24598,0.512921
24599,0.048978
24600,0.739755
24601,0.594529
24602,0.95894
24603,0.638067
24604,0.910539
24605,0.962284
24606,0.779179
24607,0.716662
24608,0.640687
24609,0.905004
24610,0.910593
24611,0.933579
24612,0.92175
24613,0.947202
24614,0.536024
24615,0.94311
24616,0.714279
24617,0.697769
24618,0.308681
24619,0.445495
24620,0.695699
24621,0.09606
24622,0.970677
24623,0.762738
24624,0.741243
24625,0.876608
24626,0.928544
24627,0.792635
24628,0.597929
24629,0.342967
24630,0.790089
24631,0.598002
24632,0.831146
24633,0.407073
24634,0.64091
24635,0.757962
24636,0.633598
24637,0.689843
24638,0.581214
24639,0.968528
24640,0.722017
24641,0.906924
24642,0.598652
24643,0.465794
24644,0.807545
24645,0.488065
24646,0.439546
24647,0.628194
24648,0.887458
24649,0.869902
24650,0.821488
24651,0.875545
24652,0.830019
24653,0.679622
24654,0.914623
24655,0.549102
24656,0.899317
24657,0.776937
24658,0.888201
24659,0.880392
24660,0.957366
24661,0.726108
24662,0.875548
24663,0.568427
24664,0.510438
24665,0.726099
24666,0.959562
24667,0.644625
24668,0.827588
24669,0.651535
24670,0.860988
24671,0.481754
24672,0.955478
24673,0.841813
24674,0.579384
24675,0.632548
24676,0.988172
24677,0.820784
24678,0.649229
24679,0.803136
24680,0.57657
24681,0.739482
24682,0.747349
24683,0.937974
24684,0.090074
24685,0.721851
24686,0.68928
24687,0.55081
24688,0.789219
24689,0.695484
24690,0.519918
24691,0.752932
24692,0.412809
24693,0.811253
24694,0.414166
24695,0.811019
24696,0.832338
24697,0.912475
24698,0.712395
24699,0.717837
24700,0.481226
24701,0.961554
24702,0.822848
24703,0.520593
24704,0.477809
24705,0.863765
24706,0.732169
24707,0.608738
24708,0.306707
24709,0.909608
24710,0.50486
24711,0.642677
24712,0.800778
24713,0.64967
24714,0.557729
24715,0.651815
24716,0.965786
24717,0.902976
24718,0.65992
24719,0.872918
24720,0.883442
24721,0.736822
24722,0.902117
24723,0.577211
24724,0.929703
24725,0.674275
24726,0.978385
24727,0.849995
24728,0.701615
24729,0.741183
24730,0.703766
24731,0.667646
24732,0.593413
24733,0.93294
24734,0.78128
24735,0.704748
24736,0.727514
24737,0.965899
24738,0.526579
24739,0.751452
24740,0.31128
24741,0.697925
24742,0.52265
24743,0.737898
24744,0.112858
24745,0.185114
24746,0.739857
24747,0.907533
24748,0.554802
24749,0.685999
24750,0.640811
24751,0.76971
24752,0.645023
24753,0.559918
24754,0.586814
24755,0.557016
24756,0.857932
24757,0.995808
24758,0.787807
24759,0.718331
24760,0.965605
24761,0.914935
24762,0.971855
24763,0.555741
24764,0.696122
24765,0.723746
24766,0.983697
24767,0.770874
24768,0.86369
24769,0.994551
24770,0.842395
24771,0.715993
24772,0.609857
24773,0.714289
24774,0.489903
24775,0.971314
24776,0.754208
24777,0.955561
24778,0.875349
24779,0.734153
24780,0.924485
24781,0.833687
24782,0.371813
24783,0.195883
24784,0.9073
24785,0.907624
24786,0.384919
24787,0.9674
24788,0.790722
24789,0.320565
24790,0.582396
24791,0.71196
24792,0.933763
24793,0.413096
24794,0.976155
24795,0.932998
24796,0.896392
24797,0.754531
24798,0.998297
24799,0.773354
24800,0.680288
24801,0.262184
24802,0.704764
24803,0.705362
24804,0.692051
24805,0.876405
24806,0.135487
24807,0.461946
24808,0.887914
24809,0.603487
24810,0.940553
24811,0.29878
24812,0.801768
24813,0.799836
24814,0.848677
24815,0.74248
24816,0.82931
24817,0.607907
24818,0.673922
24819,0.894786
24820,0.796841
24821,0.641258
24822,0.952854
24823,0.942153
24824,0.926365
24825,0.971932
24826,0.710078
24827,0.713987
24828,0.115265
24829,0.60498
24830,0.873799
24831,0.52241
24832,0.737938
24833,0.812921
24834,0.603574
24835,0.698094
24836,0.356113
24837,0.902619
24838,0.515023
24839,0.750162
24840,0.737712
24841,0.415411
24842,0.767341
24843,0.678576
24844,0.931624
24845,0.95948
24846,0.654968
24847,0.883977
24848,0.832064
24849,0.976274
24850,0.865506
24851,0.716376
24852,0.950946
24853,0.595963
24854,0.834038
24855,0.817891
24856,0.600502
24857,0.194839
24858,0.398653
24859,0.295057
24860,0.812264
24861,0.612983
24862,0.621113
24863,0.828718
24864,0.987942
24865,0.756341
24866,0.57826
24867,0.994924
24868,0.899198
24869,0.442531
24870,0.715961
24871,0.770583
24872,0.864858
24873,0.881291
24874,0.409041
24875,0.873116
24876,0.887703
24877,0.81237
24878,0.937505
24879,0.687034
24880,0.817584
24881,0.860528
24882,0.484236
24883,0.947875
24884,0.647751
24885,0.658146
24886,0.982401
24887,0.554801
24888,0.850955
24889,0.089001
24890,0.652683
24891,0.973952
24892,0.822265
24893,0.908493
24894,0.851818
24895,0.558452
24896,0.819156
24897,0.770763
24898,0.936759
24899,0.506181
24900,0.501281
24901,0.664854
24902,0.75644
24903,0.850636
24904,0.68115
24905,0.932034
24906,0.624046
24907,0.880858
24908,0.621516
24909,0.889029
24910,0.891981
24911,0.790198
24912,0.886562
24913,0.735355
24914,0.779436
24915,0.365912
24916,0.925555
24917,0.347116
24918,0.977401
24919,0.650657
24920,0.524897
24921,0.388669
24922,0.643693
24923,0.930564
24924,0.789582
24925,0.927673
24926,0.908309
24927,0.705328
24928,0.108151
24929,0.753348
24930,0.749173
24931,0.581142
24932,0.757858
24933,0.766294
24934,0.781109
24935,0.466049
24936,0.697585
24937,0.624425
24938,0.581304
24939,0.971771
24940,0.655419
24941,0.633374
24942,0.841054
24943,0.912166
24944,0.652513
24945,0.813675
24946,0.953559
24947,0.491005
24948,0.702541
24949,0.685339
24950,0.794884
24951,0.869448
24952,0.774809
24953,0.347023
24954,0.182375
24955,0.743592
24956,0.426442
24957,0.695039
24958,0.649292
24959,0.764941
24960,0.527391
24961,0.927364
24962,0.936764
24963,0.561888
24964,0.730541
24965,0.644917
24966,0.798101
24967,0.963196
24968,0.46216
24969,0.340997
24970,0.693454
24971,0.845006
24972,0.971017
24973,0.779558
24974,0.794978
24975,0.789478
24976,0.571295
24977,0.705725
24978,0.597538
24979,0.606757
24980,0.293226
24981,0.955843
24982,0.956576
24983,0.97891
24984,0.571206
24985,0.943892
24986,0.16468
24987,0.890714
24988,0.750956
24989,0.526717
24990,0.772166
24991,0.534133
24992,0.456825
24993,0.714261
24994,0.689451
24995,0.902744
24996,0.880508
24997,0.98545
24998,0.698037
24999,0.501156
25000,0.557391
25001,0.673045
25002,0.973643
25003,0.915936
25004,0.246217
25005,0.443598
25006,0.891974
25007,0.872391
25008,0.522472
25009,0.676853
25010,0.841971
25011,0.733604
25012,0.640278
25013,0.746478
25014,0.656641
25015,0.700568
25016,0.906332
25017,0.876365
25018,0.890186
25019,0.060664
25020,0.466887
25021,0.731944
25022,0.742914
25023,0.593058
25024,0.591903
25025,0.963062
25026,0.451606
25027,0.891016
25028,0.97888
25029,0.792823
25030,0.938188
25031,0.775318
25032,0.539281
25033,0.618385
25034,0.959752
25035,0.715095
25036,0.612657
25037,0.69515
25038,0.593971
25039,0.951004
25040,0.952079
25041,0.810269
25042,0.492098
25043,0.773212
25044,0.719117
25045,0.711132
25046,0.51598
25047,0.768106
25048,0.703661
25049,0.797112
25050,0.985707
25051,0.84122
25052,0.44927
25053,0.602316
25054,0.66564
25055,0.406574
25056,0.595526
25057,0.797723
25058,0.9901
25059,0.982678
25060,0.644178
25061,0.730884
25062,0.738504
25063,0.426885
25064,0.620416
25065,0.690824
25066,0.728053
25067,0.634482
25068,0.704753
25069,0.807002
25070,0.763414
25071,0.959011
25072,0.690045
25073,0.701342
25074,0.755307
25075,0.983823
25076,0.912927
25077,0.706816
25078,0.766087
25079,0.598663
25080,0.489576
25081,0.790966
25082,0.765794
25083,0.994746
25084,0.690475
25085,0.799376
25086,0.430377
25087,0.175125
25088,0.628904
25089,0.550871
25090,0.906759
25091,0.894248
25092,0.744051
25093,0.838758
25094,0.721398
25095,0.490694
25096,0.733741
25097,0.8159
25098,0.755444
25099,0.570912
25100,0.794186
25101,0.446059
25102,0.633436
25103,0.950361
25104,0.72043
25105,0.864732
25106,0.960885
25107,0.717434
25108,0.67313
25109,0.410647
25110,0.952817
25111,0.595736
25112,0.770306
25113,0.746332
25114,0.740504
25115,0.699134
25116,0.484013
25117,0.145382
25118,0.887388
25119,0.585191
25120,0.837173
25121,0.69803
25122,0.673133
25123,0.969209
25124,0.825417
25125,0.753223
25126,0.548502
25127,0.714148
25128,0.910623
25129,0.87867
25130,0.078673
25131,0.71498
25132,0.392425
25133,0.830214
25134,0.706131
25135,0.591358
25136,0.515103
25137,0.593759
25138,0.602637
25139,0.589338
25140,0.705171
25141,0.973768
25142,0.615318
25143,0.958503
25144,0.733112
25145,0.857903
25146,0.893346
25147,0.938534
25148,0.961399
25149,0.888273
25150,0.514783
25151,0.643933
25152,0.90997
25153,0.655011
25154,0.666206
25155,0.519021
25156,0.640615
25157,0.875385
25158,0.54404
25159,0.729084
25160,0.793653
25161,0.556016
25162,0.807471
25163,0.926154
25164,0.860157
25165,0.984853
25166,0.818691
25167,0.905598
25168,0.596739
25169,0.957522
25170,0.605028
25171,0.88452
25172,0.83685
25173,0.782748
25174,0.726467
25175,0.703317
25176,0.074517
25177,0.726808
25178,0.625114
25179,0.555352
25180,0.988482
25181,0.685447
25182,0.981256
25183,0.806926
25184,0.954032
25185,0.640705
25186,0.578012
25187,0.559561
25188,0.30949
25189,0.943069
25190,0.519538
25191,0.928827
25192,0.827689
25193,0.588716
25194,0.513924
25195,0.519469
25196,0.894619
25197,0.654568
25198,0.988763
25199,0.800246
25200,0.442605
25201,0.655347
25202,0.720383
25203,0.850022
25204,0.874544
25205,0.856229
25206,0.536912
25207,0.389191
25208,0.938804
25209,0.699471
25210,0.717424
25211,0.819758
25212,0.738389
25213,0.68495
25214,0.706286
25215,0.58898
25216,0.651445
25217,0.70733
25218,0.922028
25219,0.569527
25220,0.875961
25221,0.877549
25222,0.64051
25223,0.684409
25224,0.83301
25225,0.743574
25226,0.698059
25227,0.416234
25228,0.760973
25229,0.931546
25230,0.472717
25231,0.683657
25232,0.831582
25233,0.769676
25234,0.942389
25235,0.633824
25236,0.952909
25237,0.850957
25238,0.686012
25239,0.607688
25240,0.726587
25241,0.498692
25242,0.652458
25243,0.888799
25244,0.814401
25245,0.808607
25246,0.264441
25247,0.764759
25248,0.953933
25249,0.659655
25250,0.578731
25251,0.624219
25252,0.645509
25253,0.798581
25254,0.51986
25255,0.991651
25256,0.549523
25257,0.631901
25258,0.741747
25259,0.911941
25260,0.801337
25261,0.730707
25262,0.826029
25263,0.799531
25264,0.645379
25265,0.928507
25266,0.801067
25267,0.442718
25268,0.900959
25269,0.699111
25270,0.553217
25271,0.913793
25272,0.504122
25273,0.320108
25274,0.489364
25275,0.772744
25276,0.902467
25277,0.786952
25278,0.677582
25279,0.711745
25280,0.545298
25281,0.930163
25282,0.647826
25283,0.638333
25284,0.925257
25285,0.580811
25286,0.705552
25287,0.866088
25288,0.740851
25289,0.759096
25290,0.788622
25291,0.71775
25292,0.618808
25293,0.917811
25294,0.923111
25295,0.83195
25296,0.865863
25297,0.953719
25298,0.716131
25299,0.647766
25300,0.828744
25301,0.851634
25302,0.45626
25303,0.638951
25304,0.876382
25305,0.668351
25306,0.651142
25307,0.92754
25308,0.586935
25309,0.52585
25310,0.607064
25311,0.723013
25312,0.654638
25313,0.757983
25314,0.515351
25315,0.762063
25316,0.763715
25317,0.500266
25318,0.977113
25319,0.700766
25320,0.709939
25321,0.529593
25322,0.848896
25323,0.840371
25324,0.747371
25325,0.880576
25326,0.748007
25327,0.504766
25328,0.817438
25329,0.974025
25330,0.62772
25331,0.559473
25332,0.934359
25333,0.891297
25334,0.564006
25335,0.759951
25336,0.892187
25337,0.978979
25338,0.879642
25339,0.94957
25340,0.894349
25341,0.835183
25342,0.906994
25343,0.994408
25344,0.676928
25345,0.727789
25346,0.496091
25347,0.856791
25348,0.107744
25349,0.770068
25350,0.776383
25351,0.435919
25352,0.473351
25353,0.79087
25354,0.702549
25355,0.973129
25356,0.718678
25357,0.450081
25358,0.53075
25359,0.752489
25360,0.326338
25361,0.884382
25362,0.722116
25363,0.900208
25364,0.819559
25365,0.451123
25366,0.983546
25367,0.870585
25368,0.711271
25369,0.803624
25370,0.756814
25371,0.966532
25372,0.749931
25373,0.706688
25374,0.936136
25375,0.540541
25376,0.788521
25377,0.68718
25378,0.877188
25379,0.582333
25380,0.875359
25381,0.445715
25382,0.878969
25383,0.505289
25384,0.937678
25385,0.556732
25386,0.823909
25387,0.772912
25388,0.900728
25389,0.953102
25390,0.563764
25391,0.73451
25392,0.920953
25393,0.590121
25394,0.124569
25395,0.962653
25396,0.802797
25397,0.798425
25398,0.754733
25399,0.562921
25400,0.774702
25401,0.609057
25402,0.964496
25403,0.992296
25404,0.551761
25405,0.752004
25406,0.983644
25407,0.637283
25408,0.680806
25409,0.769298
25410,0.904333
25411,0.966705
25412,0.735439
25413,0.775668
25414,0.8827
25415,0.08196
25416,0.778648
25417,0.853341
25418,0.07093
25419,0.667604
25420,0.887667
25421,0.643519
25422,0.73537
25423,0.475227
25424,0.534103
25425,0.750556
25426,0.589973
25427,0.642166
25428,0.785907
25429,0.736141
25430,0.784205
25431,0.908584
25432,0.847288
25433,0.700797
25434,0.78305
25435,0.101819
25436,0.720051
25437,0.895005
25438,0.825309
25439,0.958472
25440,0.798096
25441,0.928464
25442,0.486234
25443,0.860696
25444,0.7955
25445,0.657096
25446,0.820262
25447,0.586582
25448,0.941533
25449,0.217174
25450,0.983634
25451,0.539699
25452,0.919138
25453,0.943689
25454,0.448007
25455,0.879534
25456,0.754576
25457,0.964702
25458,0.80853
25459,0.631859
25460,0.1214
25461,0.751643
25462,0.927455
25463,0.417729
25464,0.839025
25465,0.754227
25466,0.765413
25467,0.624049
25468,0.509252
25469,0.899104
25470,0.91488
25471,0.889059
25472,0.50818
25473,0.678006
25474,0.67068
25475,0.75501
25476,0.507407
25477,0.685909
25478,0.56691
25479,0.381483
25480,0.608913
25481,0.583256
25482,0.821832
25483,0.873117
25484,0.672276
25485,0.764142
25486,0.890103
25487,0.932176
25488,0.921473
25489,0.652456
25490,0.978732
25491,0.895588
25492,0.826203
25493,0.736957
25494,0.75462
25495,0.985599
25496,0.52075
25497,0.910554
25498,0.862069
25499,0.771774
25500,0.88279
25501,0.527949
25502,0.762359
25503,0.916758
25504,0.736145
25505,0.681451
25506,0.935819
25507,0.740642
25508,0.847843
25509,0.119714
25510,0.399243
25511,0.608858
25512,0.440172
25513,0.840822
25514,0.737278
25515,0.71943
25516,0.556753
25517,0.854642
25518,0.469958
25519,0.976173
25520,0.626071
25521,0.730199
25522,0.700879
25523,0.575571
25524,0.58265
25525,0.664712
25526,0.419751
25527,0.441649
25528,0.636926
25529,0.906861
25530,0.5317
25531,0.940563
25532,0.718254
25533,0.700096
25534,0.725157
25535,0.774235
25536,0.301024
25537,0.557725
25538,0.475054
25539,0.939139
25540,0.698863
25541,0.709727
25542,0.636765
25543,0.667237
25544,0.388012
25545,0.630368
25546,0.821714
25547,0.447712
25548,0.802224
25549,0.816752
25550,0.725335
25551,0.775838
25552,0.505448
25553,0.843509
25554,0.793314
25555,0.912779
25556,0.603738
25557,0.904167
25558,0.669379
25559,0.880013
25560,0.543966
25561,0.636453
25562,0.988133
25563,0.744036
25564,0.593748
25565,0.269079
25566,0.975593
25567,0.716508
25568,0.265921
25569,0.590026
25570,0.631089
25571,0.943767
25572,0.051908
25573,0.841902
25574,0.715682
25575,0.951475
25576,0.593511
25577,0.709473
25578,0.94731
25579,0.794231
25580,0.465388
25581,0.860679
25582,0.783612
25583,0.439417
25584,0.653162
25585,0.813245
25586,0.963435
25587,0.807934
25588,0.787054
25589,0.81492
25590,0.574484
25591,0.732956
25592,0.877226
25593,0.588374
25594,0.786449
25595,0.051318
25596,0.875952
25597,0.622774
25598,0.636171
25599,0.546841
25600,0.813395
25601,0.96137
25602,0.742797
25603,0.197125
25604,0.663017
25605,0.886471
25606,0.37785
25607,0.70266
25608,0.436493
25609,0.614665
25610,0.586705
25611,0.816537
25612,0.963772
25613,0.36496
25614,0.940238
25615,0.907478
25616,0.670555
25617,0.843163
25618,0.469877
25619,0.91733
25620,0.041859
25621,0.820976
25622,0.205117
25623,0.554004
25624,0.782027
25625,0.307224
25626,0.764369
25627,0.859576
25628,0.750761
25629,0.601259
25630,0.582399
25631,0.541
25632,0.755354
25633,0.888947
25634,0.987823
25635,0.681979
25636,0.94286
25637,0.724819
25638,0.719197
25639,0.812409
25640,0.938039
25641,0.427178
25642,0.847439
25643,0.915981
25644,0.81062
25645,0.613927
25646,0.87317
25647,0.602823
25648,0.887669
25649,0.81374
25650,0.700018
25651,0.599213
25652,0.797859
25653,0.924317
25654,0.768182
25655,0.984286
25656,0.920131
25657,0.750339
25658,0.589632
25659,0.886939
25660,0.425166
25661,0.678269
25662,0.740307
25663,0.885516
25664,0.972264
25665,0.867627
25666,0.966164
25667,0.790132
25668,0.819119
25669,0.784034
25670,0.74214
25671,0.835024
25672,0.921149
25673,0.841705
25674,0.6626
25675,0.454671
25676,0.963817
25677,0.998367
25678,0.799948
25679,0.679012
25680,0.656937
25681,0.9112
25682,0.016923
25683,0.630504
25684,0.403507
25685,0.609582
25686,0.319619
25687,0.875745
25688,0.881391
25689,0.860317
25690,0.538426
25691,0.580804
25692,0.760307
25693,0.834046
25694,0.823108
25695,0.550687
25696,0.759864
25697,0.980398
25698,0.748984
25699,0.835723
25700,0.857139
25701,0.543495
25702,0.963316
25703,0.652742
25704,0.958408
25705,0.721086
25706,0.813082
25707,0.694652
25708,0.901984
25709,0.910147
25710,0.899298
25711,0.695745
25712,0.989936
25713,0.894901
25714,0.975473
25715,0.894136
25716,0.605009
25717,0.728433
25718,0.715019
25719,0.836473
25720,0.981466
25721,0.729745
25722,0.834838
25723,0.949258
25724,0.483476
25725,0.751958
25726,0.743794
25727,0.607538
25728,0.898167
25729,0.353252
25730,0.263635
25731,0.779037
25732,0.753547
25733,0.975024
25734,0.464236
25735,0.791117
25736,0.8966
25737,0.37593
25738,0.891961
25739,0.930977
25740,0.965777
25741,0.180481
25742,0.809016
25743,0.698724
25744,0.925998
25745,0.526665
25746,0.943365
25747,0.593414
25748,0.607297
25749,0.665634
25750,0.888717
25751,0.867845
25752,0.55056
25753,0.218228
25754,0.595419
25755,0.974442
25756,0.961744
25757,0.369861
25758,0.845068
25759,0.865532
25760,0.620042
25761,0.719742
25762,0.820726
25763,0.593286
25764,0.873557
25765,0.80331
25766,0.952566
25767,0.521511
25768,0.93336
25769,0.960013
25770,0.945193
25771,0.940167
25772,0.501106
25773,0.677155
25774,0.723235
25775,0.923897
25776,0.689448
25777,0.587567
25778,0.84999
25779,0.462505
25780,0.819473
25781,0.648
25782,0.858913
25783,0.587183
25784,0.746026
25785,0.690563
25786,0.748519
25787,0.690022
25788,0.382838
25789,0.637204
25790,0.908679
25791,0.71638
25792,0.72497
25793,0.478304
25794,0.652464
25795,0.549143
25796,0.798066
25797,0.571061
25798,0.442508
25799,0.957012
25800,0.829467
25801,0.83564
25802,0.63813
25803,0.788034
25804,0.801779
25805,0.702468
25806,0.726233
25807,0.60364
25808,0.692845
25809,0.772732
25810,0.744996
25811,0.787632
25812,0.686055
25813,0.307779
25814,0.937393
25815,0.83056
25816,0.712312
25817,0.848533
25818,0.522393
25819,0.916132
25820,0.237791
25821,0.857078
25822,0.348595
25823,0.668475
25824,0.691754
25825,0.929903
25826,0.983256
25827,0.777066
25828,0.716926
25829,0.702607
25830,0.714646
25831,0.599223
25832,0.792058
25833,0.676926
25834,0.981791
25835,0.767807
25836,0.791981
25837,0.747406
25838,0.839637
25839,0.88355
25840,0.710499
25841,0.742494
25842,0.796783
25843,0.791898
25844,0.66684
25845,0.752194
25846,0.909138
25847,0.893982
25848,0.826163
25849,0.77912
25850,0.788537
25851,0.883377
25852,0.910316
25853,0.753771
25854,0.67365
25855,0.712198
25856,0.695071
25857,0.808421
25858,0.808879
25859,0.690917
25860,0.833252
25861,0.792874
25862,0.948788
25863,0.70908
25864,0.959504
25865,0.375038
25866,0.765161
25867,0.282086
25868,0.280369
25869,0.7399
25870,0.717287
25871,0.904753
25872,0.633835
25873,0.768851
25874,0.720854
25875,0.945133
25876,0.668413
25877,0.847577
25878,0.625952
25879,0.862078
25880,0.989054
25881,0.467899
25882,0.730674
25883,0.917526
25884,0.739742
25885,0.946785
25886,0.934278
25887,0.709579
25888,0.860238
25889,0.668859
25890,0.621537
25891,0.117571
25892,0.543624
25893,0.129489
25894,0.805035
25895,0.612118
25896,0.591108
25897,0.402752
25898,0.920742
25899,0.706855
25900,0.560556
25901,0.83202
25902,0.661458
25903,0.829179
25904,0.852339
25905,0.62555
25906,0.274887
25907,0.96104
25908,0.627506
25909,0.627243
25910,0.524095
25911,0.727877
25912,0.9678
25913,0.803688
25914,0.509078
25915,0.979999
25916,0.949675
25917,0.336293
25918,0.657927
25919,0.86158
25920,0.60416
25921,0.491696
25922,0.618505
25923,0.846926
25924,0.713042
25925,0.562311
25926,0.657165
25927,0.755281
25928,0.845811
25929,0.623287
25930,0.622774
25931,0.508016
25932,0.915556
25933,0.961076
25934,0.617212
25935,0.791916
25936,0.744887
25937,0.672997
25938,0.555058
25939,0.560074
25940,0.778784
25941,0.981405
25942,0.818418
25943,0.892569
25944,0.619008
25945,0.942523
25946,0.814071
25947,0.618816
25948,0.761304
25949,0.939273
25950,0.788127
25951,0.733674
25952,0.889934
25953,0.797846
25954,0.445067
25955,0.614254
25956,0.765844
25957,0.796828
25958,0.902817
25959,0.952642
25960,0.817384
25961,0.732713
25962,0.889975
25963,0.963212
25964,0.939836
25965,0.577489
25966,0.565454
25967,0.863612
25968,0.962829
25969,0.451832
25970,0.434729
25971,0.10115
25972,0.737389
25973,0.956926
25974,0.711589
25975,0.646467
25976,0.741355
25977,0.740786
25978,0.737332
25979,0.686418
25980,0.514678
25981,0.706024
25982,0.975163
25983,0.935634
25984,0.647214
25985,0.574666
25986,0.465044
25987,0.543923
25988,0.719088
25989,0.869133
25990,0.940971
25991,0.74856
25992,0.484735
25993,0.973184
25994,0.518401
25995,0.674698
25996,0.899523
25997,0.841618
25998,0.534825
25999,0.47585
26000,0.658007
26001,0.536276
26002,0.584369
26003,0.902625
26004,0.612907
26005,0.85204
26006,0.62623
26007,0.801056
26008,0.577022
26009,0.831433
26010,0.739229
26011,0.654506
26012,0.958385
26013,0.699317
26014,0.825583
26015,0.555363
26016,0.877914
26017,0.800197
26018,0.81939
26019,0.879358
26020,0.366663
26021,0.880839
26022,0.78208
26023,0.697966
26024,0.91642
26025,0.747229
26026,0.848871
26027,0.475792
26028,0.789191
26029,0.826255
26030,0.658754
26031,0.946647
26032,0.706157
26033,0.436836
26034,0.138628
26035,0.218388
26036,0.749198
26037,0.681594
26038,0.656009
26039,0.801172
26040,0.932905
26041,0.815261
26042,0.243701
26043,0.852186
26044,0.828795
26045,0.676823
26046,0.896304
26047,0.44612
26048,0.515951
26049,0.307308
26050,0.617229
26051,0.968151
26052,0.787416
26053,0.708487
26054,0.942657
26055,0.668102
26056,0.524709
26057,0.983613
26058,0.942436
26059,0.358337
26060,0.754897
26061,0.531656
26062,0.844246
26063,0.621369
26064,0.437444
26065,0.626207
26066,0.85306
26067,0.864652
26068,0.786008
26069,0.916755
26070,0.562055
26071,0.840467
26072,0.878374
26073,0.975953
26074,0.904913
26075,0.484821
26076,0.67832
26077,0.72557
26078,0.752298
26079,0.949346
26080,0.774302
26081,0.870833
26082,0.689163
26083,0.855895
26084,0.738328
26085,0.339571
26086,0.843184
26087,0.597143
26088,0.476116
26089,0.595351
26090,0.676089
26091,0.741026
26092,0.604497
26093,0.905123
26094,0.796529
26095,0.96858
26096,0.641996
26097,0.648114
26098,0.871548
26099,0.80666
26100,0.646303
26101,0.806453
26102,0.812086
26103,0.530156
26104,0.25087
26105,0.690864
26106,0.782234
26107,0.76425
26108,0.594492
26109,0.740725
26110,0.593847
26111,0.864872
26112,0.55209
26113,0.800088
26114,0.567126
26115,0.678426
26116,0.978092
26117,0.708756
26118,0.760469
26119,0.340154
26120,0.743168
26121,0.331464
26122,0.947816
26123,0.967409
26124,0.962353
26125,0.843975
26126,0.963144
26127,0.627257
26128,0.759956
26129,0.400049
26130,0.726461
26131,0.70572
26132,0.445622
26133,0.691652
26134,0.799605
26135,0.919158
26136,0.676738
26137,0.660756
26138,0.594051
26139,0.495783
26140,0.953447
26141,0.729601
26142,0.566859
26143,0.494841
26144,0.735073
26145,0.756891
26146,0.98093
26147,0.98588
26148,0.831586
26149,0.70445
26150,0.34255
26151,0.66817
26152,0.986009
26153,0.8746
26154,0.66359
26155,0.471142
26156,0.670674
26157,0.651594
26158,0.678827
26159,0.633411
26160,0.521585
26161,0.720832
26162,0.893378
26163,0.851047
26164,0.979536
26165,0.776588
26166,0.317115
26167,0.894938
26168,0.582061
26169,0.745918
26170,0.756089
26171,0.447048
26172,0.487971
26173,0.866586
26174,0.667459
26175,0.830668
26176,0.718872
26177,0.858031
26178,0.650959
26179,0.688521
26180,0.790688
26181,0.755694
26182,0.79705
26183,0.789651
26184,0.747909
26185,0.437328
26186,0.629629
26187,0.859895
26188,0.864735
26189,0.809208
26190,0.758445
26191,0.812489
26192,0.881387
26193,0.888968
26194,0.888008
26195,0.839013
26196,0.57259
26197,0.783543
26198,0.982628
26199,0.453247
26200,0.66747
26201,0.862021
26202,0.51203
26203,0.818158
26204,0.285718
26205,0.584326
26206,0.815775
26207,0.557618
26208,0.680736
26209,0.622425
26210,0.671599
26211,0.963951
26212,0.507479
26213,0.662031
26214,0.825165
26215,0.800684
26216,0.851516
26217,0.566128
26218,0.841245
26219,0.633812
26220,0.663428
26221,0.899573
26222,0.922296
26223,0.789781
26224,0.763275
26225,0.785675
26226,0.692601
26227,0.905021
26228,0.571314
26229,0.873153
26230,0.551399
26231,0.820373
26232,0.980534
26233,0.412264
26234,0.85743
26235,0.903877
26236,0.82132
26237,0.907257
26238,0.975011
26239,0.864079
26240,0.52796
26241,0.799554
26242,0.59151
26243,0.805937
26244,0.646828
26245,0.546739
26246,0.966935
26247,0.59176
26248,0.874626
26249,0.723958
26250,0.932296
26251,0.46955
26252,0.452721
26253,0.730011
26254,0.567377
26255,0.319924
26256,0.771495
26257,0.982854
26258,0.979418
26259,0.944696
26260,0.930076
26261,0.539224
26262,0.476924
26263,0.676226
26264,0.523001
26265,0.600546
26266,0.487593
26267,0.590861
26268,0.536828
26269,0.903052
26270,0.911211
26271,0.794498
26272,0.530533
26273,0.67475
26274,0.572165
26275,0.721786
26276,0.778368
26277,0.809597
26278,0.693845
26279,0.757582
26280,0.91174
26281,0.768335
26282,0.482579
26283,0.532593
26284,0.530113
26285,0.89701
26286,0.264778
26287,0.870497
26288,0.544888
26289,0.560732
26290,0.96081
26291,0.827889
26292,0.342077
26293,0.61995
26294,0.841403
26295,0.620416
26296,0.577895
26297,0.679539
26298,0.659155
26299,0.655065
26300,0.60299
26301,0.557297
26302,0.878245
26303,0.719487
26304,0.720513
26305,0.843904
26306,0.915902
26307,0.897184
26308,0.606436
26309,0.57018
26310,0.722069
26311,0.937082
26312,0.948144
26313,0.773393
26314,0.883694
26315,0.784071
26316,0.56209
26317,0.636477
26318,0.562773
26319,0.962366
26320,0.664672
26321,0.658184
26322,0.684377
26323,0.766741
26324,0.660428
26325,0.977775
26326,0.546134
26327,0.819467
26328,0.555809
26329,0.997046
26330,0.945898
26331,0.799725
26332,0.192571
26333,0.825237
26334,0.960953
26335,0.801974
26336,0.57674
26337,0.723971
26338,0.736056
26339,0.761635
26340,0.851345
26341,0.887145
26342,0.752115
26343,0.804457
26344,0.88514
26345,0.489862
26346,0.902838
26347,0.862604
26348,0.505721
26349,0.884597
26350,0.947432
26351,0.755069
26352,0.895962
26353,0.864466
26354,0.833521
26355,0.898439
26356,0.53237
26357,0.767042
26358,0.556521
26359,0.28322
26360,0.772521
26361,0.68837
26362,0.477163
26363,0.818013
26364,0.092732
26365,0.590148
26366,0.959651
26367,0.682688
26368,0.982848
26369,0.767266
26370,0.810806
26371,0.50248
26372,0.513934
26373,0.315799
26374,0.952718
26375,0.772116
26376,0.603263
26377,0.726305
26378,0.479541
26379,0.491596
26380,0.815952
26381,0.733499
26382,0.979009
26383,0.674859
26384,0.483279
26385,0.617131
26386,0.588408
26387,0.864267
26388,0.678632
26389,0.413985
26390,0.575614
26391,0.359391
26392,0.683726
26393,0.970257
26394,0.8213
26395,0.749093
26396,0.525384
26397,0.857213
26398,0.586084
26399,0.521301
26400,0.701731
26401,0.903858
26402,0.787306
26403,0.665218
26404,0.515413
26405,0.686345
26406,0.938385
26407,0.863505
26408,0.915213
26409,0.956057
26410,0.851177
26411,0.875122
26412,0.997683
26413,0.728449
26414,0.635404
26415,0.804678
26416,0.805022
26417,0.637933
26418,0.983379
26419,0.640991
26420,0.8198
26421,0.704424
26422,0.974379
26423,0.636207
26424,0.818882
26425,0.744772
26426,0.972519
26427,0.913303
26428,0.395505
26429,0.600924
26430,0.849931
26431,0.957445
26432,0.80939
26433,0.933919
26434,0.668777
26435,0.688191
26436,0.64137
26437,0.652817
26438,0.619075
26439,0.663458
26440,0.640201
26441,0.625383
26442,0.561556
26443,0.647071
26444,0.700047
26445,0.982
26446,0.76699
26447,0.83188
26448,0.832123
26449,0.731925
26450,0.76638
26451,0.74721
26452,0.883028
26453,0.340719
26454,0.973749
26455,0.946654
26456,0.785536
26457,0.671139
26458,0.836976
26459,0.848917
26460,0.920935
26461,0.078023
26462,0.084556
26463,0.963887
26464,0.810323
26465,0.782535
26466,0.656095
26467,0.297397
26468,0.409155
26469,0.945919
26470,0.79909
26471,0.83884
26472,0.452975
26473,0.748193
26474,0.845557
26475,0.593125
26476,0.958455
26477,0.611853
26478,0.834244
26479,0.925847
26480,0.782768
26481,0.593818
26482,0.790199
26483,0.39648
26484,0.60111
26485,0.807096
26486,0.897901
26487,0.795364
26488,0.791627
26489,0.597232
26490,0.571184
26491,0.828264
26492,0.790269
26493,0.439765
26494,0.131309
26495,0.677412
26496,0.732595
26497,0.81472
26498,0.879184
26499,0.484642
26500,0.763546
26501,0.834824
26502,0.767735
26503,0.788242
26504,0.930573
26505,0.374272
26506,0.629181
26507,0.7235
26508,0.75763
26509,0.653167
26510,0.929776
26511,0.707879
26512,0.77025
26513,0.513849
26514,0.842012
26515,0.80847
26516,0.673995
26517,0.934334
26518,0.645505
26519,0.627845
26520,0.697544
26521,0.687311
26522,0.806458
26523,0.826693
26524,0.733478
26525,0.781007
26526,0.876216
26527,0.729835
26528,0.592752
26529,0.836102
26530,0.970802
26531,0.852974
26532,0.914611
26533,0.789321
26534,0.93029
26535,0.57
26536,0.830439
26537,0.855702
26538,0.075895
26539,0.997639
26540,0.880955
26541,0.651152
26542,0.578975
26543,0.916098
26544,0.854671
26545,0.689432
26546,0.778905
26547,0.914585
26548,0.796403
26549,0.438451
26550,0.976717
26551,0.592805
26552,0.806597
26553,0.83534
26554,0.851405
26555,0.460643
26556,0.896679
26557,0.653948
26558,0.823491
26559,0.454668
26560,0.274877
26561,0.639825
26562,0.805744
26563,0.8561
26564,0.724623
26565,0.830991
26566,0.790773
26567,0.741598
26568,0.926487
26569,0.659847
26570,0.579115
26571,0.409425
26572,0.745371
26573,0.881598
26574,0.777679
26575,0.460045
26576,0.617113
26577,0.946791
26578,0.875168
26579,0.645693
26580,0.99067
26581,0.665958
26582,0.902581
26583,0.660656
26584,0.979186
26585,0.898079
26586,0.899677
26587,0.916699
26588,0.45311
26589,0.92082
26590,0.486369
26591,0.758185
26592,0.580992
26593,0.683607
26594,0.753957
26595,0.406594
26596,0.749845
26597,0.859765
26598,0.953086
26599,0.56104
26600,0.792074
26601,0.97118
26602,0.83882
26603,0.897318
26604,0.273035
26605,0.491589
26606,0.471638
26607,0.777034
26608,0.87308
26609,0.814273
26610,0.716616
26611,0.650455
26612,0.625393
26613,0.765122
26614,0.967366
26615,0.901935
26616,0.788847
26617,0.725415
26618,0.676848
26619,0.792091
26620,0.8759
26621,0.939259
26622,0.850582
26623,0.923062
26624,0.590479
26625,0.127933
26626,0.61881
26627,0.704604
26628,0.062554
26629,0.775813
26630,0.819512
26631,0.034308
26632,0.610703
26633,0.669
26634,0.68732
26635,0.736014
26636,0.682116
26637,0.225745
26638,0.833848
26639,0.496886
26640,0.197362
26641,0.604442
26642,0.752272
26643,0.909443
26644,0.948773
26645,0.481685
26646,0.782109
26647,0.850565
26648,0.971031
26649,0.638162
26650,0.851631
26651,0.650788
26652,0.954058
26653,0.912027
26654,0.497834
26655,0.944012
26656,0.927993
26657,0.688593
26658,0.746534
26659,0.845097
26660,0.714321
26661,0.679635
26662,0.875181
26663,0.646363
26664,0.634789
26665,0.783746
26666,0.508463
26667,0.633136
26668,0.716503
26669,0.752249
26670,0.94212
26671,0.571566
26672,0.637064
26673,0.92991
26674,0.844917
26675,0.877585
26676,0.466181
26677,0.880101
26678,0.610129
26679,0.743679
26680,0.872297
26681,0.767387
26682,0.900622
26683,0.417308
26684,0.906183
26685,0.595372
26686,0.734157
26687,0.949992
26688,0.699046
26689,0.838455
26690,0.845157
26691,0.220129
26692,0.702113
26693,0.207515
26694,0.850389
26695,0.856589
26696,0.704053
26697,0.845465
26698,0.679786
26699,0.693856
26700,0.967107
26701,0.770048
26702,0.7189
26703,0.785161
26704,0.917848
26705,0.694089
26706,0.870162
26707,0.687795
26708,0.254467
26709,0.687206
26710,0.795611
26711,0.704735
26712,0.884888
26713,0.901932
26714,0.861216
26715,0.748265
26716,0.873793
26717,0.437051
26718,0.832026
26719,0.585782
26720,0.898997
26721,0.905958
26722,0.488215
26723,0.526195
26724,0.940306
26725,0.705112
26726,0.651278
26727,0.798691
26728,0.7731
26729,0.910589
26730,0.987788
26731,0.990062
26732,0.288546
26733,0.867873
26734,0.616021
26735,0.652079
26736,0.908572
26737,0.80995
26738,0.595713
26739,0.662683
26740,0.451339
26741,0.727606
26742,0.058076
26743,0.687942
26744,0.696438
26745,0.112776
26746,0.556438
26747,0.386818
26748,0.808833
26749,0.924127
26750,0.741121
26751,0.793197
26752,0.646221
26753,0.965239
26754,0.566796
26755,0.738162
26756,0.590519
26757,0.927994
26758,0.80202
26759,0.294698
26760,0.712958
26761,0.960438
26762,0.593978
26763,0.50502
26764,0.825769
26765,0.610926
26766,0.969382
26767,0.741352
26768,0.943893
26769,0.347107
26770,0.887903
26771,0.992836
26772,0.657759
26773,0.809316
26774,0.792548
26775,0.834781
26776,0.942651
26777,0.71637
26778,0.577853
26779,0.911392
26780,0.714297
26781,0.686031
26782,0.903575
26783,0.035706
26784,0.23468
26785,0.617421
26786,0.467378
26787,0.773827
26788,0.567671
26789,0.75272
26790,0.709624
26791,0.737371
26792,0.860173
26793,0.737713
26794,0.692546
26795,0.686498
26796,0.91028
26797,0.716835
26798,0.435092
26799,0.587524
26800,0.765607
26801,0.947195
26802,0.935594
26803,0.641558
26804,0.435039
26805,0.942881
26806,0.673689
26807,0.631604
26808,0.730476
26809,0.648761
26810,0.967552
26811,0.642431
26812,0.770703
26813,0.862742
26814,0.808274
26815,0.704515
26816,0.517467
26817,0.798424
26818,0.616136
26819,0.979055
26820,0.344744
26821,0.933722
26822,0.074959
26823,0.947487
26824,0.731825
26825,0.862629
26826,0.734095
26827,0.538865
26828,0.705067
26829,0.910299
26830,0.957643
26831,0.539198
26832,0.779523
26833,0.038342
26834,0.653089
26835,0.685903
26836,0.724575
26837,0.600034
26838,0.239119
26839,0.714322
26840,0.904521
26841,0.895151
26842,0.656122
26843,0.47868
26844,0.817549
26845,0.993615
26846,0.973902
26847,0.833028
26848,0.843811
26849,0.719886
26850,0.652348
26851,0.727504
26852,0.256676
26853,0.789603
26854,0.607673
26855,0.205302
26856,0.4404
26857,0.905592
26858,0.681336
26859,0.916247
26860,0.789144
26861,0.943572
26862,0.719845
26863,0.666338
26864,0.401144
26865,0.685577
26866,0.438185
26867,0.733458
26868,0.596475
26869,0.939187
26870,0.871572
26871,0.871246
26872,0.673549
26873,0.78781
26874,0.641387
26875,0.801485
26876,0.797406
26877,0.793319
26878,0.699106
26879,0.697192
26880,0.854172
26881,0.965805
26882,0.835579
26883,0.967285
26884,0.442555
26885,0.607562
26886,0.800218
26887,0.781055
26888,0.826506
26889,0.809719
26890,0.763878
26891,0.616349
26892,0.481026
26893,0.977342
26894,0.725736
26895,0.945674
26896,0.633872
26897,0.822606
26898,0.34988
26899,0.914761
26900,0.991826
26901,0.870157
26902,0.97427
26903,0.988368
26904,0.836769
26905,0.768204
26906,0.745664
26907,0.953962
26908,0.601067
26909,0.95081
26910,0.34241
26911,0.830282
26912,0.399443
26913,0.304981
26914,0.932163
26915,0.698778
26916,0.911374
26917,0.957446
26918,0.7938
26919,0.885157
26920,0.061762
26921,0.877354
26922,0.269465
26923,0.685475
26924,0.931272
26925,0.673728
26926,0.85307
26927,0.756798
26928,0.678711
26929,0.628005
26930,0.245788
26931,0.974797
26932,0.643563
26933,0.660889
26934,0.367994
26935,0.020783
26936,0.100425
26937,0.842688
26938,0.45298
26939,0.743149
26940,0.804328
26941,0.528403
26942,0.94379
26943,0.831242
26944,0.494593
26945,0.62649
26946,0.834806
26947,0.268596
26948,0.589088
26949,0.963928
26950,0.423491
26951,0.603416
26952,0.059281
26953,0.739226
26954,0.874796
26955,0.959695
26956,0.178662
26957,0.708842
26958,0.728629
26959,0.537857
26960,0.771737
26961,0.812729
26962,0.505369
26963,0.564579
26964,0.446139
26965,0.373922
26966,0.478434
26967,0.915977
26968,0.916273
26969,0.786786
26970,0.682202
26971,0.951265
26972,0.835229
26973,0.738104
26974,0.973853
26975,0.746292
26976,0.605385
26977,0.771553
26978,0.617279
26979,0.877269
26980,0.861358
26981,0.596396
26982,0.859424
26983,0.791163
26984,0.521274
26985,0.718263
26986,0.665367
26987,0.800978
26988,0.895689
26989,0.935799
26990,0.849174
26991,0.853819
26992,0.866687
26993,0.908629
26994,0.791118
26995,0.637337
26996,0.986877
26997,0.750869
26998,0.868563
26999,0.388998
27000,0.417676
27001,0.481508
27002,0.884135
27003,0.983062
27004,0.664588
27005,0.634043
27006,0.923479
27007,0.368237
27008,0.355088
27009,0.915565
27010,0.504199
27011,0.671125
27012,0.546624
27013,0.872657
27014,0.89422
27015,0.210264
27016,0.58032
27017,0.823529
27018,0.73706
27019,0.751454
27020,0.047348
27021,0.300914
27022,0.896751
27023,0.147441
27024,0.760984
27025,0.860069
27026,0.675042
27027,0.988808
27028,0.683319
27029,0.714734
27030,0.796419
27031,0.780509
27032,0.615538
27033,0.672489
27034,0.769445
27035,0.551927
27036,0.649611
27037,0.82695
27038,0.890463
27039,0.889373
27040,0.496411
27041,0.880295
27042,0.866429
27043,0.760172
27044,0.550715
27045,0.752644
27046,0.356492
27047,0.679889
27048,0.540943
27049,0.704116
27050,0.873655
27051,0.705912
27052,0.884147
27053,0.717095
27054,0.852526
27055,0.36332
27056,0.408804
27057,0.081696
27058,0.744386
27059,0.750548
27060,0.903101
27061,0.7171
27062,0.551442
27063,0.765868
27064,0.749135
27065,0.127692
27066,0.086229
27067,0.931541
27068,0.719559
27069,0.535279
27070,0.757781
27071,0.327007
27072,0.768132
27073,0.476476
27074,0.854737
27075,0.833726
27076,0.522595
27077,0.372965
27078,0.517912
27079,0.787509
27080,0.560335
27081,0.830771
27082,0.48
27083,0.804994
27084,0.700188
27085,0.745793
27086,0.414964
27087,0.708368
27088,0.499345
27089,0.894485
27090,0.771616
27091,0.650812
27092,0.599376
27093,0.708569
27094,0.96736
27095,0.785359
27096,0.767016
27097,0.80585
27098,0.794773
27099,0.712567
27100,0.963952
27101,0.740859
27102,0.940016
27103,0.857195
27104,0.978147
27105,0.872625
27106,0.620286
27107,0.779436
27108,0.953436
27109,0.698272
27110,0.955018
27111,0.87693
27112,0.865696
27113,0.945226
27114,0.739084
27115,0.715616
27116,0.507779
27117,0.615447
27118,0.816411
27119,0.642686
27120,0.809771
27121,0.900006
27122,0.928161
27123,0.766451
27124,0.850912
27125,0.544118
27126,0.857071
27127,0.586236
27128,0.849733
27129,0.636917
27130,0.697539
27131,0.948934
27132,0.758579
27133,0.431558
27134,0.723201
27135,0.742814
27136,0.064078
27137,0.705731
27138,0.375091
27139,0.552279
27140,0.586675
27141,0.654903
27142,0.856026
27143,0.715164
27144,0.614384
27145,0.822773
27146,0.621961
27147,0.634141
27148,0.630715
27149,0.822939
27150,0.683663
27151,0.71732
27152,0.683786
27153,0.952071
27154,0.187244
27155,0.861814
27156,0.888161
27157,0.731247
27158,0.859334
27159,0.452928
27160,0.978351
27161,0.976447
27162,0.445158
27163,0.81311
27164,0.878981
27165,0.826467
27166,0.741237
27167,0.663721
27168,0.626603
27169,0.580403
27170,0.89952
27171,0.725053
27172,0.702695
27173,0.448572
27174,0.647154
27175,0.693897
27176,0.785012
27177,0.593592
27178,0.590337
27179,0.950144
27180,0.647985
27181,0.779944
27182,0.709805
27183,0.251009
27184,0.700922
27185,0.544049
27186,0.705151
27187,0.754729
27188,0.916864
27189,0.840292
27190,0.253146
27191,0.934522
27192,0.530862
27193,0.130547
27194,0.695445
27195,0.774306
27196,0.890855
27197,0.595186
27198,0.924739
27199,0.669445
27200,0.785464
27201,0.4483
27202,0.896786
27203,0.952004
27204,0.353457
27205,0.736081
27206,0.518284
27207,0.192509
27208,0.89659
27209,0.829725
27210,0.597537
27211,0.650175
27212,0.561411
27213,0.748869
27214,0.783641
27215,0.482742
27216,0.874213
27217,0.375227
27218,0.714119
27219,0.649431
27220,0.984773
27221,0.837665
27222,0.538287
27223,0.775055
27224,0.689981
27225,0.947468
27226,0.935236
27227,0.641652
27228,0.899234
27229,0.847407
27230,0.833012
27231,0.687587
27232,0.900238
27233,0.702088
27234,0.48992
27235,0.597231
27236,0.450233
27237,0.756505
27238,0.723517
27239,0.824162
27240,0.616224
27241,0.88942
27242,0.916201
27243,0.56851
27244,0.620827
27245,0.124984
27246,0.072758
27247,0.813109
27248,0.483258
27249,0.964863
27250,0.195976
27251,0.546498
27252,0.698303
27253,0.558058
27254,0.793443
27255,0.836699
27256,0.750248
27257,0.701694
27258,0.748743
27259,0.411004
27260,0.726582
27261,0.64517
27262,0.840861
27263,0.959446
27264,0.656731
27265,0.703869
27266,0.857892
27267,0.725488
27268,0.864964
27269,0.782147
27270,0.782344
27271,0.854602
27272,0.954812
27273,0.902035
27274,0.891053
27275,0.414698
27276,0.542411
27277,0.832735
27278,0.863181
27279,0.981841
27280,0.62609
27281,0.281939
27282,0.769477
27283,0.383678
27284,0.82291
27285,0.935749
27286,0.681069
27287,0.823898
27288,0.978351
27289,0.772141
27290,0.622698
27291,0.770678
27292,0.757795
27293,0.81815
27294,0.769689
27295,0.94829
27296,0.984582
27297,0.793719
27298,0.946815
27299,0.76948
27300,0.536097
27301,0.080529
27302,0.682932
27303,0.325515
27304,0.946059
27305,0.546543
27306,0.812855
27307,0.643894
27308,0.701103
27309,0.962042
27310,0.602756
27311,0.059426
27312,0.798636
27313,0.063848
27314,0.619566
27315,0.681382
27316,0.540802
27317,0.730052
27318,0.446578
27319,0.912456
27320,0.780074
27321,0.456677
27322,0.734826
27323,0.631129
27324,0.458247
27325,0.734076
27326,0.741475
27327,0.82299
27328,0.736481
27329,0.457633
27330,0.738245
27331,0.419797
27332,0.816491
27333,0.893465
27334,0.636177
27335,0.992053
27336,0.592918
27337,0.821345
27338,0.732215
27339,0.373988
27340,0.727696
27341,0.988815
27342,0.605943
27343,0.738031
27344,0.64317
27345,0.361622
27346,0.920825
27347,0.465308
27348,0.940917
27349,0.685816
27350,0.962089
27351,0.867683
27352,0.79909
27353,0.880715
27354,0.358939
27355,0.882176
27356,0.773976
27357,0.749177
27358,0.842993
27359,0.854519
27360,0.544106
27361,0.441676
27362,0.888458
27363,0.913334
27364,0.821621
27365,0.670465
27366,0.892402
27367,0.751182
27368,0.515196
27369,0.85449
27370,0.800701
27371,0.892205
27372,0.918441
27373,0.940189
27374,0.74663
27375,0.356382
27376,0.593235
27377,0.714577
27378,0.423387
27379,0.675943
27380,0.625871
27381,0.697241
27382,0.684214
27383,0.569215
27384,0.655569
27385,0.17725
27386,0.81833
27387,0.518296
27388,0.808562
27389,0.418346
27390,0.852209
27391,0.102283
27392,0.868158
27393,0.901727
27394,0.614661
27395,0.832617
27396,0.747495
27397,0.59371
27398,0.717758
27399,0.661083
27400,0.580938
27401,0.677838
27402,0.9201
27403,0.767932
27404,0.734726
27405,0.464587
27406,0.071815
27407,0.905243
27408,0.539751
27409,0.309634
27410,0.878448
27411,0.605334
27412,0.980031
27413,0.597503
27414,0.340987
27415,0.446131
27416,0.609012
27417,0.637292
27418,0.778148
27419,0.742867
27420,0.962215
27421,0.78943
27422,0.659367
27423,0.946063
27424,0.801544
27425,0.831463
27426,0.591626
27427,0.962154
27428,0.789324
27429,0.523268
27430,0.603473
27431,0.954896
27432,0.925604
27433,0.435131
27434,0.593431
27435,0.881153
27436,0.87289
27437,0.457591
27438,0.910494
27439,0.732722
27440,0.948118
27441,0.851285
27442,0.727386
27443,0.831212
27444,0.847572
27445,0.969522
27446,0.549314
27447,0.89283
27448,0.927048
27449,0.934876
27450,0.834314
27451,0.804724
27452,0.613811
27453,0.830268
27454,0.797104
27455,0.892812
27456,0.910135
27457,0.775434
27458,0.793743
27459,0.490962
27460,0.426248
27461,0.854741
27462,0.771516
27463,0.905531
27464,0.683513
27465,0.600901
27466,0.859961
27467,0.937525
27468,0.964722
27469,0.875992
27470,0.77718
27471,0.606587
27472,0.773767
27473,0.77098
27474,0.857649
27475,0.995957
27476,0.48587
27477,0.816729
27478,0.928226
27479,0.683826
27480,0.444072
27481,0.743231
27482,0.846467
27483,0.575042
27484,0.723366
27485,0.624165
27486,0.736158
27487,0.685286
27488,0.850152
27489,0.821504
27490,0.678102
27491,0.789833
27492,0.743506
27493,0.619143
27494,0.942627
27495,0.867387
27496,0.844796
27497,0.535009
27498,0.643287
27499,0.644691
27500,0.944507
27501,0.928174
27502,0.062989
27503,0.845553
27504,0.644406
27505,0.641168
27506,0.635062
27507,0.590158
27508,0.808995
27509,0.696214
27510,0.80475
27511,0.211363
27512,0.975704
27513,0.912397
27514,0.618419
27515,0.689959
27516,0.911893
27517,0.831116
27518,0.671692
27519,0.406411
27520,0.879297
27521,0.802689
27522,0.829359
27523,0.84252
27524,0.422698
27525,0.786446
27526,0.61242
27527,0.649894
27528,0.705256
27529,0.477128
27530,0.476873
27531,0.021174
27532,0.594553
27533,0.888491
27534,0.916965
27535,0.85583
27536,0.661026
27537,0.855755
27538,0.94417
27539,0.793824
27540,0.637296
27541,0.747958
27542,0.981013
27543,0.363688
27544,0.962553
27545,0.938021
27546,0.545206
27547,0.633041
27548,0.562362
27549,0.839441
27550,0.831997
27551,0.70358
27552,0.771792
27553,0.211875
27554,0.859497
27555,0.629386
27556,0.877481
27557,0.881356
27558,0.477553
27559,0.979725
27560,0.687747
27561,0.233351
27562,0.603769
27563,0.626862
27564,0.619745
27565,0.665768
27566,0.848632
27567,0.570355
27568,0.984491
27569,0.983988
27570,0.506031
27571,0.751011
27572,0.623882
27573,0.724025
27574,0.648776
27575,0.968767
27576,0.802386
27577,0.663123
27578,0.538991
27579,0.928706
27580,0.695338
27581,0.947484
27582,0.810725
27583,0.696962
27584,0.8415
27585,0.806341
27586,0.892627
27587,0.820064
27588,0.898686
27589,0.788591
27590,0.913577
27591,0.649676
27592,0.956762
27593,0.982486
27594,0.771812
27595,0.661474
27596,0.655687
27597,0.209136
27598,0.940334
27599,0.804548
27600,0.48807
27601,0.994543
27602,0.596002
27603,0.771797
27604,0.62549
27605,0.047279
27606,0.669231
27607,0.769618
27608,0.565585
27609,0.896239
27610,0.699681
27611,0.761019
27612,0.741636
27613,0.792185
27614,0.018681
27615,0.730297
27616,0.566778
27617,0.960457
27618,0.654176
27619,0.647624
27620,0.729486
27621,0.958111
27622,0.605579
27623,0.917616
27624,0.789793
27625,0.713442
27626,0.689368
27627,0.743604
27628,0.862855
27629,0.91355
27630,0.661998
27631,0.839989
27632,0.949373
27633,0.906849
27634,0.848093
27635,0.641634
27636,0.802667
27637,0.41258
27638,0.525883
27639,0.520559
27640,0.976621
27641,0.925919
27642,0.638396
27643,0.53291
27644,0.264413
27645,0.983398
27646,0.673989
27647,0.793345
27648,0.907132
27649,0.68516
27650,0.935007
27651,0.733426
27652,0.95184
27653,0.917711
27654,0.718279
27655,0.870775
27656,0.857965
27657,0.17012
27658,0.669339
27659,0.674913
27660,0.372803
27661,0.185778
27662,0.784957
27663,0.521346
27664,0.731503
27665,0.744612
27666,0.779516
27667,0.914345
27668,0.478741
27669,0.870129
27670,0.710086
27671,0.70795
27672,0.637465
27673,0.758306
27674,0.491386
27675,0.575656
27676,0.961239
27677,0.693198
27678,0.539036
27679,0.637113
27680,0.621512
27681,0.978491
27682,0.799062
27683,0.982186
27684,0.493336
27685,0.727572
27686,0.632691
27687,0.709214
27688,0.638819
27689,0.50866
27690,0.820668
27691,0.852349
27692,0.231917
27693,0.35888
27694,0.822824
27695,0.713359
27696,0.8207
27697,0.605788
27698,0.612937
27699,0.751654
27700,0.804844
27701,0.937805
27702,0.671602
27703,0.752717
27704,0.780369
27705,0.046254
27706,0.898514
27707,0.580311
27708,0.449175
27709,0.955641
27710,0.978176
27711,0.655376
27712,0.827476
27713,0.365393
27714,0.43501
27715,0.968162
27716,0.884938
27717,0.843701
27718,0.330081
27719,0.860717
27720,0.962462
27721,0.965222
27722,0.829335
27723,0.547937
27724,0.9095
27725,0.587587
27726,0.693545
27727,0.600543
27728,0.700727
27729,0.91497
27730,0.674128
27731,0.501896
27732,0.474872
27733,0.623314
27734,0.848967
27735,0.899411
27736,0.704425
27737,0.967724
27738,0.797252
27739,0.618597
27740,0.871464
27741,0.889286
27742,0.463547
27743,0.946214
27744,0.711689
27745,0.870433
27746,0.4235
27747,0.842426
27748,0.868933
27749,0.627585
27750,0.988279
27751,0.765381
27752,0.794787
27753,0.486657
27754,0.74919
27755,0.483722
27756,0.834582
27757,0.645858
27758,0.930373
27759,0.791654
27760,0.912585
27761,0.570462
27762,0.635562
27763,0.523482
27764,0.696542
27765,0.637511
27766,0.845102
27767,0.373575
27768,0.650961
27769,0.61972
27770,0.840172
27771,0.613701
27772,0.776911
27773,0.886342
27774,0.556923
27775,0.782515
27776,0.846317
27777,0.903971
27778,0.695808
27779,0.785866
27780,0.797145
27781,0.771522
27782,0.700946
27783,0.584202
27784,0.895593
27785,0.495975
27786,0.976258
27787,0.919303
27788,0.963222
27789,0.498889
27790,0.681722
27791,0.90825
27792,0.333907
27793,0.961289
27794,0.863759
27795,0.851516
27796,0.492764
27797,0.729551
27798,0.796792
27799,0.917037
27800,0.60186
27801,0.991737
27802,0.773611
27803,0.621741
27804,0.886262
27805,0.658264
27806,0.914569
27807,0.831873
27808,0.688245
27809,0.551065
27810,0.839868
27811,0.688847
27812,0.950525
27813,0.632749
27814,0.826351
27815,0.985296
27816,0.45882
27817,0.335683
27818,0.83008
27819,0.672246
27820,0.783689
27821,0.57087
27822,0.613077
27823,0.897203
27824,0.450316
27825,0.907551
27826,0.665944
27827,0.524606
27828,0.745672
27829,0.944286
27830,0.838008
27831,0.930815
27832,0.83043
27833,0.559424
27834,0.926974
27835,0.950965
27836,0.481056
27837,0.520203
27838,0.709442
27839,0.439403
27840,0.566853
27841,0.650811
27842,0.58997
27843,0.890952
27844,0.943169
27845,0.902662
27846,0.435262
27847,0.478582
27848,0.683754
27849,0.839651
27850,0.923125
27851,0.944513
27852,0.718201
27853,0.6632
27854,0.799616
27855,0.898956
27856,0.600355
27857,0.914108
27858,0.667389
27859,0.091171
27860,0.223648
27861,0.518486
27862,0.930948
27863,0.734992
27864,0.9547
27865,0.857888
27866,0.991398
27867,0.758437
27868,0.606919
27869,0.800944
27870,0.552484
27871,0.719944
27872,0.954727
27873,0.856114
27874,0.679833
27875,0.954129
27876,0.767047
27877,0.463668
27878,0.921901
27879,0.57961
27880,0.48931
27881,0.605317
27882,0.928593
27883,0.718844
27884,0.970303
27885,0.796723
27886,0.606865
27887,0.946773
27888,0.581453
27889,0.933944
27890,0.166423
27891,0.874202
27892,0.630351
27893,0.725121
27894,0.563676
27895,0.792572
27896,0.735951
27897,0.785186
27898,0.813085
27899,0.947693
27900,0.472415
27901,0.903286
27902,0.251754
27903,0.203449
27904,0.996548
27905,0.974943
27906,0.62909
27907,0.838376
27908,0.070684
27909,0.780808
27910,0.773493
27911,0.745284
27912,0.740615
27913,0.761949
27914,0.961802
27915,0.62189
27916,0.924135
27917,0.201985
27918,0.837314
27919,0.348071
27920,0.609393
27921,0.645926
27922,0.894132
27923,0.825725
27924,0.914035
27925,0.917074
27926,0.697541
27927,0.751696
27928,0.758971
27929,0.800726
27930,0.861895
27931,0.644718
27932,0.915488
27933,0.787199
27934,0.611997
27935,0.814162
27936,0.808237
27937,0.819365
27938,0.812607
27939,0.941104
27940,0.669279
27941,0.74228
27942,0.838011
27943,0.788458
27944,0.977904
27945,0.779524
27946,0.707884
27947,0.679063
27948,0.356339
27949,0.608895
27950,0.578907
27951,0.70542
27952,0.82956
27953,0.74158
27954,0.886361
27955,0.434947
27956,0.877463
27957,0.680481
27958,0.708496
27959,0.69313
27960,0.619523
27961,0.793938
27962,0.675739
27963,0.679658
27964,0.891363
27965,0.53157
27966,0.736529
27967,0.981214
27968,0.907246
27969,0.650602
27970,0.990107
27971,0.824163
27972,0.750017
27973,0.649851
27974,0.609577
27975,0.77174
27976,0.86688
27977,0.673788
27978,0.618458
27979,0.485529
27980,0.683597
27981,0.669197
27982,0.791594
27983,0.238245
27984,0.693603
27985,0.834973
27986,0.981452
27987,0.711717
27988,0.572218
27989,0.792241
27990,0.869448
27991,0.97616
27992,0.576827
27993,0.932221
27994,0.202913
27995,0.357804
27996,0.700335
27997,0.706136
27998,0.988349
27999,0.63248
28000,0.892184
28001,0.644948
28002,0.863445
28003,0.965659
28004,0.775153
28005,0.669581
28006,0.640315
28007,0.28323
28008,0.934152
28009,0.680633
28010,0.674971
28011,0.851731
28012,0.942021
28013,0.841761
28014,0.988097
28015,0.600555
28016,0.450284
28017,0.469434
28018,0.893407
28019,0.814964
28020,0.291682
28021,0.098084
28022,0.991794
28023,0.697389
28024,0.822047
28025,0.650723
28026,0.881931
28027,0.932076
28028,0.874042
28029,0.638059
28030,0.553394
28031,0.877339
28032,0.972484
28033,0.801695
28034,0.636325
28035,0.834904
28036,0.745382
28037,0.72832
28038,0.660307
28039,0.748689
28040,0.626531
28041,0.630579
28042,0.597356
28043,0.746258
28044,0.6549
28045,0.907862
28046,0.974629
28047,0.897063
28048,0.862413
28049,0.699274
28050,0.549462
28051,0.643655
28052,0.682158
28053,0.666643
28054,0.510793
28055,0.609229
28056,0.981145
28057,0.71385
28058,0.181076
28059,0.629977
28060,0.711328
28061,0.806103
28062,0.070581
28063,0.174969
28064,0.353191
28065,0.831071
28066,0.892027
28067,0.848166
28068,0.919621
28069,0.703142
28070,0.72477
28071,0.944076
28072,0.520103
28073,0.715663
28074,0.475524
28075,0.849863
28076,0.463841
28077,0.828756
28078,0.342859
28079,0.587089
28080,0.990377
28081,0.636556
28082,0.917193
28083,0.555208
28084,0.698346
28085,0.714678
28086,0.484699
28087,0.820829
28088,0.437651
28089,0.55749
28090,0.73596
28091,0.660712
28092,0.968896
28093,0.811538
28094,0.640406
28095,0.810508
28096,0.957462
28097,0.849061
28098,0.984435
28099,0.825056
28100,0.891508
28101,0.815784
28102,0.695626
28103,0.602966
28104,0.111294
28105,0.342517
28106,0.516387
28107,0.627428
28108,0.973976
28109,0.943284
28110,0.071756
28111,0.962494
28112,0.978901
28113,0.833773
28114,0.835978
28115,0.754545
28116,0.780054
28117,0.847544
28118,0.526414
28119,0.762733
28120,0.675396
28121,0.7633
28122,0.717453
28123,0.943938
28124,0.447148
28125,0.845227
28126,0.740266
28127,0.778468
28128,0.630418
28129,0.886813
28130,0.660047
28131,0.541109
28132,0.964573
28133,0.501548
28134,0.792727
28135,0.474762
28136,0.776014
28137,0.577371
28138,0.666665
28139,0.702965
28140,0.611441
28141,0.865499
28142,0.635439
28143,0.894303
28144,0.832627
28145,0.644731
28146,0.829391
28147,0.537378
28148,0.877804
28149,0.830903
28150,0.99656
28151,0.882313
28152,0.675839
28153,0.75999
28154,0.770637
28155,0.708903
28156,0.872352
28157,0.976872
28158,0.78214
28159,0.937345
28160,0.084728
28161,0.398302
28162,0.85657
28163,0.814839
28164,0.83883
28165,0.257566
28166,0.974234
28167,0.86821
28168,0.573137
28169,0.834611
28170,0.898896
28171,0.76751
28172,0.801973
28173,0.649073
28174,0.862285
28175,0.927634
28176,0.72357
28177,0.642911
28178,0.930999
28179,0.578981
28180,0.831376
28181,0.719083
28182,0.878305
28183,0.885089
28184,0.562716
28185,0.684192
28186,0.786103
28187,0.60479
28188,0.57817
28189,0.360932
28190,0.810493
28191,0.761473
28192,0.566476
28193,0.792751
28194,0.804612
28195,0.723287
28196,0.621718
28197,0.814889
28198,0.765712
28199,0.286256
28200,0.812575
28201,0.533084
28202,0.960153
28203,0.557252
28204,0.772048
28205,0.982114
28206,0.716051
28207,0.919622
28208,0.733929
28209,0.704289
28210,0.801281
28211,0.683708
28212,0.755203
28213,0.68062
28214,0.701033
28215,0.743232
28216,0.473525
28217,0.670125
28218,0.761678
28219,0.730137
28220,0.921507
28221,0.562453
28222,0.316531
28223,0.717332
28224,0.901452
28225,0.589363
28226,0.394247
28227,0.939555
28228,0.425409
28229,0.730537
28230,0.062369
28231,0.513418
28232,0.656915
28233,0.825422
28234,0.902979
28235,0.82134
28236,0.946818
28237,0.719675
28238,0.68175
28239,0.401902
28240,0.598623
28241,0.98901
28242,0.768977
28243,0.788621
28244,0.638512
28245,0.374905
28246,0.732082
28247,0.857344
28248,0.889533
28249,0.906262
28250,0.644927
28251,0.348648
28252,0.726355
28253,0.874712
28254,0.450936
28255,0.901759
28256,0.508211
28257,0.706571
28258,0.645343
28259,0.72244
28260,0.378393
28261,0.752615
28262,0.467007
28263,0.794847
28264,0.575105
28265,0.823106
28266,0.915701
28267,0.504082
28268,0.842193
28269,0.932189
28270,0.560519
28271,0.874191
28272,0.460471
28273,0.850478
28274,0.70651
28275,0.874734
28276,0.899263
28277,0.791866
28278,0.946337
28279,0.655473
28280,0.822032
28281,0.888689
28282,0.70964
28283,0.90374
28284,0.908105
28285,0.935371
28286,0.817717
28287,0.797528
28288,0.765971
28289,0.709429
28290,0.957045
28291,0.929885
28292,0.993831
28293,0.889661
28294,0.997921
28295,0.547846
28296,0.304767
28297,0.709379
28298,0.861231
28299,0.841102
28300,0.95062
28301,0.599194
28302,0.467841
28303,0.790404
28304,0.15126
28305,0.072934
28306,0.718776
28307,0.68107
28308,0.873956
28309,0.708723
28310,0.819544
28311,0.865355
28312,0.589034
28313,0.489531
28314,0.687188
28315,0.569826
28316,0.817648
28317,0.689733
28318,0.716034
28319,0.811346
28320,0.623349
28321,0.768379
28322,0.682968
28323,0.702013
28324,0.898537
28325,0.85844
28326,0.085132
28327,0.121429
28328,0.091808
28329,0.478746
28330,0.31873
28331,0.827425
28332,0.498858
28333,0.731393
28334,0.67732
28335,0.640925
28336,0.831647
28337,0.680939
28338,0.457741
28339,0.916449
28340,0.565225
28341,0.572949
28342,0.646094
28343,0.346516
28344,0.628217
28345,0.44679
28346,0.928787
28347,0.427443
28348,0.458355
28349,0.76267
28350,0.390226
28351,0.550285
28352,0.431668
28353,0.590593
28354,0.731282
28355,0.275113
28356,0.731508
28357,0.803616
28358,0.96501
28359,0.452345
28360,0.662846
28361,0.733712
28362,0.641349
28363,0.65612
28364,0.698265
28365,0.723023
28366,0.791043
28367,0.964139
28368,0.577911
28369,0.489817
28370,0.810238
28371,0.826688
28372,0.95312
28373,0.840639
28374,0.620026
28375,0.827615
28376,0.681365
28377,0.792759
28378,0.910474
28379,0.487782
28380,0.526939
28381,0.699797
28382,0.553606
28383,0.854427
28384,0.675342
28385,0.981227
28386,0.842016
28387,0.581926
28388,0.815242
28389,0.637523
28390,0.693244
28391,0.732648
28392,0.976126
28393,0.870935
28394,0.816614
28395,0.574915
28396,0.754877
28397,0.667388
28398,0.867254
28399,0.888277
28400,0.700125
28401,0.955287
28402,0.420866
28403,0.773327
28404,0.70143
28405,0.9589
28406,0.98235
28407,0.821826
28408,0.741712
28409,0.91432
28410,0.322434
28411,0.939331
28412,0.878919
28413,0.50068
28414,0.532192
28415,0.712361
28416,0.683577
28417,0.452127
28418,0.710809
28419,0.425253
28420,0.598586
28421,0.955557
28422,0.704926
28423,0.63491
28424,0.82804
28425,0.711717
28426,0.755487
28427,0.730157
28428,0.965097
28429,0.756037
28430,0.887938
28431,0.963712
28432,0.775859
28433,0.937258
28434,0.914104
28435,0.775373
28436,0.817637
28437,0.956226
28438,0.794458
28439,0.547716
28440,0.768569
28441,0.944935
28442,0.754362
28443,0.888307
28444,0.955975
28445,0.796164
28446,0.883807
28447,0.635463
28448,0.903684
28449,0.878227
28450,0.730603
28451,0.814077
28452,0.573197
28453,0.907766
28454,0.969497
28455,0.888313
28456,0.656368
28457,0.803753
28458,0.593588
28459,0.808987
28460,0.848518
28461,0.978214
28462,0.762214
28463,0.358628
28464,0.830903
28465,0.754756
28466,0.499625
28467,0.441654
28468,0.81128
28469,0.572545
28470,0.920007
28471,0.660854
28472,0.913977
28473,0.654762
28474,0.958574
28475,0.29092
28476,0.688581
28477,0.25561
28478,0.405781
28479,0.715168
28480,0.797466
28481,0.40203
28482,0.585427
28483,0.637589
28484,0.864403
28485,0.837401
28486,0.979927
28487,0.491789
28488,0.770196
28489,0.43771
28490,0.894059
28491,0.930102
28492,0.771053
28493,0.93868
28494,0.946571
28495,0.572422
28496,0.704701
28497,0.801443
28498,0.728466
28499,0.651133
28500,0.867559
28501,0.923099
28502,0.814799
28503,0.943831
28504,0.399137
28505,0.932064
28506,0.876749
28507,0.600331
28508,0.691867
28509,0.623573
28510,0.492986
28511,0.980011
28512,0.518579
28513,0.431258
28514,0.629809
28515,0.505561
28516,0.427932
28517,0.645908
28518,0.756072
28519,0.371458
28520,0.393119
28521,0.064163
28522,0.695988
28523,0.757298
28524,0.826329
28525,0.824288
28526,0.743309
28527,0.981858
28528,0.712056
28529,0.542212
28530,0.225408
28531,0.715014
28532,0.901526
28533,0.912199
28534,0.752387
28535,0.637232
28536,0.706662
28537,0.700588
28538,0.952113
28539,0.761484
28540,0.944838
28541,0.927572
28542,0.845624
28543,0.50973
28544,0.738175
28545,0.933818
28546,0.731565
28547,0.607036
28548,0.491073
28549,0.899428
28550,0.791129
28551,0.649473
28552,0.320141
28553,0.560893
28554,0.797228
28555,0.903493
28556,0.628656
28557,0.933298
28558,0.710621
28559,0.628901
28560,0.692277
28561,0.992541
28562,0.953208
28563,0.428599
28564,0.779903
28565,0.713763
28566,0.906725
28567,0.862039
28568,0.737238
28569,0.795621
28570,0.76845
28571,0.977321
28572,0.725341
28573,0.847493
28574,0.671026
28575,0.880079
28576,0.924763
28577,0.824711
28578,0.770003
28579,0.954827
28580,0.741597
28581,0.692805
28582,0.658789
28583,0.468579
28584,0.127559
28585,0.625881
28586,0.925557
28587,0.681429
28588,0.856683
28589,0.778734
28590,0.648429
28591,0.619061
28592,0.274826
28593,0.634618
28594,0.58441
28595,0.698584
28596,0.918596
28597,0.964341
28598,0.871556
28599,0.874582
28600,0.828817
28601,0.608126
28602,0.638591
28603,0.124185
28604,0.933611
28605,0.894356
28606,0.732824
28607,0.823209
28608,0.825777
28609,0.906495
28610,0.587003
28611,0.839586
28612,0.889484
28613,0.571338
28614,0.899053
28615,0.676265
28616,0.878993
28617,0.93674
28618,0.551575
28619,0.752198
28620,0.25322
28621,0.632439
28622,0.699475
28623,0.443548
28624,0.722508
28625,0.836313
28626,0.25148
28627,0.908891
28628,0.6961
28629,0.953763
28630,0.343716
28631,0.982785
28632,0.610415
28633,0.833014
28634,0.896498
28635,0.80806
28636,0.937475
28637,0.442547
28638,0.621732
28639,0.713612
28640,0.89591
28641,0.722957
28642,0.512745
28643,0.792086
28644,0.039567
28645,0.946613
28646,0.570697
28647,0.74153
28648,0.853595
28649,0.031982
28650,0.834872
28651,0.671637
28652,0.699138
28653,0.696808
28654,0.560802
28655,0.861181
28656,0.714318
28657,0.755746
28658,0.504567
28659,0.942195
28660,0.570261
28661,0.3408
28662,0.648112
28663,0.830613
28664,0.604606
28665,0.779804
28666,0.718073
28667,0.723098
28668,0.680866
28669,0.796694
28670,0.5228
28671,0.845452
28672,0.85041
28673,0.638447
28674,0.985906
28675,0.504486
28676,0.95823
28677,0.918582
28678,0.867816
28679,0.913706
28680,0.529594
28681,0.833888
28682,0.783363
28683,0.72327
28684,0.746806
28685,0.832826
28686,0.875268
28687,0.984728
28688,0.664325
28689,0.88594
28690,0.882023
28691,0.757797
28692,0.877998
28693,0.439855
28694,0.789807
28695,0.588849
28696,0.692741
28697,0.731112
28698,0.081594
28699,0.609055
28700,0.537503
28701,0.782425
28702,0.851177
28703,0.589658
28704,0.122513
28705,0.483338
28706,0.972422
28707,0.907833
28708,0.826084
28709,0.733342
28710,0.396525
28711,0.667797
28712,0.928379
28713,0.894407
28714,0.340901
28715,0.929521
28716,0.364282
28717,0.898579
28718,0.866919
28719,0.689859
28720,0.588703
28721,0.615
28722,0.396435
28723,0.764135
28724,0.865812
28725,0.917135
28726,0.168848
28727,0.482432
28728,0.77743
28729,0.812554
28730,0.961168
28731,0.581546
28732,0.863472
28733,0.804011
28734,0.529104
28735,0.641353
28736,0.971122
28737,0.883312
28738,0.660793
28739,0.825447
28740,0.622174
28741,0.912359
28742,0.91252
28743,0.317016
28744,0.75704
28745,0.928645
28746,0.878449
28747,0.769397
28748,0.402692
28749,0.904261
28750,0.303551
28751,0.721123
28752,0.96197
28753,0.671258
28754,0.751031
28755,0.834207
28756,0.788931
28757,0.924091
28758,0.881288
28759,0.768339
28760,0.885464
28761,0.534612
28762,0.413749
28763,0.699273
28764,0.777254
28765,0.38794
28766,0.49106
28767,0.84289
28768,0.656374
28769,0.570571
28770,0.485998
28771,0.855737
28772,0.624492
28773,0.339884
28774,0.995681
28775,0.537689
28776,0.799873
28777,0.552517
28778,0.812028
28779,0.647948
28780,0.799576
28781,0.79488
28782,0.821426
28783,0.790728
28784,0.501841
28785,0.674092
28786,0.843687
28787,0.815234
28788,0.477631
28789,0.830555
28790,0.807473
28791,0.743339
28792,0.699639
28793,0.672372
28794,0.491738
28795,0.750394
28796,0.542692
28797,0.810673
28798,0.464804
28799,0.874524
28800,0.486465
28801,0.898875
28802,0.155854
28803,0.982082
28804,0.841097
28805,0.880642
28806,0.86149
28807,0.665835
28808,0.97577
28809,0.869986
28810,0.86786
28811,0.895844
28812,0.477841
28813,0.421385
28814,0.776822
28815,0.555637
28816,0.908072
28817,0.458386
28818,0.703988
28819,0.868483
28820,0.054866
28821,0.314922
28822,0.765155
28823,0.790093
28824,0.664528
28825,0.822855
28826,0.718461
28827,0.966262
28828,0.737787
28829,0.740723
28830,0.624999
28831,0.98187
28832,0.565436
28833,0.919604
28834,0.721976
28835,0.846023
28836,0.773329
28837,0.743988
28838,0.248155
28839,0.832111
28840,0.859199
28841,0.828297
28842,0.602586
28843,0.743056
28844,0.611593
28845,0.09529
28846,0.659547
28847,0.962128
28848,0.473458
28849,0.779761
28850,0.982656
28851,0.660735
28852,0.665751
28853,0.7246
28854,0.661835
28855,0.914021
28856,0.577996
28857,0.554428
28858,0.783806
28859,0.190453
28860,0.449375
28861,0.823987
28862,0.506194
28863,0.762538
28864,0.956647
28865,0.767295
28866,0.555915
28867,0.696458
28868,0.742554
28869,0.744019
28870,0.993053
28871,0.966854
28872,0.644413
28873,0.627662
28874,0.657918
28875,0.881853
28876,0.943666
28877,0.656583
28878,0.825312
28879,0.3976
28880,0.938065
28881,0.515802
28882,0.663909
28883,0.445297
28884,0.710251
28885,0.906133
28886,0.976087
28887,0.565705
28888,0.09528
28889,0.798328
28890,0.55991
28891,0.670276
28892,0.914478
28893,0.562083
28894,0.643938
28895,0.549571
28896,0.8079
28897,0.832985
28898,0.920789
28899,0.400567
28900,0.864954
28901,0.721768
28902,0.904788
28903,0.919326
28904,0.828254
28905,0.615692
28906,0.692623
28907,0.549239
28908,0.61137
28909,0.83667
28910,0.966947
28911,0.822727
28912,0.467216
28913,0.757424
28914,0.627127
28915,0.898981
28916,0.806701
28917,0.817654
28918,0.878274
28919,0.851265
28920,0.758113
28921,0.670879
28922,0.461279
28923,0.499115
28924,0.728564
28925,0.755021
28926,0.735625
28927,0.893487
28928,0.427436
28929,0.932374
28930,0.465125
28931,0.869935
28932,0.547173
28933,0.772212
28934,0.824144
28935,0.835558
28936,0.900502
28937,0.503987
28938,0.806582
28939,0.843758
28940,0.854868
28941,0.501539
28942,0.830936
28943,0.364546
28944,0.789352
28945,0.723334
28946,0.615963
28947,0.200798
28948,0.960609
28949,0.684457
28950,0.987615
28951,0.692894
28952,0.799771
28953,0.824926
28954,0.677737
28955,0.604619
28956,0.994451
28957,0.582069
28958,0.988127
28959,0.733584
28960,0.59881
28961,0.654276
28962,0.688023
28963,0.512201
28964,0.580357
28965,0.597315
28966,0.551544
28967,0.459026
28968,0.793
28969,0.804227
28970,0.802349
28971,0.652275
28972,0.976141
28973,0.8841
28974,0.616229
28975,0.553364
28976,0.648552
28977,0.937678
28978,0.358964
28979,0.872287
28980,0.901269
28981,0.950176
28982,0.758398
28983,0.964029
28984,0.658754
28985,0.907059
28986,0.79704
28987,0.782686
28988,0.704829
28989,0.450984
28990,0.727071
28991,0.638618
28992,0.532352
28993,0.469503
28994,0.530404
28995,0.062603
28996,0.997544
28997,0.398955
28998,0.880951
28999,0.813587
29000,0.824083
29001,0.586986
29002,0.980713
29003,0.961308
29004,0.90674
29005,0.23646
29006,0.731719
29007,0.634765
29008,0.820884
29009,0.933107
29010,0.699495
29011,0.832465
29012,0.715972
29013,0.638755
29014,0.934172
29015,0.802096
29016,0.699702
29017,0.407313
29018,0.678745
29019,0.801169
29020,0.409174
29021,0.926594
29022,0.874197
29023,0.992447
29024,0.452643
29025,0.93244
29026,0.91023
29027,0.506003
29028,0.853202
29029,0.848296
29030,0.753967
29031,0.824563
29032,0.748006
29033,0.70403
29034,0.647711
29035,0.955352
29036,0.745173
29037,0.930023
29038,0.654369
29039,0.804783
29040,0.11132
29041,0.887147
29042,0.510424
29043,0.953123
29044,0.852928
29045,0.470463
29046,0.641149
29047,0.689928
29048,0.540723
29049,0.973317
29050,0.410026
29051,0.586895
29052,0.641775
29053,0.904467
29054,0.610913
29055,0.763305
29056,0.584679
29057,0.785338
29058,0.423026
29059,0.823817
29060,0.348652
29061,0.758285
29062,0.972704
29063,0.392462
29064,0.673234
29065,0.75132
29066,0.886996
29067,0.811467
29068,0.619531
29069,0.944051
29070,0.563363
29071,0.802889
29072,0.700391
29073,0.817806
29074,0.756412
29075,0.867668
29076,0.920565
29077,0.827769
29078,0.742406
29079,0.832984
29080,0.821765
29081,0.717751
29082,0.718408
29083,0.808673
29084,0.655286
29085,0.659172
29086,0.931045
29087,0.312047
29088,0.701092
29089,0.515595
29090,0.933226
29091,0.732564
29092,0.648025
29093,0.606765
29094,0.94627
29095,0.987953
29096,0.457892
29097,0.610905
29098,0.777212
29099,0.920274
29100,0.775401
29101,0.933554
29102,0.775864
29103,0.91185
29104,0.863845
29105,0.785087
29106,0.766791
29107,0.562638
29108,0.600932
29109,0.767253
29110,0.539956
29111,0.845598
29112,0.544149
29113,0.711174
29114,0.859763
29115,0.88475
29116,0.802256
29117,0.71251
29118,0.703001
29119,0.407385
29120,0.957736
29121,0.753363
29122,0.694935
29123,0.828629
29124,0.956509
29125,0.391694
29126,0.960912
29127,0.644602
29128,0.932683
29129,0.527153
29130,0.911955
29131,0.886334
29132,0.539788
29133,0.938174
29134,0.757471
29135,0.640443
29136,0.418918
29137,0.506179
29138,0.904693
29139,0.767612
29140,0.805449
29141,0.816281
29142,0.877597
29143,0.912205
29144,0.650908
29145,0.7673
29146,0.775962
29147,0.967069
29148,0.560929
29149,0.795437
29150,0.882506
29151,0.890694
29152,0.953916
29153,0.866564
29154,0.742576
29155,0.333158
29156,0.701666
29157,0.774952
29158,0.987679
29159,0.674009
29160,0.941589
29161,0.877918
29162,0.962414
29163,0.732323
29164,0.265465
29165,0.651665
29166,0.914623
29167,0.713051
29168,0.725315
29169,0.721158
29170,0.733988
29171,0.955189
29172,0.698606
29173,0.665655
29174,0.302658
29175,0.632763
29176,0.828306
29177,0.629232
29178,0.863461
29179,0.853549
29180,0.731041
29181,0.846365
29182,0.915232
29183,0.933144
29184,0.383425
29185,0.94823
29186,0.530047
29187,0.790168
29188,0.2878
29189,0.674806
29190,0.831799
29191,0.827581
29192,0.607347
29193,0.93388
29194,0.887191
29195,0.882679
29196,0.53941
29197,0.968484
29198,0.56494
29199,0.134272
29200,0.791144
29201,0.90225
29202,0.542583
29203,0.189546
29204,0.772267
29205,0.651053
29206,0.68728
29207,0.631815
29208,0.683394
29209,0.826448
29210,0.658213
29211,0.78689
29212,0.905378
29213,0.642832
29214,0.620661
29215,0.750369
29216,0.79039
29217,0.851538
29218,0.720686
29219,0.705908
29220,0.809348
29221,0.536534
29222,0.734777
29223,0.888242
29224,0.898015
29225,0.677973
29226,0.525783
29227,0.738795
29228,0.930522
29229,0.854733
29230,0.951321
29231,0.675239
29232,0.616804
29233,0.954726
29234,0.643131
29235,0.85305
29236,0.704386
29237,0.508359
29238,0.771197
29239,0.977517
29240,0.889869
29241,0.828125
29242,0.514661
29243,0.71077
29244,0.499098
29245,0.887616
29246,0.463517
29247,0.813726
29248,0.897388
29249,0.675614
29250,0.757612
29251,0.825991
29252,0.964614
29253,0.778589
29254,0.819099
29255,0.63922
29256,0.717149
29257,0.604416
29258,0.974098
29259,0.74716
29260,0.493911
29261,0.754362
29262,0.686797
29263,0.812127
29264,0.543765
29265,0.406718
29266,0.615215
29267,0.96044
29268,0.798023
29269,0.253288
29270,0.891745
29271,0.694001
29272,0.763292
29273,0.875234
29274,0.65756
29275,0.538201
29276,0.818383
29277,0.915511
29278,0.560721
29279,0.489593
29280,0.819315
29281,0.938632
29282,0.936841
29283,0.66465
29284,0.721977
29285,0.752851
29286,0.937562
29287,0.971715
29288,0.683345
29289,0.914889
29290,0.609346
29291,0.681603
29292,0.589537
29293,0.960746
29294,0.353272
29295,0.941572
29296,0.851464
29297,0.564016
29298,0.891982
29299,0.471109
29300,0.696555
29301,0.804996
29302,0.885043
29303,0.742543
29304,0.853806
29305,0.736975
29306,0.752855
29307,0.54246
29308,0.613832
29309,0.609846
29310,0.945768
29311,0.543608
29312,0.883812
29313,0.681978
29314,0.445775
29315,0.668698
29316,0.616024
29317,0.595506
29318,0.858836
29319,0.98011
29320,0.730905
29321,0.553069
29322,0.964171
29323,0.476952
29324,0.712142
29325,0.59579
29326,0.680135
29327,0.240682
29328,0.656026
29329,0.543259
29330,0.720374
29331,0.680685
29332,0.725403
29333,0.70484
29334,0.447465
29335,0.612654
29336,0.876474
29337,0.253127
29338,0.718884
29339,0.939098
29340,0.742618
29341,0.904721
29342,0.71881
29343,0.280238
29344,0.903905
29345,0.814838
29346,0.884831
29347,0.722049
29348,0.959205
29349,0.987325
29350,0.869709
29351,0.934456
29352,0.813403
29353,0.688078
29354,0.693472
29355,0.84774
29356,0.593672
29357,0.663339
29358,0.180825
29359,0.569915
29360,0.912284
29361,0.481487
29362,0.766841
29363,0.838697
29364,0.907322
29365,0.489207
29366,0.529201
29367,0.996684
29368,0.622137
29369,0.857613
29370,0.838781
29371,0.614445
29372,0.883725
29373,0.905204
29374,0.789276
29375,0.71064
29376,0.575261
29377,0.683828
29378,0.847488
29379,0.728078
29380,0.982439
29381,0.884272
29382,0.954189
29383,0.846279
29384,0.913047
29385,0.79775
29386,0.558156
29387,0.287355
29388,0.786924
29389,0.890536
29390,0.779543
29391,0.648039
29392,0.477128
29393,0.937758
29394,0.972893
29395,0.99175
29396,0.838187
29397,0.659591
29398,0.620279
29399,0.796254
29400,0.047881
29401,0.76174
29402,0.913544
29403,0.728399
29404,0.517803
29405,0.546587
29406,0.466236
29407,0.852364
29408,0.834895
29409,0.399438
29410,0.962202
29411,0.623941
29412,0.60146
29413,0.52625
29414,0.826473
29415,0.782205
29416,0.964873
29417,0.879527
29418,0.957233
29419,0.734129
29420,0.650911
29421,0.567603
29422,0.901958
29423,0.877741
29424,0.515035
29425,0.812205
29426,0.716153
29427,0.48859
29428,0.891678
29429,0.572005
29430,0.983756
29431,0.79225
29432,0.053556
29433,0.652869
29434,0.342857
29435,0.822624
29436,0.724078
29437,0.165303
29438,0.409235
29439,0.873873
29440,0.898725
29441,0.755071
29442,0.530029
29443,0.532003
29444,0.63284
29445,0.581381
29446,0.591495
29447,0.777901
29448,0.643484
29449,0.971168
29450,0.742929
29451,0.900189
29452,0.514308
29453,0.534433
29454,0.809058
29455,0.764836
29456,0.669454
29457,0.690569
29458,0.777744
29459,0.818975
29460,0.660457
29461,0.69798
29462,0.933353
29463,0.299601
29464,0.67036
29465,0.464797
29466,0.899254
29467,0.800524
29468,0.460449
29469,0.432864
29470,0.789155
29471,0.867119
29472,0.82791
29473,0.536255
29474,0.847215
29475,0.645138
29476,0.765498
29477,0.973098
29478,0.079479
29479,0.799355
29480,0.625634
29481,0.5145
29482,0.709163
29483,0.692404
29484,0.697123
29485,0.995086
29486,0.680191
29487,0.852209
29488,0.925864
29489,0.637186
29490,0.844737
29491,0.946534
29492,0.838944
29493,0.837471
29494,0.822756
29495,0.886631
29496,0.772733
29497,0.884352
29498,0.510818
29499,0.903031
29500,0.330009
29501,0.911932
29502,0.857425
29503,0.68411
29504,0.792066
29505,0.668865
29506,0.770107
29507,0.862165
29508,0.782374
29509,0.907243
29510,0.766057
29511,0.775893
29512,0.75351
29513,0.904577
29514,0.834899
29515,0.712458
29516,0.410963
29517,0.846683
29518,0.448537
29519,0.539625
29520,0.966457
29521,0.525795
29522,0.676912
29523,0.544455
29524,0.747877
29525,0.593836
29526,0.735444
29527,0.596529
29528,0.72182
29529,0.209022
29530,0.910736
29531,0.877142
29532,0.794718
29533,0.756735
29534,0.962174
29535,0.778821
29536,0.945817
29537,0.905093
29538,0.710394
29539,0.696674
29540,0.92507
29541,0.635354
29542,0.941527
29543,0.891109
29544,0.95727
29545,0.838452
29546,0.592181
29547,0.793328
29548,0.652773
29549,0.812839
29550,0.424808
29551,0.674149
29552,0.833144
29553,0.582687
29554,0.74105
29555,0.540987
29556,0.918632
29557,0.798936
29558,0.690302
29559,0.658172
29560,0.394447
29561,0.935058
29562,0.675814
29563,0.751535
29564,0.479145
29565,0.956171
29566,0.687089
29567,0.776747
29568,0.8576
29569,0.778531
29570,0.423083
29571,0.627826
29572,0.907703
29573,0.712622
29574,0.89651
29575,0.739942
29576,0.87825
29577,0.716556
29578,0.374915
29579,0.645128
29580,0.489558
29581,0.836519
29582,0.114961
29583,0.916237
29584,0.647487
29585,0.834311
29586,0.535546
29587,0.443028
29588,0.673251
29589,0.680571
29590,0.782006
29591,0.775922
29592,0.570688
29593,0.670122
29594,0.405996
29595,0.750078
29596,0.570894
29597,0.604191
29598,0.895226
29599,0.490611
29600,0.863664
29601,0.669078
29602,0.674548
29603,0.784362
29604,0.602433
29605,0.760876
29606,0.942826
29607,0.791643
29608,0.781827
29609,0.596719
29610,0.834732
29611,0.716925
29612,0.774064
29613,0.948715
29614,0.589615
29615,0.548537
29616,0.891775
29617,0.915146
29618,0.790184
29619,0.673883
29620,0.73284
29621,0.981305
29622,0.979835
29623,0.956368
29624,0.793954
29625,0.808482
29626,0.584302
29627,0.787765
29628,0.773124
29629,0.519667
29630,0.928504
29631,0.816968
29632,0.979468
29633,0.674065
29634,0.296812
29635,0.741586
29636,0.824827
29637,0.429708
29638,0.522086
29639,0.828481
29640,0.6563
29641,0.828873
29642,0.906213
29643,0.988036
29644,0.563484
29645,0.806009
29646,0.960461
29647,0.835504
29648,0.739069
29649,0.400485
29650,0.505249
29651,0.4462
29652,0.651418
29653,0.972792
29654,0.679764
29655,0.97563
29656,0.276974
29657,0.74315
29658,0.218577
29659,0.93538
29660,0.367858
29661,0.715802
29662,0.57852
29663,0.551096
29664,0.878085
29665,0.989347
29666,0.779312
29667,0.44436
29668,0.98406
29669,0.97676
29670,0.722552
29671,0.789512
29672,0.48795
29673,0.772482
29674,0.96559
29675,0.809627
29676,0.6382
29677,0.967423
29678,0.633671
29679,0.852277
29680,0.805825
29681,0.759237
29682,0.831983
29683,0.888584
29684,0.563762
29685,0.69641
29686,0.386912
29687,0.914997
29688,0.558888
29689,0.917271
29690,0.231227
29691,0.635363
29692,0.834124
29693,0.876726
29694,0.731578
29695,0.507604
29696,0.965354
29697,0.9488
29698,0.737773
29699,0.976756
29700,0.924265
29701,0.797885
29702,0.70165
29703,0.65204
29704,0.814217
29705,0.927381
29706,0.989268
29707,0.855489
29708,0.22141
29709,0.680513
29710,0.720495
29711,0.817345
29712,0.765028
29713,0.600799
29714,0.529365
29715,0.70309
29716,0.816838
29717,0.695175
29718,0.920246
29719,0.712558
29720,0.778553
29721,0.738628
29722,0.894992
29723,0.384093
29724,0.874488
29725,0.733106
29726,0.881636
29727,0.95574
29728,0.223906
29729,0.634021
29730,0.836065
29731,0.882666
29732,0.196594
29733,0.767703
29734,0.806822
29735,0.16856
29736,0.693938
29737,0.454095
29738,0.693601
29739,0.411965
29740,0.366238
29741,0.803978
29742,0.915136
29743,0.969463
29744,0.644046
29745,0.65078
29746,0.64013
29747,0.910641
29748,0.50372
29749,0.734043
29750,0.869011
29751,0.943416
29752,0.863612
29753,0.970027
29754,0.712277
29755,0.855606
29756,0.513048
29757,0.442642
29758,0.658239
29759,0.771171
29760,0.541826
29761,0.755937
29762,0.70933
29763,0.53452
29764,0.733826
29765,0.808288
29766,0.537533
29767,0.982747
29768,0.654084
29769,0.86663
29770,0.591275
29771,0.983269
29772,0.904815
29773,0.409043
29774,0.839881
29775,0.381029
29776,0.684938
29777,0.958474
29778,0.748991
29779,0.60669
29780,0.721843
29781,0.320652
29782,0.624494
29783,0.644888
29784,0.832385
29785,0.793139
29786,0.955646
29787,0.571542
29788,0.536698
29789,0.44533
29790,0.385937
29791,0.540175
29792,0.558891
29793,0.59876
29794,0.711566
29795,0.781958
29796,0.901067
29797,0.750163
29798,0.475543
29799,0.766362
29800,0.668698
29801,0.888713
29802,0.810716
29803,0.687358
29804,0.861169
29805,0.851857
29806,0.885186
29807,0.968681
29808,0.710421
29809,0.987016
29810,0.734143
29811,0.669733
29812,0.983516
29813,0.976117
29814,0.977642
29815,0.632214
29816,0.542809
29817,0.521645
29818,0.797024
29819,0.703044
29820,0.604867
29821,0.546813
29822,0.65629
29823,0.792486
29824,0.867648
29825,0.631612
29826,0.414292
29827,0.994536
29828,0.891171
29829,0.892701
29830,0.938269
29831,0.806438
29832,0.236877
29833,0.447023
29834,0.952477
29835,0.783682
29836,0.801026
29837,0.615171
29838,0.931903
29839,0.89991
29840,0.800058
29841,0.643104
29842,0.881021
29843,0.354313
29844,0.796652
29845,0.621302
29846,0.698573
29847,0.602477
29848,0.750868
29849,0.487056
29850,0.663184
29851,0.728953
29852,0.899118
29853,0.581205
29854,0.650987
29855,0.718126
29856,0.720243
29857,0.816044
29858,0.714059
29859,0.893736
29860,0.687215
29861,0.732886
29862,0.963756
29863,0.76275
29864,0.731054
29865,0.98339
29866,0.717909
29867,0.810582
29868,0.770003
29869,0.442143
29870,0.968775
29871,0.830631
29872,0.61487
29873,0.972247
29874,0.870017
29875,0.857841
29876,0.730865
29877,0.842281
29878,0.897478
29879,0.459602
29880,0.538054
29881,0.679415
29882,0.635769
29883,0.886451
29884,0.973373
29885,0.762132
29886,0.750278
29887,0.759329
29888,0.505348
29889,0.79112
29890,0.809159
29891,0.629277
29892,0.673041
29893,0.799444
29894,0.89524
29895,0.751666
29896,0.543714
29897,0.837558
29898,0.792323
29899,0.973506
29900,0.678506
29901,0.55442
29902,0.643874
29903,0.718772
29904,0.861226
29905,0.930182
29906,0.095947
29907,0.864666
29908,0.971937
29909,0.795591
29910,0.879002
29911,0.516367
29912,0.692823
29913,0.711919
29914,0.302587
29915,0.705701
29916,0.965317
29917,0.570276
29918,0.614523
29919,0.578459
29920,0.809238
29921,0.691345
29922,0.407728
29923,0.48126
29924,0.693617
29925,0.936896
29926,0.8547
29927,0.697841
29928,0.759846
29929,0.410022
29930,0.847685
29931,0.427374
29932,0.909897
29933,0.224273
29934,0.603071
29935,0.533908
29936,0.905506
29937,0.526967
29938,0.59962
29939,0.910335
29940,0.75058
29941,0.473809
29942,0.58099
29943,0.488568
29944,0.802582
29945,0.695694
29946,0.120683
29947,0.57814
29948,0.776567
29949,0.773671
29950,0.477334
29951,0.749283
29952,0.75816
29953,0.920782
29954,0.86235
29955,0.963994
29956,0.903161
29957,0.321421
29958,0.78339
29959,0.499279
29960,0.784884
29961,0.641682
29962,0.756843
29963,0.644146
29964,0.799208
29965,0.474907
29966,0.812907
29967,0.869959
29968,0.69206
29969,0.636281
29970,0.734321
29971,0.732531
29972,0.902139
29973,0.935465
29974,0.872675
29975,0.682435
29976,0.681823
29977,0.675278
29978,0.53727
29979,0.570198
29980,0.74471
29981,0.568919
29982,0.936907
29983,0.788083
29984,0.716032
29985,0.543383
29986,0.463261
29987,0.659025
29988,0.767436
29989,0.39967
29990,0.652692
29991,0.781729
29992,0.656988
29993,0.806184
29994,0.531075
29995,0.58498
29996,0.785509
29997,0.964572
29998,0.576432
29999,0.740731
30000,0.563584
30001,0.346616
30002,0.751613
30003,0.963152
30004,0.649584
30005,0.891406
30006,0.617291
30007,0.955209
30008,0.956435
30009,0.954403
30010,0.779252
30011,0.703078
30012,0.586424
30013,0.786246
30014,0.747343
30015,0.635219
30016,0.911519
30017,0.483439
30018,0.728663
30019,0.967652
30020,0.508397
30021,0.547613
30022,0.426356
30023,0.688649
30024,0.638805
30025,0.971326
30026,0.910079
30027,0.81207
30028,0.684855
30029,0.823243
30030,0.763383
30031,0.731682
30032,0.921766
30033,0.073497
30034,0.878418
30035,0.830271
30036,0.996125
30037,0.56962
30038,0.60723
30039,0.884638
30040,0.846577
30041,0.995021
30042,0.675946
30043,0.59082
30044,0.854523
30045,0.717052
30046,0.673271
30047,0.58599
30048,0.626066
30049,0.985193
30050,0.725382
30051,0.741767
30052,0.743638
30053,0.658357
30054,0.907445
30055,0.975395
30056,0.646592
30057,0.693384
30058,0.80285
30059,0.958129
30060,0.680992
30061,0.568483
30062,0.711627
30063,0.599063
30064,0.500036
30065,0.733118
30066,0.938881
30067,0.705377
30068,0.524769
30069,0.416805
30070,0.894556
30071,0.843267
30072,0.854854
30073,0.93767
30074,0.637653
30075,0.802802
30076,0.768606
30077,0.846547
30078,0.947339
30079,0.631202
30080,0.944303
30081,0.986116
30082,0.892492
30083,0.578068
30084,0.715723
30085,0.585998
30086,0.795999
30087,0.701564
30088,0.504307
30089,0.333213
30090,0.943293
30091,0.852439
30092,0.451516
30093,0.62661
30094,0.502686
30095,0.500773
30096,0.767444
30097,0.50085
30098,0.792741
30099,0.421772
30100,0.573463
30101,0.950315
30102,0.495977
30103,0.522985
30104,0.803648
30105,0.45044
30106,0.622777
30107,0.823409
30108,0.34117
30109,0.697295
30110,0.833773
30111,0.54248
30112,0.610809
30113,0.854816
30114,0.487168
30115,0.866936
30116,0.236608
30117,0.892733
30118,0.831422
30119,0.946891
30120,0.666551
30121,0.714176
30122,0.990982
30123,0.567911
30124,0.897137
30125,0.29821
30126,0.605751
30127,0.566526
30128,0.744159
30129,0.692257
30130,0.504192
30131,0.497514
30132,0.929196
30133,0.598853
30134,0.822069
30135,0.741379
30136,0.734347
30137,0.813199
30138,0.830066
30139,0.678498
30140,0.885215
30141,0.487089
30142,0.689028
30143,0.868274
30144,0.913654
30145,0.436994
30146,0.760721
30147,0.603807
30148,0.912775
30149,0.929744
30150,0.7517
30151,0.72956
30152,0.95253
30153,0.578703
30154,0.502322
30155,0.429353
30156,0.89682
30157,0.732488
30158,0.677782
30159,0.895804
30160,0.895328
30161,0.800733
30162,0.751575
30163,0.446686
30164,0.543437
30165,0.734013
30166,0.666262
30167,0.621614
30168,0.083859
30169,0.491947
30170,0.878844
30171,0.882069
30172,0.834171
30173,0.672806
30174,0.711288
30175,0.988638
30176,0.7738
30177,0.826821
30178,0.789428
30179,0.1664
30180,0.75743
30181,0.927782
30182,0.585429
30183,0.853838
30184,0.411963
30185,0.689056
30186,0.845217
30187,0.545804
30188,0.571109
30189,0.228312
30190,0.883425
30191,0.781388
30192,0.787129
30193,0.935661
30194,0.563299
30195,0.694783
30196,0.799491
30197,0.890185
30198,0.788298
30199,0.644901
30200,0.653436
30201,0.828819
30202,0.878188
30203,0.714219
30204,0.312693
30205,0.075383
30206,0.707862
30207,0.968888
30208,0.657261
30209,0.616488
30210,0.691661
30211,0.46925
30212,0.965312
30213,0.765381
30214,0.898896
30215,0.785139
30216,0.830041
30217,0.808033
30218,0.953045
30219,0.787864
30220,0.740775
30221,0.845515
30222,0.930421
30223,0.80331
30224,0.219285
30225,0.974117
30226,0.916122
30227,0.850229
30228,0.343436
30229,0.488098
30230,0.689639
30231,0.655694
30232,0.54593
30233,0.55366
30234,0.875944
30235,0.594483
30236,0.883347
30237,0.595168
30238,0.642677
30239,0.6173
30240,0.666602
30241,0.930293
30242,0.28321
30243,0.746706
30244,0.695965
30245,0.256981
30246,0.391974
30247,0.60185
30248,0.886294
30249,0.51857
30250,0.513701
30251,0.736757
30252,0.65884
30253,0.517635
30254,0.89017
30255,0.771377
30256,0.684893
30257,0.96547
30258,0.973796
30259,0.720636
30260,0.693591
30261,0.683939
30262,0.661987
30263,0.939477
30264,0.754739
30265,0.770457
30266,0.792769
30267,0.558031
30268,0.91366
30269,0.847322
30270,0.612776
30271,0.569068
30272,0.856762
30273,0.982663
30274,0.716043
30275,0.925927
30276,0.839145
30277,0.410406
30278,0.639827
30279,0.811322
30280,0.900535
30281,0.697731
30282,0.85683
30283,0.955938
30284,0.725985
30285,0.845824
30286,0.431007
30287,0.671655
30288,0.615046
30289,0.305292
30290,0.270215
30291,0.715113
30292,0.649516
30293,0.084014
30294,0.853045
30295,0.726393
30296,0.808897
30297,0.470321
30298,0.510451
30299,0.682656
30300,0.761657
30301,0.681835
30302,0.678851
30303,0.906795
30304,0.703737
30305,0.545215
30306,0.382327
30307,0.519911
30308,0.921588
30309,0.868905
30310,0.582193
30311,0.716048
30312,0.340301
30313,0.580702
30314,0.310066
30315,0.882555
30316,0.71164
30317,0.672752
30318,0.87787
30319,0.990413
30320,0.792736
30321,0.853678
30322,0.637463
30323,0.785513
30324,0.677076
30325,0.979078
30326,0.996855
30327,0.8158
30328,0.797326
30329,0.884407
30330,0.261877
30331,0.41653
30332,0.985575
30333,0.831688
30334,0.767644
30335,0.372653
30336,0.65622
30337,0.243298
30338,0.78584
30339,0.863292
30340,0.727704
30341,0.975095
30342,0.583239
30343,0.737146
30344,0.750235
30345,0.619375
30346,0.498296
30347,0.154255
30348,0.82578
30349,0.690536
30350,0.904843
30351,0.891955
30352,0.375968
30353,0.698733
30354,0.609788
30355,0.815138
30356,0.764631
30357,0.28394
30358,0.634238
30359,0.547499
30360,0.74763
30361,0.99274
30362,0.915206
30363,0.692953
30364,0.581649
30365,0.60071
30366,0.792351
30367,0.976911
30368,0.327518
30369,0.945872
30370,0.02926
30371,0.587125
30372,0.157708
30373,0.951631
30374,0.859603
30375,0.863832
30376,0.745439
30377,0.824933
30378,0.121281
30379,0.876306
30380,0.868225
30381,0.863362
30382,0.906604
30383,0.636331
30384,0.707127
30385,0.966713
30386,0.749229
30387,0.909668
30388,0.996086
30389,0.797983
30390,0.940091
30391,0.759665
30392,0.758241
30393,0.629975
30394,0.710169
30395,0.68207
30396,0.852828
30397,0.697783
30398,0.719878
30399,0.841155
30400,0.60137
30401,0.926412
30402,0.725221
30403,0.607337
30404,0.875711
30405,0.979955
30406,0.828901
30407,0.871987
30408,0.670951
30409,0.784704
30410,0.412689
30411,0.591623
30412,0.488183
30413,0.319294
30414,0.790932
30415,0.94773
30416,0.663438
30417,0.581436
30418,0.772763
30419,0.826472
30420,0.69861
30421,0.645788
30422,0.72734
30423,0.756113
30424,0.490614
30425,0.978603
30426,0.625735
30427,0.824504
30428,0.591711
30429,0.700204
30430,0.907564
30431,0.896849
30432,0.858299
30433,0.903474
30434,0.771004
30435,0.558811
30436,0.827752
30437,0.977963
30438,0.619603
30439,0.797243
30440,0.611406
30441,0.587184
30442,0.714821
30443,0.98801
30444,0.522736
30445,0.244478
30446,0.453218
30447,0.443791
30448,0.691329
30449,0.576239
30450,0.639124
30451,0.893851
30452,0.875877
30453,0.908996
30454,0.59149
30455,0.855465
30456,0.919669
30457,0.870041
30458,0.914131
30459,0.924231
30460,0.748166
30461,0.987445
30462,0.759742
30463,0.601815
30464,0.708946
30465,0.762061
30466,0.607537
30467,0.701655
30468,0.883642
30469,0.873608
30470,0.923824
30471,0.742788
30472,0.700434
30473,0.794196
30474,0.567492
30475,0.802666
30476,0.773161
30477,0.954597
30478,0.758862
30479,0.653322
30480,0.442115
30481,0.503026
30482,0.881137
30483,0.508318
30484,0.872481
30485,0.696773
30486,0.786914
30487,0.908862
30488,0.279216
30489,0.964004
30490,0.688634
30491,0.987854
30492,0.89449
30493,0.694408
30494,0.578675
30495,0.397887
30496,0.917928
30497,0.978484
30498,0.53535
30499,0.552045
30500,0.909751
30501,0.691624
30502,0.503742
30503,0.75156
30504,0.950169
30505,0.827283
30506,0.688994
30507,0.862377
30508,0.511005
30509,0.827712
30510,0.584649
30511,0.505396
30512,0.704152
30513,0.857977
30514,0.698055
30515,0.794598
30516,0.727022
30517,0.923067
30518,0.113234
30519,0.551907
30520,0.955766
30521,0.751433
30522,0.877931
30523,0.67982
30524,0.759156
30525,0.24276
30526,0.91714
30527,0.330263
30528,0.938335
30529,0.952135
30530,0.349048
30531,0.936682
30532,0.915435
30533,0.909378
30534,0.433695
30535,0.487922
30536,0.844821
30537,0.611625
30538,0.649735
30539,0.581178
30540,0.41946
30541,0.740645
30542,0.954562
30543,0.703613
30544,0.879229
30545,0.556759
30546,0.703886
30547,0.848722
30548,0.73679
30549,0.569419
30550,0.762992
30551,0.981161
30552,0.452625
30553,0.663914
30554,0.137429
30555,0.615923
30556,0.51086
30557,0.737308
30558,0.325342
30559,0.97755
30560,0.776214
30561,0.873226
30562,0.254215
30563,0.62031
30564,0.810963
30565,0.81058
30566,0.586997
30567,0.79981
30568,0.957631
30569,0.664076
30570,0.676903
30571,0.925402
30572,0.700668
30573,0.754203
30574,0.632949
30575,0.704168
30576,0.92341
30577,0.49571
30578,0.565878
30579,0.719435
30580,0.864178
30581,0.654386
30582,0.531305
30583,0.798571
30584,0.471016
30585,0.681239
30586,0.448239
30587,0.723286
30588,0.85665
30589,0.931657
30590,0.658356
30591,0.805316
30592,0.946055
30593,0.784776
30594,0.728945
30595,0.075825
30596,0.98412
30597,0.315182
30598,0.72666
30599,0.625906
30600,0.897923
30601,0.829352
30602,0.70065
30603,0.933034
30604,0.976531
30605,0.552945
30606,0.9127
30607,0.584628
30608,0.751462
30609,0.848226
30610,0.511375
30611,0.9618
30612,0.719859
30613,0.73355
30614,0.754605
30615,0.92939
30616,0.953738
30617,0.6869
30618,0.815085
30619,0.668835
30620,0.593532
30621,0.482167
30622,0.860518
30623,0.756238
30624,0.896813
30625,0.78785
30626,0.627301
30627,0.548557
30628,0.95188
30629,0.890772
30630,0.729435
30631,0.577023
30632,0.519338
30633,0.586479
30634,0.68832
30635,0.785452
30636,0.568432
30637,0.495638
30638,0.851807
30639,0.710422
30640,0.064756
30641,0.022952
30642,0.471931
30643,0.923673
30644,0.876051
30645,0.564847
30646,0.536034
30647,0.905466
30648,0.865564
30649,0.73335
30650,0.403354
30651,0.615599
30652,0.799165
30653,0.719708
30654,0.864567
30655,0.172257
30656,0.762402
30657,0.629183
30658,0.878324
30659,0.770752
30660,0.883841
30661,0.693168
30662,0.752219
30663,0.916045
30664,0.941806
30665,0.807074
30666,0.942165
30667,0.890123
30668,0.812594
30669,0.979285
30670,0.883774
30671,0.866838
30672,0.847735
30673,0.415518
30674,0.696394
30675,0.789127
30676,0.603436
30677,0.80156
30678,0.708591
30679,0.668992
30680,0.557474
30681,0.635254
30682,0.621952
30683,0.457134
30684,0.89839
30685,0.763024
30686,0.272506
30687,0.418555
30688,0.973972
30689,0.876368
30690,0.782629
30691,0.719947
30692,0.71181
30693,0.669665
30694,0.690432
30695,0.809241
30696,0.641221
30697,0.61597
30698,0.812452
30699,0.757886
30700,0.873913
30701,0.443615
30702,0.893564
30703,0.760755
30704,0.618582
30705,0.766844
30706,0.809926
30707,0.878558
30708,0.690755
30709,0.641787
30710,0.720933
30711,0.263217
30712,0.688416
30713,0.673947
30714,0.892218
30715,0.906065
30716,0.633471
30717,0.975005
30718,0.639252
30719,0.876843
30720,0.7049
30721,0.904983
30722,0.695682
30723,0.876495
30724,0.873145
30725,0.7906
30726,0.895405
30727,0.736786
30728,0.71677
30729,0.030923
30730,0.629211
30731,0.901288
30732,0.153128
30733,0.406363
30734,0.934957
30735,0.748157
30736,0.862912
30737,0.926322
30738,0.883992
30739,0.627438
30740,0.679177
30741,0.501847
30742,0.605094
30743,0.679853
30744,0.70539
30745,0.607501
30746,0.644935
30747,0.873673
30748,0.787432
30749,0.96572
30750,0.549848
30751,0.67277
30752,0.81427
30753,0.737903
30754,0.560253
30755,0.633284
30756,0.730838
30757,0.759323
30758,0.865365
30759,0.614698
30760,0.766191
30761,0.691269
30762,0.728504
30763,0.859943
30764,0.774681
30765,0.985262
30766,0.719331
30767,0.413028
30768,0.886391
30769,0.791555
30770,0.750627
30771,0.516537
30772,0.79375
30773,0.569213
30774,0.70839
30775,0.843982
30776,0.588214
30777,0.685975
30778,0.472204
30779,0.741736
30780,0.986041
30781,0.953682
30782,0.843027
30783,0.48093
30784,0.832171
30785,0.34333
30786,0.782041
30787,0.855672
30788,0.55339
30789,0.835309
30790,0.930451
30791,0.061501
30792,0.584613
30793,0.77438
30794,0.647978
30795,0.709909
30796,0.822735
30797,0.464064
30798,0.438264
30799,0.954092
30800,0.610802
30801,0.790796
30802,0.606705
30803,0.484908
30804,0.677766
30805,0.882412
30806,0.788736
30807,0.810366
30808,0.51842
30809,0.722187
30810,0.825087
30811,0.599729
30812,0.837217
30813,0.97548
30814,0.889228
30815,0.630994
30816,0.975343
30817,0.974426
30818,0.747227
30819,0.396034
30820,0.751997
30821,0.743137
30822,0.411782
30823,0.776453
30824,0.982213
30825,0.657829
30826,0.791612
30827,0.91501
30828,0.545352
30829,0.294317
30830,0.787062
30831,0.89184
30832,0.660314
30833,0.597915
30834,0.927253
30835,0.691244
30836,0.873672
30837,0.736836
30838,0.7367
30839,0.993122
30840,0.679829
30841,0.611941
30842,0.933849
30843,0.655849
30844,0.697309
30845,0.812912
30846,0.264219
30847,0.935441
30848,0.754827
30849,0.15655
30850,0.735119
30851,0.884543
30852,0.732874
30853,0.78533
30854,0.967138
30855,0.757708
30856,0.701533
30857,0.96998
30858,0.784706
30859,0.466678
30860,0.45321
30861,0.655746
30862,0.680537
30863,0.880852
30864,0.637471
30865,0.817543
30866,0.795807
30867,0.766527
30868,0.5419
30869,0.743022
30870,0.582272
30871,0.928496
30872,0.561245
30873,0.648301
30874,0.807386
30875,0.865819
30876,0.665427
30877,0.39083
30878,0.673652
30879,0.746011
30880,0.691815
30881,0.759673
30882,0.958717
30883,0.863936
30884,0.687985
30885,0.84165
30886,0.040225
30887,0.866377
30888,0.696403
30889,0.857969
30890,0.733967
30891,0.901035
30892,0.793601
30893,0.819638
30894,0.695546
30895,0.756638
30896,0.788819
30897,0.86182
30898,0.717031
30899,0.980769
30900,0.726799
30901,0.917214
30902,0.440344
30903,0.477003
30904,0.930557
30905,0.644222
30906,0.646906
30907,0.742046
30908,0.849816
30909,0.627275
30910,0.719447
30911,0.42452
30912,0.731843
30913,0.744563
30914,0.546861
30915,0.944705
30916,0.239875
30917,0.976806
30918,0.613029
30919,0.790304
30920,0.902644
30921,0.642905
30922,0.195641
30923,0.957701
30924,0.813516
30925,0.631499
30926,0.511576
30927,0.633716
30928,0.627926
30929,0.691813
30930,0.701927
30931,0.633355
30932,0.812278
30933,0.761823
30934,0.621583
30935,0.841311
30936,0.480756
30937,0.868849
30938,0.657183
30939,0.74369
30940,0.618075
30941,0.351952
30942,0.435507
30943,0.838533
30944,0.776889
30945,0.613922
30946,0.535116
30947,0.539469
30948,0.985594
30949,0.762479
30950,0.567483
30951,0.858068
30952,0.810717
30953,0.314617
30954,0.715292
30955,0.878934
30956,0.666845
30957,0.684825
30958,0.757619
30959,0.773658
30960,0.990626
30961,0.78134
30962,0.624647
30963,0.667505
30964,0.617808
30965,0.827576
30966,0.926585
30967,0.944019
30968,0.853722
30969,0.827216
30970,0.870779
30971,0.456023
30972,0.795122
30973,0.678096
30974,0.786039
30975,0.609594
30976,0.738097
30977,0.93704
30978,0.957027
30979,0.580793
30980,0.914179
30981,0.813581
30982,0.530722
30983,0.586125
30984,0.844376
30985,0.925889
30986,0.872279
30987,0.511046
30988,0.968963
30989,0.946612
30990,0.399016
30991,0.829745
30992,0.715838
30993,0.809012
30994,0.544814
30995,0.614611
30996,0.933205
30997,0.674904
30998,0.75256
30999,0.578235
31000,0.587703
31001,0.677565
31002,0.964284
31003,0.635604
31004,0.905825
31005,0.688279
31006,0.865038
31007,0.497704
31008,0.627741
31009,0.570117
31010,0.688151
31011,0.562523
31012,0.551255
31013,0.68543
31014,0.756171
31015,0.988301
31016,0.421848
31017,0.648153
31018,0.942942
31019,0.825075
31020,0.764178
31021,0.41092
31022,0.88238
31023,0.772163
31024,0.82036
31025,0.074729
31026,0.861408
31027,0.973178
31028,0.302798
31029,0.908543
31030,0.466431
31031,0.832711
31032,0.788138
31033,0.151892
31034,0.629451
31035,0.528192
31036,0.803312
31037,0.904085
31038,0.578686
31039,0.573831
31040,0.89469
31041,0.788351
31042,0.823927
31043,0.802128
31044,0.92221
31045,0.690619
31046,0.609235
31047,0.77264
31048,0.654542
31049,0.963766
31050,0.930405
31051,0.957098
31052,0.780373
31053,0.839101
31054,0.835485
31055,0.718644
31056,0.766247
31057,0.313469
31058,0.529045
31059,0.814875
31060,0.962405
31061,0.669169
31062,0.95103
31063,0.925306
31064,0.971809
31065,0.321962
31066,0.639194
31067,0.969422
31068,0.842634
31069,0.842028
31070,0.781289
31071,0.497637
31072,0.694954
31073,0.978056
31074,0.861472
31075,0.584727
31076,0.537966
31077,0.574702
31078,0.632803
31079,0.88795
31080,0.918466
31081,0.513344
31082,0.715252
31083,0.780072
31084,0.684413
31085,0.484275
31086,0.798923
31087,0.498233
31088,0.638515
31089,0.936304
31090,0.789217
31091,0.261155
31092,0.952508
31093,0.695434
31094,0.876918
31095,0.774956
31096,0.590276
31097,0.800376
31098,0.706274
31099,0.800004
31100,0.859771
31101,0.804561
31102,0.611222
31103,0.847914
31104,0.786064
31105,0.479931
31106,0.688034
31107,0.690542
31108,0.076732
31109,0.321296
31110,0.045209
31111,0.55345
31112,0.639606
31113,0.130221
31114,0.646426
31115,0.301221
31116,0.846154
31117,0.720501
31118,0.941257
31119,0.923297
31120,0.660108
31121,0.761284
31122,0.860663
31123,0.070624
31124,0.648052
31125,0.709288
31126,0.967715
31127,0.34795
31128,0.757913
31129,0.691077
31130,0.641216
31131,0.802868
31132,0.880682
31133,0.407445
31134,0.948294
31135,0.592399
31136,0.797411
31137,0.810511
31138,0.570077
31139,0.692252
31140,0.8688
31141,0.850552
31142,0.977808
31143,0.539258
31144,0.772418
31145,0.783225
31146,0.658442
31147,0.562241
31148,0.690904
31149,0.877914
31150,0.518482
31151,0.740373
31152,0.743068
31153,0.864009
31154,0.572567
31155,0.884219
31156,0.503764
31157,0.763391
31158,0.498743
31159,0.606148
31160,0.786013
31161,0.588432
31162,0.763005
31163,0.734524
31164,0.528162
31165,0.944756
31166,0.227587
31167,0.867893
31168,0.669922
31169,0.638045
31170,0.721519
31171,0.595966
31172,0.688448
31173,0.75879
31174,0.972542
31175,0.541653
31176,0.71593
31177,0.637622
31178,0.963633
31179,0.600289
31180,0.720379
31181,0.373282
31182,0.563847
31183,0.89113
31184,0.508823
31185,0.501459
31186,0.295515
31187,0.47742
31188,0.72612
31189,0.138721
31190,0.753629
31191,0.790947
31192,0.716073
31193,0.679818
31194,0.747488
31195,0.806992
31196,0.892175
31197,0.539387
31198,0.967191
31199,0.785311
31200,0.872214
31201,0.973637
31202,0.849265
31203,0.875253
31204,0.8866
31205,0.62475
31206,0.67252
31207,0.934349
31208,0.889917
31209,0.572467
31210,0.695362
31211,0.832027
31212,0.73014
31213,0.822097
31214,0.735808
31215,0.402795
31216,0.618512
31217,0.457495
31218,0.760359
31219,0.656202
31220,0.688063
31221,0.889862
31222,0.684769
31223,0.777883
31224,0.965819
31225,0.963918
31226,0.62574
31227,0.700302
31228,0.501275
31229,0.758122
31230,0.823866
31231,0.732221
31232,0.556466
31233,0.642632
31234,0.404311
31235,0.808159
31236,0.843864
31237,0.697807
31238,0.889757
31239,0.373444
31240,0.767509
31241,0.81928
31242,0.553516
31243,0.057346
31244,0.306532
31245,0.969869
31246,0.578643
31247,0.496225
31248,0.696382
31249,0.69814
31250,0.829347
31251,0.895419
31252,0.972124
31253,0.716533
31254,0.653198
31255,0.299492
31256,0.765553
31257,0.361383
31258,0.881576
31259,0.577502
31260,0.899627
31261,0.811904
31262,0.838621
31263,0.90628
31264,0.152234
31265,0.870123
31266,0.883635
31267,0.989939
31268,0.724235
31269,0.744703
31270,0.975191
31271,0.919395
31272,0.579263
31273,0.646951
31274,0.921886
31275,0.872176
31276,0.946864
31277,0.416981
31278,0.962882
31279,0.973279
31280,0.924625
31281,0.695909
31282,0.822096
31283,0.363965
31284,0.740931
31285,0.800665
31286,0.760342
31287,0.428425
31288,0.937427
31289,0.961645
31290,0.956639
31291,0.497256
31292,0.889871
31293,0.884059
31294,0.706329
31295,0.845674
31296,0.443324
31297,0.58077
31298,0.556733
31299,0.882105
31300,0.773817
31301,0.588552
31302,0.709062
31303,0.349487
31304,0.633819
31305,0.728143
31306,0.782246
31307,0.477132
31308,0.698975
31309,0.797047
31310,0.635028
31311,0.735227
31312,0.805609
31313,0.974456
31314,0.864467
31315,0.122073
31316,0.843467
31317,0.707088
31318,0.756029
31319,0.75814
31320,0.70675
31321,0.966708
31322,0.972629
31323,0.659415
31324,0.847266
31325,0.739242
31326,0.254044
31327,0.655682
31328,0.968776
31329,0.981337
31330,0.460821
31331,0.485613
31332,0.958734
31333,0.695185
31334,0.976428
31335,0.967445
31336,0.634657
31337,0.70299
31338,0.492909
31339,0.832044
31340,0.794138
31341,0.282154
31342,0.909919
31343,0.689518
31344,0.833826
31345,0.765557
31346,0.57498
31347,0.67201
31348,0.452584
31349,0.424648
31350,0.677221
31351,0.906647
31352,0.797768
31353,0.831692
31354,0.865997
31355,0.556823
31356,0.899778
31357,0.584887
31358,0.686243
31359,0.897628
31360,0.33672
31361,0.667458
31362,0.633001
31363,0.964083
31364,0.770741
31365,0.986975
31366,0.813262
31367,0.767261
31368,0.814406
31369,0.798248
31370,0.850019
31371,0.856666
31372,0.986025
31373,0.818919
31374,0.76563
31375,0.568906
31376,0.652002
31377,0.777643
31378,0.561509
31379,0.70335
31380,0.681807
31381,0.863296
31382,0.895798
31383,0.084472
31384,0.723943
31385,0.603649
31386,0.85827
31387,0.463279
31388,0.886132
31389,0.814202
31390,0.585977
31391,0.561425
31392,0.551692
31393,0.959707
31394,0.729908
31395,0.966889
31396,0.870026
31397,0.726687
31398,0.947197
31399,0.706096
31400,0.058898
31401,0.088595
31402,0.846164
31403,0.944827
31404,0.500645
31405,0.516641
31406,0.243137
31407,0.948824
31408,0.512544
31409,0.708474
31410,0.692157
31411,0.702806
31412,0.817086
31413,0.854301
31414,0.759972
31415,0.936667
31416,0.464636
31417,0.614776
31418,0.924853
31419,0.7433
31420,0.910044
31421,0.490836
31422,0.591049
31423,0.553788
31424,0.961141
31425,0.523521
31426,0.963075
31427,0.814529
31428,0.775788
31429,0.54339
31430,0.679168
31431,0.78552
31432,0.618472
31433,0.765186
31434,0.921942
31435,0.639196
31436,0.941395
31437,0.549064
31438,0.973495
31439,0.797064
31440,0.818911
31441,0.840566
31442,0.830692
31443,0.413584
31444,0.608232
31445,0.707414
31446,0.740433
31447,0.915004
31448,0.648756
31449,0.708862
31450,0.882096
31451,0.422263
31452,0.693571
31453,0.853978
31454,0.689094
31455,0.725351
31456,0.850358
31457,0.555602
31458,0.824358
31459,0.720965
31460,0.289932
31461,0.645476
31462,0.402531
31463,0.891129
31464,0.963754
31465,0.63753
31466,0.305708
31467,0.672941
31468,0.724422
31469,0.898569
31470,0.770122
31471,0.79098
31472,0.947487
31473,0.447636
31474,0.879479
31475,0.851219
31476,0.980634
31477,0.222036
31478,0.911166
31479,0.9638
31480,0.337297
31481,0.863839
31482,0.946938
31483,0.933947
31484,0.990077
31485,0.916052
31486,0.847471
31487,0.970343
31488,0.933635
31489,0.895211
31490,0.71837
31491,0.475501
31492,0.188196
31493,0.302825
31494,0.669527
31495,0.897827
31496,0.935952
31497,0.59299
31498,0.781606
31499,0.8151
31500,0.633962
31501,0.542975
31502,0.58426
31503,0.293781
31504,0.848341
31505,0.972825
31506,0.97417
31507,0.928263
31508,0.842753
31509,0.686359
31510,0.891975
31511,0.864553
31512,0.711726
31513,0.852623
31514,0.194395
31515,0.966358
31516,0.88816
31517,0.700832
31518,0.566788
31519,0.557396
31520,0.745302
31521,0.6543
31522,0.879656
31523,0.887615
31524,0.114189
31525,0.54426
31526,0.566212
31527,0.849073
31528,0.836942
31529,0.42254
31530,0.996772
31531,0.663792
31532,0.690783
31533,0.778214
31534,0.722149
31535,0.817242
31536,0.665223
31537,0.785881
31538,0.709241
31539,0.821504
31540,0.462671
31541,0.704149
31542,0.513184
31543,0.761487
31544,0.970319
31545,0.879985
31546,0.066194
31547,0.807299
31548,0.900519
31549,0.687452
31550,0.877581
31551,0.562046
31552,0.415118
31553,0.312617
31554,0.089549
31555,0.737224
31556,0.753571
31557,0.309355
31558,0.466435
31559,0.886624
31560,0.888802
31561,0.850182
31562,0.976181
31563,0.910696
31564,0.827784
31565,0.832949
31566,0.581384
31567,0.997166
31568,0.701986
31569,0.95929
31570,0.822477
31571,0.825597
31572,0.460528
31573,0.991633
31574,0.967534
31575,0.814545
31576,0.940432
31577,0.817203
31578,0.959354
31579,0.662178
31580,0.30993
31581,0.576578
31582,0.639589
31583,0.891749
31584,0.61851
31585,0.549117
31586,0.385756
31587,0.252311
31588,0.681941
31589,0.796632
31590,0.708259
31591,0.775475
31592,0.428589
31593,0.567351
31594,0.857948
31595,0.107843
31596,0.752161
31597,0.853269
31598,0.464115
31599,0.934859
31600,0.822991
31601,0.944456
31602,0.434517
31603,0.773007
31604,0.837254
31605,0.98737
31606,0.591589
31607,0.865564
31608,0.688371
31609,0.712509
31610,0.659015
31611,0.646836
31612,0.885921
31613,0.547763
31614,0.654843
31615,0.722309
31616,0.562419
31617,0.276999
31618,0.733965
31619,0.57537
31620,0.842222
31621,0.754952
31622,0.645287
31623,0.82772
31624,0.852093
31625,0.628646
31626,0.798917
31627,0.515002
31628,0.832327
31629,0.856253
31630,0.874683
31631,0.911988
31632,0.607079
31633,0.519146
31634,0.949576
31635,0.678819
31636,0.599735
31637,0.97199
31638,0.914768
31639,0.782763
31640,0.62294
31641,0.953475
31642,0.896765
31643,0.716535
31644,0.309905
31645,0.626048
31646,0.230319
31647,0.702944
31648,0.783298
31649,0.876662
31650,0.616287
31651,0.48129
31652,0.660165
31653,0.789425
31654,0.766822
31655,0.930866
31656,0.705948
31657,0.749345
31658,0.927557
31659,0.833485
31660,0.980212
31661,0.69235
31662,0.822029
31663,0.567892
31664,0.594234
31665,0.555645
31666,0.721325
31667,0.892305
31668,0.826677
31669,0.734993
31670,0.613067
31671,0.804004
31672,0.786207
31673,0.635412
31674,0.682531
31675,0.75406
31676,0.858653
31677,0.779897
31678,0.978048
31679,0.649828
31680,0.590221
31681,0.458837
31682,0.37866
31683,0.909531
31684,0.954097
31685,0.959098
31686,0.793025
31687,0.958136
31688,0.730493
31689,0.471083
31690,0.763412
31691,0.97351
31692,0.540625
31693,0.619541
31694,0.673661
31695,0.499112
31696,0.758126
31697,0.921888
31698,0.597466
31699,0.353435
31700,0.869762
31701,0.633317
31702,0.840646
31703,0.615006
31704,0.815088
31705,0.4092
31706,0.825583
31707,0.550241
31708,0.848226
31709,0.39532
31710,0.539523
31711,0.731606
31712,0.835628
31713,0.93988
31714,0.995114
31715,0.900245
31716,0.768967
31717,0.742576
31718,0.721627
31719,0.50394
31720,0.724929
31721,0.628881
31722,0.990767
31723,0.57183
31724,0.21787
31725,0.607542
31726,0.882808
31727,0.408307
31728,0.581501
31729,0.24762
31730,0.819069
31731,0.399874
31732,0.839926
31733,0.705545
31734,0.789007
31735,0.685422
31736,0.981717
31737,0.851827
31738,0.919637
31739,0.814066
31740,0.308517
31741,0.789081
31742,0.464763
31743,0.947263
31744,0.707743
31745,0.155487
31746,0.854269
31747,0.892037
31748,0.951511
31749,0.57326
31750,0.701874
31751,0.774389
31752,0.774879
31753,0.495487
31754,0.870999
31755,0.81722
31756,0.929338
31757,0.678461
31758,0.73498
31759,0.848994
31760,0.670618
31761,0.198925
31762,0.903362
31763,0.468665
31764,0.875872
31765,0.702106
31766,0.572905
31767,0.506719
31768,0.843061
31769,0.929918
31770,0.801328
31771,0.379098
31772,0.893996
31773,0.837556
31774,0.762596
31775,0.386305
31776,0.960943
31777,0.215999
31778,0.934128
31779,0.678783
31780,0.697343
31781,0.658763
31782,0.849501
31783,0.567985
31784,0.904632
31785,0.451908
31786,0.776346
31787,0.094017
31788,0.937442
31789,0.661739
31790,0.69753
31791,0.583851
31792,0.82894
31793,0.607596
31794,0.718844
31795,0.379055
31796,0.833567
31797,0.417553
31798,0.770352
31799,0.679432
31800,0.797148
31801,0.648881
31802,0.963743
31803,0.625893
31804,0.90543
31805,0.319555
31806,0.705647
31807,0.895782
31808,0.485478
31809,0.697366
31810,0.561019
31811,0.864768
31812,0.761892
31813,0.759385
31814,0.480028
31815,0.635491
31816,0.788921
31817,0.876996
31818,0.632201
31819,0.864309
31820,0.331739
31821,0.982822
31822,0.799202
31823,0.545141
31824,0.81394
31825,0.492169
31826,0.061018
31827,0.800664
31828,0.94155
31829,0.875256
31830,0.688923
31831,0.836889
31832,0.579423
31833,0.925613
31834,0.6319
31835,0.770294
31836,0.501541
31837,0.730419
31838,0.891213
31839,0.887079
31840,0.682181
31841,0.435656
31842,0.386734
31843,0.908568
31844,0.991143
31845,0.941003
31846,0.871476
31847,0.909112
31848,0.450521
31849,0.787164
31850,0.468673
31851,0.992219
31852,0.93013
31853,0.783145
31854,0.623233
31855,0.743305
31856,0.866981
31857,0.827073
31858,0.684241
31859,0.776687
31860,0.670902
31861,0.717755
31862,0.584069
31863,0.986184
31864,0.735083
31865,0.42757
31866,0.977166
31867,0.920448
31868,0.676274
31869,0.716897
31870,0.93717
31871,0.930598
31872,0.978624
31873,0.698794
31874,0.765695
31875,0.827824
31876,0.968957
31877,0.658091
31878,0.969317
31879,0.917349
31880,0.7169
31881,0.786458
31882,0.947182
31883,0.920416
31884,0.980638
31885,0.823804
31886,0.845467
31887,0.567139
31888,0.870959
31889,0.705242
31890,0.56607
31891,0.86847
31892,0.966003
31893,0.888848
31894,0.874502
31895,0.80943
31896,0.768469
31897,0.927659
31898,0.510393
31899,0.531983
31900,0.819311
31901,0.692186
31902,0.789652
31903,0.567985
31904,0.820741
31905,0.774385
31906,0.867427
31907,0.682679
31908,0.677708
31909,0.877729
31910,0.832652
31911,0.711571
31912,0.579856
31913,0.584015
31914,0.969535
31915,0.918646
31916,0.84111
31917,0.926341
31918,0.668928
31919,0.825834
31920,0.964404
31921,0.750906
31922,0.917115
31923,0.668543
31924,0.748887
31925,0.092742
31926,0.683694
31927,0.669266
31928,0.754354
31929,0.597758
31930,0.931167
31931,0.796972
31932,0.74743
31933,0.698973
31934,0.766677
31935,0.653698
31936,0.745138
31937,0.745037
31938,0.677244
31939,0.682201
31940,0.661917
31941,0.869627
31942,0.691132
31943,0.703815
31944,0.862789
31945,0.69844
31946,0.984556
31947,0.873009
31948,0.623857
31949,0.807876
31950,0.90479
31951,0.717026
31952,0.682579
31953,0.527627
31954,0.426612
31955,0.572615
31956,0.953582
31957,0.548802
31958,0.725779
31959,0.80199
31960,0.689351
31961,0.63282
31962,0.815356
31963,0.633826
31964,0.525925
31965,0.863625
31966,0.882922
31967,0.580325
31968,0.970167
31969,0.838512
31970,0.061089
31971,0.866023
31972,0.656284
31973,0.826839
31974,0.819496
31975,0.734848
31976,0.380595
31977,0.96022
31978,0.613392
31979,0.842163
31980,0.947022
31981,0.632699
31982,0.509793
31983,0.527464
31984,0.703841
31985,0.827452
31986,0.465702
31987,0.629448
31988,0.670682
31989,0.168322
31990,0.743962
31991,0.630668
31992,0.84068
31993,0.639181
31994,0.188908
31995,0.854292
31996,0.790135
31997,0.945303
31998,0.731706
31999,0.706389
32000,0.830502
32001,0.847325
32002,0.678528
32003,0.79979
32004,0.981492
32005,0.695989
32006,0.713875
32007,0.975027
32008,0.593558
32009,0.766531
32010,0.876775
32011,0.956045
32012,0.724785
32013,0.688114
32014,0.852269
32015,0.637598
32016,0.755838
32017,0.605846
32018,0.837465
32019,0.465845
32020,0.778674
32021,0.428607
32022,0.638889
32023,0.583704
32024,0.74519
32025,0.455741
32026,0.5469
32027,0.754762
32028,0.936118
32029,0.746834
32030,0.88254
32031,0.886957
32032,0.85473
32033,0.585854
32034,0.940466
32035,0.825616
32036,0.89062
32037,0.70321
32038,0.683867
32039,0.82088
32040,0.726122
32041,0.860625
32042,0.731527
32043,0.547265
32044,0.677227
32045,0.978358
32046,0.957196
32047,0.991399
32048,0.983335
32049,0.86638
32050,0.762308
32051,0.621517
32052,0.476703
32053,0.454363
32054,0.683643
32055,0.740431
32056,0.568032
32057,0.722599
32058,0.717907
32059,0.745964
32060,0.632841
32061,0.139991
32062,0.332934
32063,0.993605
32064,0.495149
32065,0.825791
32066,0.61897
32067,0.882121
32068,0.700996
32069,0.943256
32070,0.717589
32071,0.623778
32072,0.941851
32073,0.255153
32074,0.940788
32075,0.33588
32076,0.666621
32077,0.370507
32078,0.943278
32079,0.601279
32080,0.407928
32081,0.420594
32082,0.556784
32083,0.641573
32084,0.713828
32085,0.397882
32086,0.436914
32087,0.665896
32088,0.620495
32089,0.041284
32090,0.86856
32091,0.95403
32092,0.874367
32093,0.67133
32094,0.740019
32095,0.645777
32096,0.89337
32097,0.682656
32098,0.558449
32099,0.587269
32100,0.448969
32101,0.83979
32102,0.753963
32103,0.882792
32104,0.944973
32105,0.93821
32106,0.627883
32107,0.856101
32108,0.790686
32109,0.210955
32110,0.503628
32111,0.760563
32112,0.957649
32113,0.618948
32114,0.657868
32115,0.616745
32116,0.708934
32117,0.690253
32118,0.750216
32119,0.767431
32120,0.969872
32121,0.615658
32122,0.616994
32123,0.742112
32124,0.885254
32125,0.626805
32126,0.520144
32127,0.63958
32128,0.587438
32129,0.733225
32130,0.669871
32131,0.770889
32132,0.750786
32133,0.751702
32134,0.558826
32135,0.074483
32136,0.575985
32137,0.688125
32138,0.531736
32139,0.953231
32140,0.629461
32141,0.33879
32142,0.885567
32143,0.317969
32144,0.394532
32145,0.841714
32146,0.713489
32147,0.94613
32148,0.715603
32149,0.628854
32150,0.597034
32151,0.56937
32152,0.832142
32153,0.680019
32154,0.763946
32155,0.034272
32156,0.721149
32157,0.781759
32158,0.312765
32159,0.574582
32160,0.610926
32161,0.783467
32162,0.668303
32163,0.5559
32164,0.652156
32165,0.666273
32166,0.404567
32167,0.79194
32168,0.730063
32169,0.670411
32170,0.768121
32171,0.126732
32172,0.969932
32173,0.982832
32174,0.918589
32175,0.642741
32176,0.795254
32177,0.596699
32178,0.647806
32179,0.453904
32180,0.697763
32181,0.873371
32182,0.864404
32183,0.574748
32184,0.557066
32185,0.913702
32186,0.983494
32187,0.927105
32188,0.619879
32189,0.91873
32190,0.758587
32191,0.527714
32192,0.934322
32193,0.616849
32194,0.438019
32195,0.924352
32196,0.606396
32197,0.640699
32198,0.918504
32199,0.662952
32200,0.476349
32201,0.688823
32202,0.833508
32203,0.629145
32204,0.833857
32205,0.508879
32206,0.965386
32207,0.957375
32208,0.955232
32209,0.480037
32210,0.911363
32211,0.988134
32212,0.665045
32213,0.611805
32214,0.862512
32215,0.986283
32216,0.90742
32217,0.404567
32218,0.626539
32219,0.871885
32220,0.971352
32221,0.84788
32222,0.884674
32223,0.415809
32224,0.767437
32225,0.82364
32226,0.180906
32227,0.643069
32228,0.909887
32229,0.711291
32230,0.897329
32231,0.920222
32232,0.890449
32233,0.5823
32234,0.55622
32235,0.691115
32236,0.561991
32237,0.690446
32238,0.600181
32239,0.679068
32240,0.475759
32241,0.474034
32242,0.845599
32243,0.847572
32244,0.814082
32245,0.768504
32246,0.393424
32247,0.668521
32248,0.926571
32249,0.714822
32250,0.734731
32251,0.941929
32252,0.828125
32253,0.435696
32254,0.855119
32255,0.658071
32256,0.917912
32257,0.851356
32258,0.985814
32259,0.75146
32260,0.730237
32261,0.817211
32262,0.770021
32263,0.78763
32264,0.814208
32265,0.599823
32266,0.973136
32267,0.647638
32268,0.615395
32269,0.794462
32270,0.952038
32271,0.864567
32272,0.52451
32273,0.452268
32274,0.744029
32275,0.977178
32276,0.462293
32277,0.656944
32278,0.844524
32279,0.600232
32280,0.284913
32281,0.601426
32282,0.929461
32283,0.851729
32284,0.932483
32285,0.594986
32286,0.809183
32287,0.737986
32288,0.985002
32289,0.904197
32290,0.832184
32291,0.820233
32292,0.365247
32293,0.858502
32294,0.750942
32295,0.727931
32296,0.752344
32297,0.904961
32298,0.940626
32299,0.564896
32300,0.927097
32301,0.807115
32302,0.74453
32303,0.583274
32304,0.839935
32305,0.653208
32306,0.588944
32307,0.868165
32308,0.831415
32309,0.817426
32310,0.496358
32311,0.950575
32312,0.611879
32313,0.629475
32314,0.862184
32315,0.668092
32316,0.797381
32317,0.372405
32318,0.611587
32319,0.686737
32320,0.726562
32321,0.707735
32322,0.602607
32323,0.518455
32324,0.709427
32325,0.765611
32326,0.975312
32327,0.219026
32328,0.963913
32329,0.674363
32330,0.833655
32331,0.885803
32332,0.863868
32333,0.721518
32334,0.840672
32335,0.688983
32336,0.691978
32337,0.704753
32338,0.903369
32339,0.89035
32340,0.943904
32341,0.860525
32342,0.378632
32343,0.570907
32344,0.65933
32345,0.834664
32346,0.715309
32347,0.224196
32348,0.159373
32349,0.532025
32350,0.47993
32351,0.567104
32352,0.719874
32353,0.928439
32354,0.698803
32355,0.751638
32356,0.636217
32357,0.660227
32358,0.881646
32359,0.718445
32360,0.576785
32361,0.380529
32362,0.945618
32363,0.877431
32364,0.755166
32365,0.969277
32366,0.797701
32367,0.854193
32368,0.958558
32369,0.650508
32370,0.789466
32371,0.914741
32372,0.80379
32373,0.90353
32374,0.391799
32375,0.739177
32376,0.690104
32377,0.550587
32378,0.726208
32379,0.755818
32380,0.54298
32381,0.828284
32382,0.152904
32383,0.868817
32384,0.687237
32385,0.71062
32386,0.601743
32387,0.982388
32388,0.81017
32389,0.648511
32390,0.914396
32391,0.072761
32392,0.710792
32393,0.939258
32394,0.718295
32395,0.354068
32396,0.822804
32397,0.026862
32398,0.64201
32399,0.833458
32400,0.773597
32401,0.952789
32402,0.648117
32403,0.643424
32404,0.471763
32405,0.28367
32406,0.809386
32407,0.691718
32408,0.644594
32409,0.800141
32410,0.742942
32411,0.57739
32412,0.76757
32413,0.666813
32414,0.149676
32415,0.634122
32416,0.913976
32417,0.962619
32418,0.972543
32419,0.524831
32420,0.72859
32421,0.939364
32422,0.813287
32423,0.584582
32424,0.709427
32425,0.875512
32426,0.903406
32427,0.441453
32428,0.653211
32429,0.941842
32430,0.795702
32431,0.906599
32432,0.758016
32433,0.93687
32434,0.967887
32435,0.640334
32436,0.728398
32437,0.740768
32438,0.997858
32439,0.618102
32440,0.810544
32441,0.65543
32442,0.985141
32443,0.758325
32444,0.833301
32445,0.372057
32446,0.731843
32447,0.817902
32448,0.787468
32449,0.92186
32450,0.886382
32451,0.701064
32452,0.866086
32453,0.846568
32454,0.813529
32455,0.711523
32456,0.824474
32457,0.754075
32458,0.680132
32459,0.958768
32460,0.550692
32461,0.819149
32462,0.247536
32463,0.813
32464,0.72905
32465,0.53718
32466,0.933337
32467,0.702636
32468,0.647933
32469,0.381071
32470,0.85797
32471,0.773076
32472,0.612581
32473,0.555347
32474,0.85722
32475,0.444986
32476,0.297311
32477,0.69737
32478,0.106664
32479,0.686641
32480,0.44759
32481,0.784703
32482,0.912854
32483,0.840705
32484,0.927129
32485,0.805586
32486,0.602428
32487,0.508924
32488,0.56765
32489,0.916159
32490,0.924669
32491,0.789852
32492,0.983878
32493,0.770172
32494,0.674087
32495,0.715165
32496,0.724762
32497,0.78967
32498,0.359829
32499,0.534223
32500,0.842352
32501,0.582151
32502,0.754643
32503,0.670343
32504,0.900297
32505,0.701904
32506,0.951685
32507,0.748812
32508,0.632296
32509,0.845321
32510,0.819332
32511,0.679543
32512,0.73024
32513,0.077893
32514,0.712212
32515,0.864111
32516,0.733497
32517,0.743676
32518,0.596515
32519,0.901011
32520,0.6839
32521,0.551359
32522,0.957291
32523,0.86895
32524,0.608519
32525,0.469191
32526,0.714955
32527,0.674902
32528,0.894037
32529,0.585336
32530,0.914154
32531,0.737107
32532,0.616823
32533,0.633766
32534,0.901455
32535,0.865165
32536,0.566698
32537,0.981848
32538,0.75192
32539,0.858232
32540,0.539577
32541,0.965321
32542,0.520796
32543,0.609249
32544,0.884157
32545,0.407347
32546,0.500455
32547,0.928683
32548,0.866149
32549,0.983568
32550,0.755314
32551,0.720736
32552,0.777278
32553,0.793236
32554,0.493157
32555,0.601208
32556,0.859994
32557,0.744983
32558,0.349483
32559,0.610743
32560,0.722983
32561,0.748159
32562,0.977583
32563,0.835131
32564,0.060147
32565,0.679354
32566,0.8821
32567,0.959882
32568,0.726209
32569,0.864048
32570,0.923139
32571,0.553568
32572,0.384534
32573,0.740194
32574,0.906253
32575,0.653168
32576,0.954644
32577,0.586714
32578,0.498059
32579,0.538146
32580,0.954682
32581,0.876208
32582,0.726442
32583,0.790883
32584,0.877124
32585,0.496812
32586,0.52393
32587,0.707411
32588,0.768972
32589,0.744395
32590,0.843902
32591,0.961719
32592,0.777746
32593,0.189625
32594,0.887608
32595,0.736375
32596,0.628689
32597,0.471049
32598,0.611914
32599,0.649123
32600,0.721674
32601,0.622794
32602,0.700338
32603,0.471591
32604,0.579765
32605,0.975414
32606,0.487704
32607,0.632031
32608,0.598187
32609,0.860089
32610,0.620698
32611,0.659026
32612,0.7365
32613,0.88058
32614,0.594497
32615,0.639769
32616,0.98318
32617,0.623737
32618,0.569344
32619,0.549415
32620,0.713348
32621,0.772048
32622,0.951154
32623,0.796707
32624,0.737728
32625,0.677383
32626,0.807541
32627,0.441275
32628,0.722843
32629,0.934151
32630,0.747413
32631,0.805776
32632,0.882869
32633,0.826524
32634,0.856669
32635,0.704989
32636,0.575171
32637,0.931706
32638,0.72063
32639,0.880216
32640,0.794138
32641,0.845486
32642,0.98034
32643,0.636455
32644,0.348465
32645,0.664198
32646,0.854385
32647,0.445722
32648,0.464514
32649,0.931041
32650,0.98148
32651,0.598768
32652,0.954457
32653,0.68494
32654,0.33337
32655,0.681007
32656,0.530485
32657,0.97278
32658,0.550845
32659,0.379279
32660,0.809106
32661,0.597527
32662,0.651063
32663,0.455839
32664,0.954118
32665,0.778729
32666,0.852402
32667,0.573653
32668,0.829838
32669,0.980901
32670,0.98048
32671,0.78375
32672,0.660176
32673,0.716343
32674,0.707774
32675,0.895562
32676,0.517485
32677,0.805646
32678,0.684937
32679,0.98684
32680,0.899353
32681,0.781684
32682,0.142293
32683,0.719813
32684,0.946228
32685,0.38495
32686,0.967214
32687,0.920652
32688,0.935025
32689,0.867657
32690,0.871923
32691,0.52322
32692,0.67445
32693,0.728538
32694,0.93979
32695,0.879273
32696,0.611154
32697,0.719549
32698,0.50813
32699,0.321165
32700,0.793664
32701,0.729633
32702,0.768651
32703,0.929061
32704,0.747395
32705,0.233655
32706,0.84302
32707,0.434532
32708,0.801565
32709,0.656451
32710,0.422913
32711,0.634717
32712,0.896522
32713,0.594219
32714,0.777211
32715,0.870411
32716,0.825932
32717,0.770408
32718,0.924924
32719,0.976391
32720,0.556825
32721,0.676066
32722,0.597139
32723,0.568345
32724,0.966115
32725,0.482387
32726,0.441149
32727,0.893748
32728,0.886928
32729,0.645918
32730,0.6732
32731,0.154207
32732,0.753592
32733,0.852843
32734,0.538918
32735,0.950631
32736,0.856369
32737,0.829299
32738,0.950315
32739,0.817525
32740,0.744434
32741,0.715019
32742,0.122289
32743,0.75917
32744,0.631239
32745,0.254986
32746,0.894087
32747,0.78954
32748,0.100751
32749,0.671337
32750,0.622658
32751,0.673116
32752,0.944002
32753,0.888181
32754,0.765604
32755,0.973958
32756,0.748541
32757,0.897002
32758,0.914128
32759,0.517088
32760,0.739175
32761,0.931446
32762,0.814424
32763,0.762234
32764,0.659716
32765,0.032017
32766,0.413906
32767,0.440312
32768,0.661471
32769,0.988595
32770,0.560447
32771,0.50019
32772,0.654918
32773,0.82672
32774,0.717351
32775,0.970038
32776,0.881031
32777,0.948062
32778,0.617589
32779,0.732589
32780,0.727976
32781,0.569243
32782,0.759731
32783,0.697682
32784,0.919201
32785,0.381591
32786,0.081583
32787,0.791002
32788,0.448708
32789,0.84415
32790,0.747623
32791,0.876577
32792,0.853458
32793,0.592595
32794,0.699199
32795,0.715397
32796,0.581108
32797,0.996094
32798,0.598452
32799,0.639045
32800,0.641681
32801,0.972131
32802,0.678373
32803,0.977051
32804,0.366178
32805,0.924105
32806,0.861523
32807,0.275306
32808,0.811014
32809,0.662714
32810,0.816076
32811,0.705996
32812,0.915534
32813,0.777824
32814,0.889932
32815,0.760925
32816,0.903122
32817,0.691652
32818,0.732803
32819,0.498283
32820,0.668139
32821,0.629952
32822,0.652189
32823,0.8618
32824,0.930654
32825,0.238776
32826,0.887147
32827,0.86572
32828,0.821471
32829,0.794648
32830,0.479531
32831,0.830796
32832,0.821302
32833,0.609798
32834,0.770451
32835,0.794533
32836,0.703258
32837,0.579113
32838,0.92342
32839,0.8843
32840,0.535497
32841,0.671955
32842,0.928349
32843,0.683254
32844,0.735392
32845,0.836305
32846,0.551254
32847,0.90801
32848,0.804869
32849,0.620834
32850,0.82823
32851,0.442712
32852,0.705137
32853,0.806081
32854,0.478546
32855,0.694546
32856,0.972537
32857,0.609967
32858,0.746972
32859,0.760773
32860,0.832974
32861,0.57608
32862,0.774006
32863,0.604739
32864,0.880442
32865,0.430798
32866,0.979291
32867,0.7102
32868,0.663952
32869,0.788363
32870,0.683647
32871,0.704575
32872,0.476261
32873,0.639339
32874,0.735676
32875,0.76671
32876,0.845058
32877,0.839268
32878,0.606205
32879,0.784196
32880,0.185883
32881,0.913738
32882,0.820752
32883,0.935835
32884,0.987333
32885,0.858389
32886,0.850333
32887,0.661443
32888,0.440912
32889,0.787594
32890,0.841587
32891,0.942358
32892,0.684454
32893,0.228578
32894,0.946662
32895,0.924204
32896,0.607353
32897,0.581153
32898,0.87323
32899,0.588224
32900,0.84784
32901,0.631164
32902,0.464341
32903,0.782495
32904,0.272384
32905,0.971441
32906,0.64016
32907,0.847307
32908,0.829323
32909,0.90676
32910,0.697276
32911,0.879822
32912,0.765854
32913,0.972929
32914,0.566366
32915,0.937313
32916,0.568809
32917,0.911386
32918,0.964571
32919,0.809837
32920,0.455012
32921,0.461428
32922,0.606599
32923,0.685449
32924,0.976323
32925,0.638
32926,0.933951
32927,0.962328
32928,0.197624
32929,0.772969
32930,0.84234
32931,0.855908
32932,0.657263
32933,0.651438
32934,0.95537
32935,0.721863
32936,0.567315
32937,0.968666
32938,0.618756
32939,0.692731
32940,0.788832
32941,0.760996
32942,0.662133
32943,0.904354
32944,0.948585
32945,0.891345
32946,0.761832
32947,0.698269
32948,0.961266
32949,0.616383
32950,0.960006
32951,0.865906
32952,0.685493
32953,0.819735
32954,0.792984
32955,0.518636
32956,0.950873
32957,0.68496
32958,0.375055
32959,0.893016
32960,0.71876
32961,0.791688
32962,0.927945
32963,0.267723
32964,0.748763
32965,0.691034
32966,0.56475
32967,0.798952
32968,0.844341
32969,0.574459
32970,0.871626
32971,0.398278
32972,0.835394
32973,0.703218
32974,0.406774
32975,0.296429
32976,0.589831
32977,0.732142
32978,0.805714
32979,0.807277
32980,0.835579
32981,0.884475
32982,0.590983
32983,0.907318
32984,0.626684
32985,0.722994
32986,0.806569
32987,0.414151
32988,0.622301
32989,0.607897
32990,0.913202
32991,0.937609
32992,0.764425
32993,0.910814
32994,0.534157
32995,0.871162
32996,0.586112
32997,0.757303
32998,0.959118
32999,0.683744
33000,0.475197
33001,0.703068
33002,0.846818
33003,0.791823
33004,0.486653
33005,0.933635
33006,0.453733
33007,0.600944
33008,0.47533
33009,0.734705
33010,0.986558
33011,0.15611
33012,0.514858
33013,0.839545
33014,0.688987
33015,0.937325
33016,0.668262
33017,0.857016
33018,0.617389
33019,0.807619
33020,0.920459
33021,0.704746
33022,0.420969
33023,0.880922
33024,0.633295
33025,0.955773
33026,0.740307
33027,0.520624
33028,0.589357
33029,0.872512
33030,0.857244
33031,0.82737
33032,0.983412
33033,0.863274
33034,0.818282
33035,0.841689
33036,0.677686
33037,0.624037
33038,0.954002
33039,0.374688
33040,0.820913
33041,0.740623
33042,0.166514
33043,0.983158
33044,0.579306
33045,0.883165
33046,0.682831
33047,0.449761
33048,0.733902
33049,0.482689
33050,0.903148
33051,0.182079
33052,0.957691
33053,0.571341
33054,0.970493
33055,0.366693
33056,0.799599
33057,0.495424
33058,0.925064
33059,0.682994
33060,0.614857
33061,0.302207
33062,0.603617
33063,0.925801
33064,0.594478
33065,0.721921
33066,0.447203
33067,0.912472
33068,0.236087
33069,0.899927
33070,0.878389
33071,0.835051
33072,0.762043
33073,0.547259
33074,0.543067
33075,0.0185
33076,0.533477
33077,0.572468
33078,0.693348
33079,0.5061
33080,0.689655
33081,0.781187
33082,0.927983
33083,0.905953
33084,0.774137
33085,0.678871
33086,0.754878
33087,0.69164
33088,0.512834
33089,0.634636
33090,0.810013
33091,0.978635
33092,0.835448
33093,0.639163
33094,0.704907
33095,0.724606
33096,0.893111
33097,0.739611
33098,0.590521
33099,0.509235
33100,0.96732
33101,0.770996
33102,0.932956
33103,0.325521
33104,0.842955
33105,0.940755
33106,0.537445
33107,0.422657
33108,0.804269
33109,0.430616
33110,0.729026
33111,0.803959
33112,0.905691
33113,0.463046
33114,0.830365
33115,0.74902
33116,0.694814
33117,0.823161
33118,0.714926
33119,0.74893
33120,0.873132
33121,0.79841
33122,0.88782
33123,0.749548
33124,0.745238
33125,0.839029
33126,0.684837
33127,0.629593
33128,0.549172
33129,0.750042
33130,0.467488
33131,0.90603
33132,0.690574
33133,0.916167
33134,0.861585
33135,0.809218
33136,0.571444
33137,0.740818
33138,0.884
33139,0.94756
33140,0.663016
33141,0.663053
33142,0.479741
33143,0.696559
33144,0.639466
33145,0.647529
33146,0.573976
33147,0.638785
33148,0.925511
33149,0.840508
33150,0.434065
33151,0.630348
33152,0.858275
33153,0.892205
33154,0.966699
33155,0.848639
33156,0.900323
33157,0.930425
33158,0.670165
33159,0.580689
33160,0.969342
33161,0.548327
33162,0.859253
33163,0.874699
33164,0.893047
33165,0.827772
33166,0.490751
33167,0.529528
33168,0.918469
33169,0.976617
33170,0.958679
33171,0.938726
33172,0.862921
33173,0.607767
33174,0.530847
33175,0.729866
33176,0.887946
33177,0.989936
33178,0.65243
33179,0.793285
33180,0.941381
33181,0.890477
33182,0.123062
33183,0.852497
33184,0.356237
33185,0.795172
33186,0.493844
33187,0.40298
33188,0.42435
33189,0.874533
33190,0.92534
33191,0.760986
33192,0.107709
33193,0.892297
33194,0.784568
33195,0.875931
33196,0.81529
33197,0.591563
33198,0.8998
33199,0.51089
33200,0.078826
33201,0.766127
33202,0.886522
33203,0.865281
33204,0.427236
33205,0.991317
33206,0.994165
33207,0.552778
33208,0.834845
33209,0.511693
33210,0.732521
33211,0.078195
33212,0.700108
33213,0.64305
33214,0.724175
33215,0.717356
33216,0.417666
33217,0.651788
33218,0.673595
33219,0.939163
33220,0.636756
33221,0.660388
33222,0.541822
33223,0.924624
33224,0.061783
33225,0.448937
33226,0.70724
33227,0.553241
33228,0.954375
33229,0.699919
33230,0.667957
33231,0.69798
33232,0.723082
33233,0.885408
33234,0.729948
33235,0.932217
33236,0.700662
33237,0.153343
33238,0.890336
33239,0.69688
33240,0.629793
33241,0.927131
33242,0.818922
33243,0.470104
33244,0.612726
33245,0.64412
33246,0.618031
33247,0.583532
33248,0.347049
33249,0.662812
33250,0.700153
33251,0.795888
33252,0.348897
33253,0.724688
33254,0.49216
33255,0.860996
33256,0.843537
33257,0.541767
33258,0.940179
33259,0.848918
33260,0.502086
33261,0.62699
33262,0.501207
33263,0.790741
33264,0.491484
33265,0.761806
33266,0.657498
33267,0.83905
33268,0.906065
33269,0.491767
33270,0.505104
33271,0.783238
33272,0.530843
33273,0.684238
33274,0.652419
33275,0.913452
33276,0.815086
33277,0.948382
33278,0.741123
33279,0.926448
33280,0.50948
33281,0.782984
33282,0.427647
33283,0.704028
33284,0.900434
33285,0.568248
33286,0.283225
33287,0.489169
33288,0.661603
33289,0.86481
33290,0.105805
33291,0.645385
33292,0.65995
33293,0.507508
33294,0.492963
33295,0.816618
33296,0.969551
33297,0.891065
33298,0.908885
33299,0.678138
33300,0.107724
33301,0.686279
33302,0.692567
33303,0.468905
33304,0.611992
33305,0.640995
33306,0.525476
33307,0.864671
33308,0.760358
33309,0.665513
33310,0.845455
33311,0.664086
33312,0.942059
33313,0.874209
33314,0.642356
33315,0.97643
33316,0.5903
33317,0.9448
33318,0.645034
33319,0.758235
33320,0.428764
33321,0.811168
33322,0.976054
33323,0.48749
33324,0.715396
33325,0.728728
33326,0.595055
33327,0.858144
33328,0.976356
33329,0.85537
33330,0.917686
33331,0.186063
33332,0.839825
33333,0.632611
33334,0.692483
33335,0.615743
33336,0.676857
33337,0.931577
33338,0.727211
33339,0.677552
33340,0.626443
33341,0.845372
33342,0.68786
33343,0.095582
33344,0.978925
33345,0.655183
33346,0.971063
33347,0.773895
33348,0.950593
33349,0.792017
33350,0.402335
33351,0.868827
33352,0.878637
33353,0.825302
33354,0.083303
33355,0.516528
33356,0.477003
33357,0.923648
33358,0.221025
33359,0.574174
33360,0.745312
33361,0.3881
33362,0.825711
33363,0.07295
33364,0.5894
33365,0.696604
33366,0.708957
33367,0.867369
33368,0.678575
33369,0.877316
33370,0.72805
33371,0.825489
33372,0.574882
33373,0.935942
33374,0.779461
33375,0.624981
33376,0.084568
33377,0.552767
33378,0.774903
33379,0.848297
33380,0.883727
33381,0.958407
33382,0.494441
33383,0.437659
33384,0.751245
33385,0.851519
33386,0.764637
33387,0.852921
33388,0.768484
33389,0.978858
33390,0.73525
33391,0.699433
33392,0.137288
33393,0.357123
33394,0.720618
33395,0.65176
33396,0.763399
33397,0.639738
33398,0.727741
33399,0.768619
33400,0.771949
33401,0.796972
33402,0.179489
33403,0.957723
33404,0.524532
33405,0.313937
33406,0.532843
33407,0.854352
33408,0.764434
33409,0.415718
33410,0.755288
33411,0.750408
33412,0.778057
33413,0.636902
33414,0.830363
33415,0.689682
33416,0.731509
33417,0.956583
33418,0.887835
33419,0.663409
33420,0.966956
33421,0.671725
33422,0.436499
33423,0.656799
33424,0.978394
33425,0.947907
33426,0.795858
33427,0.735588
33428,0.805964
33429,0.784844
33430,0.794547
33431,0.607989
33432,0.61583
33433,0.818544
33434,0.683562
33435,0.800971
33436,0.99379
33437,0.701165
33438,0.71638
33439,0.613058
33440,0.813419
33441,0.488965
33442,0.385976
33443,0.415095
33444,0.920749
33445,0.710391
33446,0.504448
33447,0.599482
33448,0.867288
33449,0.666762
33450,0.950851
33451,0.825655
33452,0.094242
33453,0.957975
33454,0.841083
33455,0.858073
33456,0.653123
33457,0.904926
33458,0.733559
33459,0.628583
33460,0.765273
33461,0.706891
33462,0.582969
33463,0.824699
33464,0.891876
33465,0.547596
33466,0.934801
33467,0.779101
33468,0.862855
33469,0.825539
33470,0.942966
33471,0.831179
33472,0.536188
33473,0.667576
33474,0.685581
33475,0.838804
33476,0.961787
33477,0.635775
33478,0.935361
33479,0.402349
33480,0.624178
33481,0.973158
33482,0.64972
33483,0.889679
33484,0.506614
33485,0.587338
33486,0.906478
33487,0.631628
33488,0.695111
33489,0.762617
33490,0.693718
33491,0.349449
33492,0.98647
33493,0.273156
33494,0.915487
33495,0.685789
33496,0.818993
33497,0.698359
33498,0.575978
33499,0.869777
33500,0.960031
33501,0.980104
33502,0.861664
33503,0.880183
33504,0.676066
33505,0.836913
33506,0.731926
33507,0.57791
33508,0.801375
33509,0.933464
33510,0.634933
33511,0.948634
33512,0.845608
33513,0.829549
33514,0.882644
33515,0.627086
33516,0.955272
33517,0.627735
33518,0.686836
33519,0.353282
33520,0.862219
33521,0.824054
33522,0.831654
33523,0.830174
33524,0.922784
33525,0.633568
33526,0.742181
33527,0.781495
33528,0.941044
33529,0.729822
33530,0.829638
33531,0.573637
33532,0.56049
33533,0.509925
33534,0.464639
33535,0.924422
33536,0.884278
33537,0.830325
33538,0.68017
33539,0.738842
33540,0.77079
33541,0.691581
33542,0.965527
33543,0.827269
33544,0.27794
33545,0.879204
33546,0.740115
33547,0.972543
33548,0.778388
33549,0.522587
33550,0.817519
33551,0.686201
33552,0.084806
33553,0.78408
33554,0.415855
33555,0.902885
33556,0.356371
33557,0.684555
33558,0.505055
33559,0.880124
33560,0.868736
33561,0.693327
33562,0.768821
33563,0.857235
33564,0.996419
33565,0.574968
33566,0.958216
33567,0.730811
33568,0.689317
33569,0.872883
33570,0.798969
33571,0.790595
33572,0.697017
33573,0.613343
33574,0.657891
33575,0.596194
33576,0.86205
33577,0.728239
33578,0.845618
33579,0.805682
33580,0.786892
33581,0.830489
33582,0.945476
33583,0.639778
33584,0.860802
33585,0.913091
33586,0.582756
33587,0.851232
33588,0.967465
33589,0.725494
33590,0.623931
33591,0.910297
33592,0.852128
33593,0.966555
33594,0.960839
33595,0.550465
33596,0.687795
33597,0.683208
33598,0.740669
33599,0.863698
33600,0.723838
33601,0.499057
33602,0.709165
33603,0.989987
33604,0.794152
33605,0.98403
33606,0.910315
33607,0.993375
33608,0.468962
33609,0.389922
33610,0.989561
33611,0.486132
33612,0.767656
33613,0.97397
33614,0.666075
33615,0.949463
33616,0.792913
33617,0.91585
33618,0.912187
33619,0.647989
33620,0.702097
33621,0.312698
33622,0.774919
33623,0.993923
33624,0.804759
33625,0.801636
33626,0.697679
33627,0.767438
33628,0.836487
33629,0.542922
33630,0.750614
33631,0.970285
33632,0.729213
33633,0.674329
33634,0.69277
33635,0.803376
33636,0.777217
33637,0.687123
33638,0.810705
33639,0.666382
33640,0.581734
33641,0.888148
33642,0.811166
33643,0.942614
33644,0.550712
33645,0.948701
33646,0.431666
33647,0.894993
33648,0.638509
33649,0.775616
33650,0.478881
33651,0.23822
33652,0.657412
33653,0.684919
33654,0.747453
33655,0.630151
33656,0.678287
33657,0.695704
33658,0.691089
33659,0.967959
33660,0.957688
33661,0.843456
33662,0.771691
33663,0.401292
33664,0.700906
33665,0.936013
33666,0.064568
33667,0.970947
33668,0.833614
33669,0.921679
33670,0.650747
33671,0.746602
33672,0.511479
33673,0.973756
33674,0.84925
33675,0.797684
33676,0.981972
33677,0.544455
33678,0.729421
33679,0.606031
33680,0.657098
33681,0.605516
33682,0.192475
33683,0.723929
33684,0.745107
33685,0.738502
33686,0.698338
33687,0.72222
33688,0.732294
33689,0.812688
33690,0.823115
33691,0.633259
33692,0.578558
33693,0.598936
33694,0.975989
33695,0.746017
33696,0.506283
33697,0.592789
33698,0.684013
33699,0.984616
33700,0.967328
33701,0.708644
33702,0.979891
33703,0.76618
33704,0.903253
33705,0.867768
33706,0.620437
33707,0.731231
33708,0.925207
33709,0.728997
33710,0.80048
33711,0.255033
33712,0.866128
33713,0.738138
33714,0.904101
33715,0.811778
33716,0.618608
33717,0.549551
33718,0.873017
33719,0.585906
33720,0.952721
33721,0.416083
33722,0.719073
33723,0.949748
33724,0.676746
33725,0.962316
33726,0.696182
33727,0.659733
33728,0.841064
33729,0.691929
33730,0.61947
33731,0.798401
33732,0.714492
33733,0.454973
33734,0.786039
33735,0.736461
33736,0.918236
33737,0.868352
33738,0.643297
33739,0.635924
33740,0.869054
33741,0.605576
33742,0.532738
33743,0.673688
33744,0.761602
33745,0.495915
33746,0.688756
33747,0.978246
33748,0.610047
33749,0.803557
33750,0.822303
33751,0.898032
33752,0.969013
33753,0.604221
33754,0.670451
33755,0.880899
33756,0.880033
33757,0.657539
33758,0.933743
33759,0.587241
33760,0.701666
33761,0.869476
33762,0.641354
33763,0.557901
33764,0.497869
33765,0.891516
33766,0.843056
33767,0.108019
33768,0.669429
33769,0.761218
33770,0.600969
33771,0.098014
33772,0.51756
33773,0.917762
33774,0.993291
33775,0.769634
33776,0.552349
33777,0.758758
33778,0.585274
33779,0.946755
33780,0.455243
33781,0.943072
33782,0.799242
33783,0.866937
33784,0.95859
33785,0.848933
33786,0.614838
33787,0.842898
33788,0.741492
33789,0.855102
33790,0.772904
33791,0.814195
33792,0.952505
33793,0.588839
33794,0.456273
33795,0.631404
33796,0.700297
33797,0.786988
33798,0.557688
33799,0.553227
33800,0.917829
33801,0.869537
33802,0.033524
33803,0.721325
33804,0.664972
33805,0.938257
33806,0.0665
33807,0.825458
33808,0.503568
33809,0.474369
33810,0.836795
33811,0.611242
33812,0.986592
33813,0.719148
33814,0.932451
33815,0.739358
33816,0.614003
33817,0.949885
33818,0.671565
33819,0.598987
33820,0.666924
33821,0.668521
33822,0.826246
33823,0.191671
33824,0.68516
33825,0.797
33826,0.94916
33827,0.051311
33828,0.698012
33829,0.861386
33830,0.965891
33831,0.485025
33832,0.926402
33833,0.902187
33834,0.726239
33835,0.960278
33836,0.687508
33837,0.982168
33838,0.830221
33839,0.942068
33840,0.695358
33841,0.968854
33842,0.83282
33843,0.761411
33844,0.793313
33845,0.566849
33846,0.467024
33847,0.734284
33848,0.86857
33849,0.960871
33850,0.037026
33851,0.900474
33852,0.746097
33853,0.824875
33854,0.610643
33855,0.414708
33856,0.736372
33857,0.650274
33858,0.931394
33859,0.972984
33860,0.600248
33861,0.779774
33862,0.831362
33863,0.688737
33864,0.931686
33865,0.497933
33866,0.623207
33867,0.876459
33868,0.618568
33869,0.91104
33870,0.396986
33871,0.824813
33872,0.526621
33873,0.749911
33874,0.728308
33875,0.876605
33876,0.846479
33877,0.847645
33878,0.890713
33879,0.523352
33880,0.837925
33881,0.804806
33882,0.728172
33883,0.864735
33884,0.810615
33885,0.55733
33886,0.950054
33887,0.766028
33888,0.870054
33889,0.480055
33890,0.772742
33891,0.654336
33892,0.543431
33893,0.865868
33894,0.775915
33895,0.910403
33896,0.859617
33897,0.780011
33898,0.574432
33899,0.693967
33900,0.955012
33901,0.759451
33902,0.489466
33903,0.861718
33904,0.804326
33905,0.549565
33906,0.405699
33907,0.80605
33908,0.95087
33909,0.691092
33910,0.769559
33911,0.979396
33912,0.713704
33913,0.813048
33914,0.724554
33915,0.887553
33916,0.728464
33917,0.936453
33918,0.992184
33919,0.586546
33920,0.738929
33921,0.980206
33922,0.783815
33923,0.567295
33924,0.641763
33925,0.65278
33926,0.324892
33927,0.983641
33928,0.696338
33929,0.977607
33930,0.706107
33931,0.382384
33932,0.7032
33933,0.685325
33934,0.922109
33935,0.79648
33936,0.988104
33937,0.386835
33938,0.296289
33939,0.819929
33940,0.730959
33941,0.696305
33942,0.937111
33943,0.668117
33944,0.732351
33945,0.729955
33946,0.788934
33947,0.642861
33948,0.46774
33949,0.617517
33950,0.914842
33951,0.584902
33952,0.604263
33953,0.794796
33954,0.882672
33955,0.601117
33956,0.832494
33957,0.813867
33958,0.562747
33959,0.882706
33960,0.745582
33961,0.896545
33962,0.681084
33963,0.893245
33964,0.583692
33965,0.586416
33966,0.779254
33967,0.84699
33968,0.65198
33969,0.984853
33970,0.662624
33971,0.678043
33972,0.758492
33973,0.764044
33974,0.671827
33975,0.733098
33976,0.774044
33977,0.723268
33978,0.937752
33979,0.805393
33980,0.979563
33981,0.732194
33982,0.956533
33983,0.911542
33984,0.671772
33985,0.929361
33986,0.760573
33987,0.769001
33988,0.581951
33989,0.726617
33990,0.713552
33991,0.729512
33992,0.649533
33993,0.898017
33994,0.697717
33995,0.910773
33996,0.848161
33997,0.980492
33998,0.621507
33999,0.843374
34000,0.98101
34001,0.874092
34002,0.697306
34003,0.903058
34004,0.71767
34005,0.857468
34006,0.807808
34007,0.673143
34008,0.611973
34009,0.587845
34010,0.63121
34011,0.677701
34012,0.414955
34013,0.857268
34014,0.677591
34015,0.475313
34016,0.73224
34017,0.615779
34018,0.548275
34019,0.86496
34020,0.881538
34021,0.747415
34022,0.578359
34023,0.85652
34024,0.494357
34025,0.545688
34026,0.799279
34027,0.899015
34028,0.806453
34029,0.692442
34030,0.779012
34031,0.755845
34032,0.917087
34033,0.745092
34034,0.965087
34035,0.930341
34036,0.461878
34037,0.79514
34038,0.9701
34039,0.142269
34040,0.538959
34041,0.66856
34042,0.517356
34043,0.910062
34044,0.85511
34045,0.932022
34046,0.494968
34047,0.504458
34048,0.295513
34049,0.710931
34050,0.392169
34051,0.478924
34052,0.713991
34053,0.703046
34054,0.974162
34055,0.881491
34056,0.520751
34057,0.790226
34058,0.515218
34059,0.508327
34060,0.966787
34061,0.923289
34062,0.835388
34063,0.895078
34064,0.507248
34065,0.611815
34066,0.681407
34067,0.759789
34068,0.663523
34069,0.803396
34070,0.884806
34071,0.916321
34072,0.694877
34073,0.490178
34074,0.621809
34075,0.842428
34076,0.772785
34077,0.971285
34078,0.75991
34079,0.880255
34080,0.537187
34081,0.919058
34082,0.616087
34083,0.738288
34084,0.83695
34085,0.81074
34086,0.8863
34087,0.758154
34088,0.61315
34089,0.792839
34090,0.657592
34091,0.936819
34092,0.414861
34093,0.599681
34094,0.136468
34095,0.694972
34096,0.707799
34097,0.883653
34098,0.732683
34099,0.676735
34100,0.726808
34101,0.988037
34102,0.46855
34103,0.774895
34104,0.870738
34105,0.803785
34106,0.855512
34107,0.883933
34108,0.716441
34109,0.836528
34110,0.806492
34111,0.295461
34112,0.880467
34113,0.823689
34114,0.937778
34115,0.888749
34116,0.44532
34117,0.623288
34118,0.871802
34119,0.69938
34120,0.883219
34121,0.694732
34122,0.874511
34123,0.297513
34124,0.992277
34125,0.866285
34126,0.561114
34127,0.841638
34128,0.858768
34129,0.250155
34130,0.955596
34131,0.492329
34132,0.661513
34133,0.966913
34134,0.893235
34135,0.267084
34136,0.878117
34137,0.795435
34138,0.583505
34139,0.794745
34140,0.964873
34141,0.920863
34142,0.667076
34143,0.430748
34144,0.755565
34145,0.631487
34146,0.655415
34147,0.769218
34148,0.843131
34149,0.07607
34150,0.66092
34151,0.818159
34152,0.685177
34153,0.790938
34154,0.789038
34155,0.802451
34156,0.852086
34157,0.393408
34158,0.519019
34159,0.612761
34160,0.564079
34161,0.471937
34162,0.800897
34163,0.866183
34164,0.566079
34165,0.97603
34166,0.619137
34167,0.642597
34168,0.821858
34169,0.508929
34170,0.056124
34171,0.588552
34172,0.724044
34173,0.681893
34174,0.612019
34175,0.120239
34176,0.703407
34177,0.478275
34178,0.429963
34179,0.549523
34180,0.707617
34181,0.934591
34182,0.743293
34183,0.946936
34184,0.714061
34185,0.444068
34186,0.795007
34187,0.656799
34188,0.779283
34189,0.796141
34190,0.926616
34191,0.730103
34192,0.773682
34193,0.402543
34194,0.841217
34195,0.8624
34196,0.599877
34197,0.677932
34198,0.686013
34199,0.471499
34200,0.901587
34201,0.877974
34202,0.544269
34203,0.666529
34204,0.704987
34205,0.776781
34206,0.625512
34207,0.827082
34208,0.972951
34209,0.830328
34210,0.695329
34211,0.384138
34212,0.547716
34213,0.836746
34214,0.984745
34215,0.620154
34216,0.972183
34217,0.905138
34218,0.490754
34219,0.511503
34220,0.767632
34221,0.86209
34222,0.23502
34223,0.614845
34224,0.391097
34225,0.547653
34226,0.788415
34227,0.830671
34228,0.514174
34229,0.988559
34230,0.438378
34231,0.753023
34232,0.737552
34233,0.840336
34234,0.464296
34235,0.504323
34236,0.781176
34237,0.900099
34238,0.934362
34239,0.635876
34240,0.582918
34241,0.612275
34242,0.692028
34243,0.927551
34244,0.498342
34245,0.764391
34246,0.797132
34247,0.554467
34248,0.897542
34249,0.905481
34250,0.673658
34251,0.490719
34252,0.473879
34253,0.644679
34254,0.618112
34255,0.884271
34256,0.783874
34257,0.778086
34258,0.707099
34259,0.969989
34260,0.539535
34261,0.671739
34262,0.559208
34263,0.479262
34264,0.627881
34265,0.185372
34266,0.786353
34267,0.892218
34268,0.519589
34269,0.913849
34270,0.786387
34271,0.991742
34272,0.949897
34273,0.782541
34274,0.699268
34275,0.549106
34276,0.6673
34277,0.581529
34278,0.394757
34279,0.566706
34280,0.57093
34281,0.265472
34282,0.639367
34283,0.709807
34284,0.844672
34285,0.222455
34286,0.827793
34287,0.686553
34288,0.724924
34289,0.751493
34290,0.272394
34291,0.873311
34292,0.568839
34293,0.868812
34294,0.848145
34295,0.697309
34296,0.841517
34297,0.370392
34298,0.946939
34299,0.556228
34300,0.515263
34301,0.929534
34302,0.802994
34303,0.686867
34304,0.974779
34305,0.654271
34306,0.856072
34307,0.563101
34308,0.956843
34309,0.863983
34310,0.792982
34311,0.655488
34312,0.786336
34313,0.765848
34314,0.617358
34315,0.706686
34316,0.79657
34317,0.782823
34318,0.752297
34319,0.710838
34320,0.75312
34321,0.666235
34322,0.738334
34323,0.910115
34324,0.91605
34325,0.173931
34326,0.486325
34327,0.727682
34328,0.422325
34329,0.664822
34330,0.843505
34331,0.952258
34332,0.652051
34333,0.671672
34334,0.976585
34335,0.653458
34336,0.615661
34337,0.801648
34338,0.788814
34339,0.962254
34340,0.942396
34341,0.672231
34342,0.833605
34343,0.718101
34344,0.583133
34345,0.785791
34346,0.691753
34347,0.555288
34348,0.579219
34349,0.663201
34350,0.872634
34351,0.673881
34352,0.694154
34353,0.939846
34354,0.51257
34355,0.623346
34356,0.845412
34357,0.661617
34358,0.966486
34359,0.230691
34360,0.936173
34361,0.597786
34362,0.83468
34363,0.72701
34364,0.786618
34365,0.507653
34366,0.775101
34367,0.303461
34368,0.727005
34369,0.797069
34370,0.798497
34371,0.541507
34372,0.954402
34373,0.810562
34374,0.95151
34375,0.747961
34376,0.961831
34377,0.730662
34378,0.697735
34379,0.674737
34380,0.866475
34381,0.885034
34382,0.535227
34383,0.698689
34384,0.655949
34385,0.538602
34386,0.337448
34387,0.937236
34388,0.952187
34389,0.607479
34390,0.631709
34391,0.913797
34392,0.762622
34393,0.828088
34394,0.812868
34395,0.980621
34396,0.378133
34397,0.743099
34398,0.853417
34399,0.701069
34400,0.957926
34401,0.582076
34402,0.628345
34403,0.742503
34404,0.78713
34405,0.782766
34406,0.660988
34407,0.81756
34408,0.682576
34409,0.592042
34410,0.75006
34411,0.748284
34412,0.659888
34413,0.758114
34414,0.533869
34415,0.961561
34416,0.903157
34417,0.84325
34418,0.857795
34419,0.716007
34420,0.702061
34421,0.735896
34422,0.939015
34423,0.685134
34424,0.716305
34425,0.651587
34426,0.825181
34427,0.91404
34428,0.801421
34429,0.679541
34430,0.907591
34431,0.117727
34432,0.665319
34433,0.977431
34434,0.990373
34435,0.711827
34436,0.593246
34437,0.515771
34438,0.765126
34439,0.930662
34440,0.778185
34441,0.971797
34442,0.674868
34443,0.745011
34444,0.660368
34445,0.645301
34446,0.487272
34447,0.777799
34448,0.777166
34449,0.832235
34450,0.958868
34451,0.921433
34452,0.763594
34453,0.799561
34454,0.527589
34455,0.906758
34456,0.824582
34457,0.697948
34458,0.713222
34459,0.880755
34460,0.726704
34461,0.519944
34462,0.970349
34463,0.603806
34464,0.790373
34465,0.754469
34466,0.671727
34467,0.574725
34468,0.021878
34469,0.645487
34470,0.778013
34471,0.682876
34472,0.975846
34473,0.719868
34474,0.750163
34475,0.825175
34476,0.849486
34477,0.897414
34478,0.647835
34479,0.799062
34480,0.784376
34481,0.837951
34482,0.926508
34483,0.304492
34484,0.810184
34485,0.548976
34486,0.798725
34487,0.547953
34488,0.696142
34489,0.522981
34490,0.961825
34491,0.886911
34492,0.646108
34493,0.538966
34494,0.498732
34495,0.930716
34496,0.962513
34497,0.565548
34498,0.655826
34499,0.636478
34500,0.444926
34501,0.460369
34502,0.70922
34503,0.606021
34504,0.557503
34505,0.651855
34506,0.405353
34507,0.876315
34508,0.963967
34509,0.679147
34510,0.565201
34511,0.673254
34512,0.038088
34513,0.960729
34514,0.620941
34515,0.633283
34516,0.734007
34517,0.723353
34518,0.986429
34519,0.24473
34520,0.73464
34521,0.717384
34522,0.19756
34523,0.816209
34524,0.765163
34525,0.934166
34526,0.800283
34527,0.959412
34528,0.938893
34529,0.698671
34530,0.346321
34531,0.512322
34532,0.804642
34533,0.495773
34534,0.958176
34535,0.594292
34536,0.706599
34537,0.884604
34538,0.819397
34539,0.785826
34540,0.831126
34541,0.374733
34542,0.721818
34543,0.728489
34544,0.878493
34545,0.958408
34546,0.610717
34547,0.513957
34548,0.826443
34549,0.942239
34550,0.978313
34551,0.453362
34552,0.806623
34553,0.881497
34554,0.490644
34555,0.688682
34556,0.812677
34557,0.911086
34558,0.653854
34559,0.904864
34560,0.692229
34561,0.569835
34562,0.949355
34563,0.985308
34564,0.816235
34565,0.975503
34566,0.779235
34567,0.868537
34568,0.62666
34569,0.921869
34570,0.725917
34571,0.875793
34572,0.42295
34573,0.693219
34574,0.486043
34575,0.634077
34576,0.655922
34577,0.74567
34578,0.855009
34579,0.953601
34580,0.839354
34581,0.939999
34582,0.942719
34583,0.814031
34584,0.735162
34585,0.48516
34586,0.495059
34587,0.132189
34588,0.791643
34589,0.560171
34590,0.645448
34591,0.835135
34592,0.598722
34593,0.730061
34594,0.125911
34595,0.842872
34596,0.829607
34597,0.522583
34598,0.761866
34599,0.694271
34600,0.72159
34601,0.874815
34602,0.918485
34603,0.738049
34604,0.920083
34605,0.681848
34606,0.729124
34607,0.824112
34608,0.823022
34609,0.545228
34610,0.866186
34611,0.44197
34612,0.783947
34613,0.619172
34614,0.490093
34615,0.914419
34616,0.919287
34617,0.75122
34618,0.797134
34619,0.269882
34620,0.68599
34621,0.85865
34622,0.733062
34623,0.816818
34624,0.970224
34625,0.574243
34626,0.662493
34627,0.800591
34628,0.689285
34629,0.674303
34630,0.823598
34631,0.688746
34632,0.565984
34633,0.925267
34634,0.597502
34635,0.812237
34636,0.499059
34637,0.511902
34638,0.332028
34639,0.936169
34640,0.173055
34641,0.714731
34642,0.964495
34643,0.509523
34644,0.664871
34645,0.927715
34646,0.871991
34647,0.835627
34648,0.411697
34649,0.846835
34650,0.736185
34651,0.376517
34652,0.352122
34653,0.782114
34654,0.964083
34655,0.641151
34656,0.970511
34657,0.897231
34658,0.982983
34659,0.902337
34660,0.062307
34661,0.696252
34662,0.493224
34663,0.933736
34664,0.982874
34665,0.777214
34666,0.770886
34667,0.895715
34668,0.459161
34669,0.789138
34670,0.840927
34671,0.822028
34672,0.955714
34673,0.765257
34674,0.847399
34675,0.621483
34676,0.9651
34677,0.669178
34678,0.608239
34679,0.220638
34680,0.847116
34681,0.726169
34682,0.584723
34683,0.875711
34684,0.714702
34685,0.785376
34686,0.585928
34687,0.518072
34688,0.534284
34689,0.772017
34690,0.862789
34691,0.551472
34692,0.595905
34693,0.857532
34694,0.910961
34695,0.513463
34696,0.607185
34697,0.670354
34698,0.724551
34699,0.762873
34700,0.761345
34701,0.699873
34702,0.652568
34703,0.684248
34704,0.727306
34705,0.841863
34706,0.968716
34707,0.850781
34708,0.836148
34709,0.895404
34710,0.791482
34711,0.954776
34712,0.627618
34713,0.60081
34714,0.951368
34715,0.837298
34716,0.629927
34717,0.841033
34718,0.982046
34719,0.974782
34720,0.681195
34721,0.867099
34722,0.86681
34723,0.203134
34724,0.718401
34725,0.852186
34726,0.821593
34727,0.981335
34728,0.795834
34729,0.950512
34730,0.632915
34731,0.792266
34732,0.700814
34733,0.887733
34734,0.743883
34735,0.70715
34736,0.602765
34737,0.855345
34738,0.864143
34739,0.847718
34740,0.611345
34741,0.685553
34742,0.637588
34743,0.709232
34744,0.750886
34745,0.829281
34746,0.817051
34747,0.875023
34748,0.557623
34749,0.519938
34750,0.146458
34751,0.916404
34752,0.552753
34753,0.753427
34754,0.715597
34755,0.969552
34756,0.719382
34757,0.893059
34758,0.561683
34759,0.714297
34760,0.93752
34761,0.603006
34762,0.821634
34763,0.836608
34764,0.814331
34765,0.856445
34766,0.871216
34767,0.893352
34768,0.582879
34769,0.704709
34770,0.733767
34771,0.554453
34772,0.824781
34773,0.983708
34774,0.822304
34775,0.461708
34776,0.726678
34777,0.893603
34778,0.35191
34779,0.913106
34780,0.704616
34781,0.525592
34782,0.977081
34783,0.739878
34784,0.830129
34785,0.880571
34786,0.346291
34787,0.529518
34788,0.455746
34789,0.75924
34790,0.686605
34791,0.606341
34792,0.960696
34793,0.720868
34794,0.762872
34795,0.867398
34796,0.742274
34797,0.800467
34798,0.842203
34799,0.538187
34800,0.83992
34801,0.975923
34802,0.988462
34803,0.550878
34804,0.7469
34805,0.47453
34806,0.869693
34807,0.434793
34808,0.700194
34809,0.521587
34810,0.419109
34811,0.807891
34812,0.69773
34813,0.794259
34814,0.733183
34815,0.956809
34816,0.683006
34817,0.527265
34818,0.799449
34819,0.778842
34820,0.979495
34821,0.571397
34822,0.681807
34823,0.8337
34824,0.730425
34825,0.645437
34826,0.942853
34827,0.863844
34828,0.995438
34829,0.482896
34830,0.944771
34831,0.621671
34832,0.711465
34833,0.888879
34834,0.469445
34835,0.545373
34836,0.919856
34837,0.953048
34838,0.828285
34839,0.580961
34840,0.339755
34841,0.661846
34842,0.692939
34843,0.8312
34844,0.695777
34845,0.729753
34846,0.837758
34847,0.776938
34848,0.561596
34849,0.445411
34850,0.064596
34851,0.524722
34852,0.934595
34853,0.86322
34854,0.087689
34855,0.936764
34856,0.868182
34857,0.963334
34858,0.437
34859,0.725121
34860,0.618262
34861,0.716656
34862,0.504944
34863,0.668414
34864,0.839272
34865,0.90978
34866,0.972488
34867,0.700959
34868,0.766396
34869,0.704591
34870,0.904355
34871,0.589629
34872,0.808837
34873,0.954261
34874,0.751618
34875,0.60707
34876,0.614838
34877,0.477586
34878,0.954118
34879,0.406898
34880,0.905549
34881,0.775838
34882,0.693569
34883,0.831443
34884,0.632592
34885,0.925421
34886,0.602974
34887,0.76855
34888,0.642937
34889,0.738536
34890,0.941859
34891,0.734794
34892,0.838892
34893,0.759116
34894,0.452812
34895,0.977126
34896,0.566923
34897,0.68028
34898,0.702025
34899,0.922637
34900,0.577157
34901,0.918631
34902,0.752131
34903,0.721884
34904,0.493957
34905,0.704413
34906,0.775713
34907,0.863636
34908,0.715239
34909,0.92129
34910,0.465117
34911,0.569534
34912,0.961534
34913,0.835512
34914,0.699247
34915,0.64979
34916,0.294768
34917,0.759442
34918,0.735462
34919,0.813462
34920,0.555996
34921,0.754297
34922,0.279183
34923,0.571922
34924,0.699345
34925,0.920414
34926,0.080395
34927,0.889043
34928,0.695633
34929,0.771687
34930,0.724386
34931,0.5398
34932,0.618895
34933,0.970172
34934,0.076802
34935,0.697848
34936,0.939815
34937,0.763029
34938,0.463239
34939,0.776582
34940,0.972694
34941,0.592018
34942,0.511927
34943,0.080045
34944,0.990533
34945,0.311018
34946,0.767449
34947,0.363341
34948,0.582923
34949,0.974027
34950,0.723423
34951,0.712972
34952,0.721824
34953,0.82249
34954,0.918671
34955,0.95928
34956,0.67174
34957,0.69496
34958,0.788757
34959,0.842644
34960,0.678373
34961,0.447004
34962,0.497205
34963,0.91579
34964,0.46805
34965,0.743872
34966,0.953873
34967,0.57108
34968,0.759936
34969,0.541813
34970,0.768129
34971,0.898831
34972,0.669589
34973,0.479991
34974,0.522573
34975,0.910535
34976,0.823464
34977,0.84913
34978,0.721139
34979,0.949896
34980,0.681971
34981,0.878179
34982,0.969158
34983,0.831945
34984,0.495168
34985,0.895118
34986,0.76784
34987,0.758297
34988,0.743881
34989,0.702421
34990,0.962404
34991,0.63856
34992,0.882444
34993,0.878211
34994,0.822153
34995,0.824059
34996,0.877863
34997,0.81948
34998,0.963471
34999,0.669849
35000,0.857312
35001,0.842039
35002,0.979252
35003,0.909106
35004,0.547244
35005,0.971013
35006,0.79828
35007,0.678399
35008,0.817625
35009,0.981774
35010,0.970585
35011,0.873724
35012,0.639046
35013,0.908065
35014,0.791934
35015,0.635724
35016,0.583302
35017,0.490295
35018,0.897066
35019,0.795867
35020,0.537676
35021,0.848951
35022,0.874414
35023,0.871073
35024,0.897772
35025,0.781664
35026,0.716845
35027,0.670159
35028,0.97322
35029,0.9826
35030,0.665539
35031,0.679548
35032,0.738412
35033,0.373763
35034,0.890356
35035,0.689424
35036,0.690334
35037,0.801612
35038,0.310478
35039,0.845374
35040,0.781281
35041,0.512154
35042,0.748311
35043,0.584649
35044,0.568129
35045,0.716261
35046,0.912362
35047,0.825527
35048,0.599208
35049,0.93925
35050,0.775833
35051,0.634535
35052,0.99296
35053,0.693032
35054,0.517411
35055,0.853868
35056,0.793791
35057,0.76015
35058,0.773276
35059,0.617463
35060,0.702839
35061,0.649107
35062,0.468001
35063,0.673544
35064,0.642106
35065,0.632557
35066,0.760402
35067,0.63464
35068,0.861839
35069,0.705348
35070,0.799717
35071,0.511197
35072,0.376188
35073,0.985338
35074,0.864943
35075,0.596788
35076,0.718716
35077,0.707363
35078,0.874124
35079,0.696487
35080,0.738986
35081,0.930503
35082,0.91117
35083,0.863978
35084,0.993265
35085,0.760576
35086,0.77279
35087,0.785665
35088,0.911159
35089,0.811054
35090,0.661688
35091,0.98727
35092,0.873733
35093,0.482972
35094,0.597814
35095,0.415183
35096,0.887291
35097,0.98079
35098,0.610853
35099,0.634459
35100,0.033935
35101,0.706581
35102,0.822384
35103,0.368247
35104,0.931165
35105,0.510014
35106,0.674267
35107,0.675711
35108,0.720198
35109,0.527877
35110,0.601581
35111,0.382248
35112,0.708962
35113,0.911939
35114,0.668841
35115,0.727922
35116,0.810278
35117,0.722551
35118,0.881136
35119,0.885028
35120,0.659061
35121,0.660526
35122,0.647419
35123,0.259312
35124,0.920699
35125,0.724392
35126,0.852055
35127,0.959254
35128,0.912557
35129,0.725755
35130,0.985255
35131,0.965785
35132,0.516622
35133,0.501202
35134,0.78469
35135,0.909633
35136,0.085871
35137,0.805944
35138,0.497555
35139,0.612389
35140,0.627464
35141,0.570044
35142,0.774172
35143,0.990103
35144,0.856347
35145,0.976335
35146,0.865006
35147,0.416796
35148,0.734905
35149,0.816248
35150,0.782094
35151,0.94634
35152,0.482294
35153,0.684697
35154,0.517399
35155,0.86607
35156,0.933551
35157,0.953154
35158,0.440371
35159,0.765634
35160,0.587638
35161,0.944972
35162,0.505759
35163,0.906168
35164,0.930265
35165,0.852522
35166,0.58931
35167,0.665557
35168,0.944914
35169,0.171121
35170,0.664658
35171,0.693386
35172,0.799492
35173,0.417449
35174,0.092022
35175,0.782971
35176,0.96416
35177,0.943682
35178,0.915871
35179,0.952537
35180,0.783643
35181,0.847207
35182,0.969998
35183,0.953616
35184,0.64597
35185,0.907992
35186,0.956565
35187,0.569386
35188,0.868913
35189,0.851852
35190,0.690173
35191,0.829034
35192,0.693105
35193,0.972776
35194,0.820487
35195,0.742825
35196,0.285331
35197,0.564457
35198,0.527729
35199,0.854006
35200,0.512666
35201,0.605702
35202,0.892843
35203,0.532797
35204,0.792488
35205,0.426765
35206,0.494337
35207,0.320208
35208,0.635541
35209,0.766885
35210,0.483392
35211,0.462144
35212,0.749398
35213,0.628358
35214,0.862409
35215,0.918475
35216,0.30508
35217,0.747294
35218,0.810015
35219,0.557457
35220,0.895304
35221,0.984699
35222,0.865176
35223,0.753142
35224,0.587049
35225,0.978473
35226,0.609371
35227,0.771982
35228,0.720787
35229,0.579996
35230,0.658166
35231,0.791425
35232,0.863317
35233,0.873681
35234,0.438573
35235,0.786491
35236,0.664357
35237,0.240065
35238,0.638959
35239,0.739138
35240,0.859149
35241,0.383767
35242,0.854239
35243,0.509049
35244,0.977583
35245,0.782344
35246,0.681729
35247,0.797986
35248,0.956134
35249,0.719486
35250,0.751141
35251,0.923108
35252,0.276632
35253,0.677653
35254,0.720446
35255,0.610352
35256,0.321088
35257,0.553877
35258,0.994252
35259,0.770522
35260,0.67237
35261,0.48121
35262,0.752739
35263,0.969071
35264,0.699694
35265,0.892274
35266,0.648999
35267,0.908253
35268,0.689506
35269,0.784652
35270,0.424093
35271,0.75339
35272,0.8368
35273,0.649015
35274,0.411598
35275,0.108406
35276,0.807837
35277,0.653192
35278,0.523255
35279,0.872882
35280,0.775517
35281,0.734078
35282,0.726171
35283,0.862291
35284,0.978583
35285,0.480324
35286,0.745179
35287,0.66821
35288,0.773393
35289,0.987479
35290,0.688509
35291,0.733615
35292,0.884615
35293,0.914959
35294,0.399318
35295,0.028984
35296,0.737874
35297,0.898713
35298,0.076006
35299,0.649499
35300,0.897738
35301,0.958125
35302,0.263296
35303,0.846751
35304,0.907776
35305,0.830851
35306,0.805167
35307,0.51945
35308,0.769134
35309,0.770387
35310,0.648156
35311,0.863834
35312,0.803051
35313,0.683762
35314,0.978009
35315,0.785132
35316,0.811735
35317,0.651002
35318,0.820083
35319,0.447755
35320,0.606892
35321,0.566311
35322,0.437424
35323,0.726371
35324,0.941728
35325,0.741912
35326,0.413176
35327,0.937091
35328,0.834839
35329,0.712635
35330,0.808755
35331,0.82488
35332,0.626897
35333,0.792289
35334,0.342585
35335,0.754425
35336,0.879091
35337,0.95883
35338,0.825778
35339,0.684235
35340,0.910153
35341,0.098256
35342,0.762667
35343,0.739363
35344,0.961187
35345,0.890014
35346,0.879526
35347,0.724301
35348,0.960489
35349,0.634326
35350,0.577246
35351,0.485536
35352,0.965431
35353,0.70626
35354,0.628461
35355,0.869018
35356,0.216082
35357,0.70612
35358,0.649841
35359,0.587498
35360,0.540958
35361,0.73262
35362,0.402281
35363,0.706763
35364,0.807253
35365,0.855967
35366,0.682231
35367,0.77543
35368,0.905095
35369,0.939237
35370,0.943904
35371,0.833288
35372,0.675602
35373,0.567195
35374,0.566181
35375,0.876859
35376,0.268437
35377,0.852528
35378,0.932823
35379,0.954061
35380,0.840367
35381,0.610211
35382,0.942578
35383,0.981329
35384,0.509383
35385,0.825016
35386,0.447686
35387,0.391068
35388,0.835011
35389,0.894395
35390,0.543198
35391,0.832704
35392,0.582895
35393,0.548902
35394,0.380295
35395,0.703282
35396,0.647528
35397,0.582069
35398,0.85967
35399,0.788088
35400,0.850023
35401,0.540667
35402,0.854999
35403,0.672096
35404,0.505628
35405,0.748977
35406,0.335427
35407,0.625361
35408,0.948921
35409,0.730431
35410,0.962237
35411,0.635833
35412,0.473731
35413,0.952419
35414,0.876612
35415,0.790734
35416,0.488426
35417,0.634901
35418,0.646094
35419,0.765799
35420,0.609008
35421,0.951097
35422,0.510117
35423,0.972811
35424,0.373045
35425,0.463259
35426,0.65363
35427,0.873892
35428,0.647028
35429,0.949774
35430,0.342103
35431,0.744837
35432,0.671011
35433,0.774397
35434,0.597928
35435,0.117524
35436,0.603965
35437,0.611681
35438,0.83033
35439,0.708313
35440,0.599798
35441,0.956189
35442,0.506594
35443,0.722573
35444,0.703471
35445,0.992758
35446,0.600705
35447,0.888079
35448,0.751887
35449,0.744301
35450,0.907077
35451,0.867744
35452,0.450652
35453,0.518883
35454,0.988663
35455,0.717867
35456,0.77193
35457,0.614004
35458,0.751981
35459,0.738704
35460,0.762638
35461,0.569246
35462,0.5714
35463,0.595573
35464,0.733141
35465,0.90904
35466,0.82413
35467,0.596838
35468,0.817601
35469,0.775443
35470,0.712203
35471,0.616323
35472,0.337296
35473,0.392304
35474,0.82377
35475,0.401067
35476,0.871523
35477,0.678191
35478,0.837368
35479,0.732456
35480,0.820866
35481,0.973462
35482,0.199018
35483,0.631232
35484,0.921928
35485,0.760687
35486,0.703843
35487,0.965338
35488,0.944624
35489,0.876124
35490,0.79367
35491,0.719125
35492,0.725569
35493,0.763255
35494,0.930504
35495,0.877879
35496,0.707472
35497,0.476834
35498,0.86409
35499,0.596034
35500,0.660278
35501,0.844328
35502,0.834322
35503,0.584918
35504,0.843896
35505,0.060415
35506,0.387782
35507,0.908461
35508,0.786165
35509,0.876415
35510,0.80777
35511,0.446264
35512,0.973399
35513,0.653874
35514,0.902222
35515,0.907226
35516,0.832403
35517,0.924753
35518,0.722982
35519,0.847737
35520,0.885129
35521,0.912615
35522,0.22089
35523,0.704076
35524,0.65927
35525,0.977932
35526,0.871576
35527,0.780361
35528,0.771405
35529,0.74915
35530,0.898292
35531,0.7514
35532,0.768631
35533,0.681529
35534,0.488147
35535,0.488742
35536,0.596714
35537,0.834232
35538,0.138353
35539,0.835229
35540,0.760196
35541,0.750631
35542,0.919643
35543,0.635478
35544,0.334763
35545,0.895337
35546,0.972153
35547,0.808315
35548,0.842032
35549,0.81897
35550,0.974639
35551,0.598415
35552,0.793338
35553,0.815094
35554,0.078442
35555,0.444776
35556,0.67477
35557,0.941132
35558,0.895632
35559,0.359021
35560,0.784447
35561,0.602639
35562,0.31402
35563,0.836302
35564,0.865601
35565,0.832537
35566,0.758649
35567,0.560371
35568,0.952359
35569,0.808282
35570,0.271311
35571,0.825635
35572,0.643457
35573,0.349225
35574,0.507958
35575,0.334735
35576,0.722125
35577,0.628822
35578,0.748023
35579,0.78523
35580,0.367874
35581,0.646621
35582,0.740556
35583,0.150573
35584,0.65909
35585,0.78672
35586,0.804007
35587,0.585496
35588,0.810061
35589,0.393258
35590,0.896252
35591,0.920086
35592,0.74082
35593,0.538049
35594,0.735574
35595,0.420429
35596,0.891875
35597,0.982561
35598,0.897099
35599,0.707539
35600,0.960403
35601,0.533466
35602,0.948683
35603,0.979574
35604,0.987435
35605,0.137596
35606,0.822337
35607,0.790698
35608,0.939961
35609,0.757868
35610,0.71255
35611,0.65287
35612,0.262257
35613,0.556662
35614,0.922723
35615,0.603347
35616,0.729114
35617,0.892262
35618,0.642756
35619,0.785658
35620,0.575708
35621,0.890554
35622,0.919321
35623,0.538632
35624,0.897656
35625,0.950626
35626,0.878631
35627,0.686137
35628,0.71648
35629,0.68354
35630,0.941536
35631,0.407797
35632,0.610058
35633,0.276756
35634,0.775605
35635,0.683348
35636,0.98016
35637,0.787897
35638,0.600243
35639,0.89395
35640,0.845996
35641,0.635681
35642,0.835541
35643,0.980497
35644,0.923212
35645,0.760415
35646,0.462827
35647,0.981031
35648,0.516922
35649,0.560091
35650,0.804393
35651,0.705773
35652,0.745278
35653,0.485154
35654,0.685782
35655,0.605507
35656,0.735466
35657,0.748811
35658,0.849112
35659,0.807909
35660,0.94731
35661,0.341906
35662,0.780577
35663,0.561906
35664,0.685044
35665,0.491401
35666,0.692208
35667,0.763167
35668,0.910841
35669,0.699727
35670,0.928095
35671,0.786082
35672,0.406146
35673,0.736753
35674,0.597702
35675,0.924555
35676,0.573359
35677,0.950337
35678,0.821789
35679,0.926965
35680,0.737217
35681,0.754046
35682,0.779191
35683,0.874207
35684,0.898884
35685,0.666474
35686,0.73264
35687,0.291825
35688,0.853653
35689,0.392201
35690,0.976654
35691,0.845193
35692,0.831297
35693,0.831537
35694,0.685063
35695,0.664996
35696,0.061195
35697,0.878077
35698,0.577196
35699,0.541293
35700,0.780822
35701,0.599341
35702,0.758919
35703,0.535316
35704,0.686567
35705,0.719771
35706,0.957344
35707,0.491955
35708,0.948123
35709,0.964202
35710,0.913989
35711,0.707476
35712,0.706971
35713,0.643251
35714,0.334036
35715,0.790558
35716,0.604863
35717,0.753643
35718,0.629835
35719,0.618576
35720,0.8294
35721,0.379175
35722,0.954573
35723,0.599436
35724,0.926341
35725,0.806663
35726,0.674175
35727,0.854964
35728,0.840938
35729,0.953221
35730,0.710922
35731,0.723106
35732,0.701464
35733,0.723754
35734,0.58083
35735,0.603223
35736,0.753333
35737,0.715586
35738,0.319371
35739,0.945559
35740,0.803776
35741,0.825662
35742,0.550582
35743,0.535148
35744,0.710403
35745,0.63109
35746,0.935089
35747,0.468356
35748,0.884825
35749,0.654934
35750,0.942216
35751,0.490612
35752,0.912853
35753,0.622514
35754,0.580141
35755,0.800793
35756,0.935959
35757,0.929711
35758,0.935396
35759,0.657089
35760,0.954776
35761,0.576439
35762,0.512397
35763,0.750559
35764,0.492744
35765,0.511659
35766,0.34096
35767,0.857191
35768,0.878149
35769,0.68284
35770,0.824789
35771,0.71846
35772,0.960343
35773,0.495451
35774,0.745089
35775,0.551937
35776,0.576239
35777,0.907591
35778,0.711295
35779,0.550425
35780,0.942165
35781,0.446972
35782,0.907814
35783,0.885144
35784,0.825443
35785,0.742584
35786,0.76757
35787,0.967368
35788,0.919051
35789,0.956725
35790,0.654223
35791,0.553101
35792,0.892857
35793,0.620879
35794,0.65151
35795,0.948982
35796,0.391289
35797,0.534535
35798,0.925015
35799,0.309201
35800,0.984759
35801,0.988504
35802,0.798583
35803,0.416668
35804,0.328757
35805,0.699242
35806,0.879875
35807,0.681125
35808,0.900664
35809,0.94156
35810,0.848082
35811,0.696226
35812,0.828429
35813,0.654257
35814,0.648117
35815,0.73035
35816,0.95566
35817,0.787714
35818,0.409556
35819,0.720415
35820,0.890305
35821,0.620637
35822,0.54061
35823,0.668011
35824,0.662869
35825,0.800218
35826,0.688788
35827,0.589045
35828,0.656423
35829,0.87222
35830,0.863826
35831,0.898812
35832,0.486132
35833,0.477762
35834,0.671272
35835,0.516561
35836,0.947158
35837,0.528122
35838,0.938946
35839,0.544457
35840,0.625441
35841,0.762939
35842,0.719141
35843,0.887704
35844,0.850948
35845,0.672091
35846,0.974424
35847,0.436243
35848,0.307104
35849,0.31223
35850,0.879148
35851,0.861163
35852,0.551868
35853,0.375968
35854,0.471212
35855,0.890186
35856,0.118343
35857,0.858845
35858,0.488437
35859,0.769095
35860,0.560774
35861,0.738565
35862,0.695122
35863,0.897566
35864,0.863306
35865,0.613783
35866,0.969512
35867,0.802124
35868,0.896655
35869,0.551222
35870,0.846701
35871,0.840233
35872,0.825544
35873,0.657146
35874,0.38363
35875,0.657976
35876,0.661931
35877,0.852128
35878,0.736249
35879,0.412622
35880,0.548023
35881,0.431175
35882,0.542634
35883,0.878456
35884,0.571656
35885,0.946671
35886,0.57658
35887,0.855113
35888,0.675122
35889,0.485343
35890,0.897197
35891,0.930796
35892,0.786425
35893,0.927128
35894,0.852275
35895,0.708882
35896,0.93075
35897,0.82552
35898,0.635048
35899,0.978071
35900,0.693125
35901,0.261214
35902,0.911958
35903,0.600812
35904,0.578181
35905,0.658813
35906,0.215076
35907,0.847966
35908,0.915399
35909,0.587252
35910,0.921844
35911,0.504195
35912,0.531657
35913,0.918409
35914,0.396234
35915,0.947726
35916,0.255377
35917,0.055476
35918,0.694547
35919,0.438395
35920,0.680165
35921,0.657869
35922,0.818259
35923,0.572364
35924,0.522092
35925,0.681884
35926,0.558353
35927,0.710631
35928,0.755911
35929,0.914303
35930,0.930506
35931,0.959563
35932,0.606913
35933,0.928678
35934,0.533397
35935,0.886261
35936,0.597865
35937,0.678504
35938,0.896121
35939,0.690201
35940,0.759403
35941,0.51912
35942,0.361505
35943,0.815601
35944,0.364964
35945,0.33661
35946,0.912196
35947,0.515373
35948,0.717866
35949,0.633194
35950,0.756283
35951,0.991176
35952,0.653539
35953,0.656794
35954,0.819587
35955,0.67569
35956,0.91443
35957,0.066403
35958,0.818276
35959,0.692638
35960,0.531207
35961,0.668234
35962,0.949099
35963,0.579497
35964,0.674388
35965,0.848577
35966,0.745711
35967,0.235615
35968,0.935597
35969,0.598742
35970,0.817787
35971,0.692156
35972,0.864802
35973,0.95452
35974,0.611424
35975,0.769196
35976,0.165429
35977,0.836242
35978,0.839365
35979,0.636432
35980,0.831179
35981,0.364472
35982,0.855435
35983,0.746175
35984,0.514813
35985,0.381525
35986,0.629023
35987,0.828798
35988,0.840027
35989,0.674762
35990,0.347181
35991,0.833845
35992,0.577136
35993,0.614997
35994,0.878213
35995,0.984606
35996,0.870549
35997,0.753719
35998,0.744291
35999,0.51633
36000,0.724193
36001,0.819241
36002,0.484202
36003,0.622464
36004,0.567834
36005,0.946804
36006,0.888652
36007,0.12622
36008,0.837423
36009,0.786948
36010,0.816789
36011,0.881522
36012,0.991071
36013,0.680849
36014,0.895692
36015,0.839739
36016,0.929376
36017,0.113805
36018,0.547425
36019,0.106072
36020,0.95122
36021,0.728879
36022,0.974672
36023,0.841725
36024,0.891743
36025,0.962983
36026,0.845359
36027,0.866914
36028,0.797029
36029,0.975405
36030,0.75065
36031,0.826808
36032,0.540586
36033,0.684832
36034,0.951543
36035,0.806197
36036,0.83101
36037,0.661965
36038,0.694578
36039,0.719536
36040,0.307295
36041,0.099642
36042,0.558963
36043,0.829882
36044,0.854495
36045,0.659437
36046,0.994323
36047,0.567668
36048,0.825001
36049,0.523966
36050,0.90175
36051,0.984185
36052,0.508005
36053,0.352629
36054,0.896531
36055,0.751328
36056,0.541311
36057,0.336907
36058,0.866998
36059,0.592854
36060,0.74512
36061,0.923502
36062,0.554881
36063,0.718694
36064,0.725285
36065,0.891008
36066,0.874975
36067,0.428611
36068,0.691844
36069,0.480288
36070,0.673299
36071,0.518393
36072,0.900089
36073,0.942166
36074,0.794952
36075,0.689318
36076,0.489801
36077,0.958927
36078,0.550263
36079,0.699371
36080,0.820067
36081,0.682786
36082,0.480457
36083,0.627864
36084,0.758952
36085,0.732562
36086,0.939399
36087,0.568002
36088,0.459427
36089,0.564232
36090,0.757995
36091,0.662387
36092,0.740917
36093,0.701004
36094,0.728064
36095,0.961599
36096,0.547076
36097,0.523935
36098,0.048765
36099,0.900591
36100,0.666333
36101,0.981224
36102,0.876043
36103,0.451321
36104,0.770514
36105,0.744468
36106,0.896174
36107,0.246365
36108,0.745827
36109,0.722416
36110,0.739204
36111,0.733624
36112,0.708671
36113,0.635991
36114,0.715968
36115,0.902084
36116,0.705448
36117,0.976301
36118,0.912431
36119,0.925635
36120,0.910661
36121,0.916544
36122,0.819983
36123,0.84184
36124,0.637622
36125,0.761072
36126,0.511551
36127,0.637039
36128,0.833034
36129,0.615294
36130,0.874239
36131,0.891114
36132,0.654689
36133,0.903911
36134,0.610517
36135,0.862785
36136,0.836105
36137,0.795718
36138,0.730105
36139,0.727987
36140,0.974367
36141,0.93676
36142,0.927783
36143,0.568249
36144,0.627321
36145,0.834956
36146,0.95067
36147,0.842692
36148,0.577397
36149,0.640768
36150,0.674536
36151,0.890071
36152,0.612933
36153,0.360228
36154,0.86352
36155,0.943225
36156,0.887732
36157,0.949732
36158,0.872646
36159,0.798476
36160,0.196525
36161,0.907984
36162,0.719587
36163,0.629318
36164,0.804327
36165,0.614805
36166,0.830365
36167,0.652583
36168,0.832258
36169,0.654994
36170,0.718572
36171,0.925873
36172,0.165509
36173,0.669292
36174,0.805683
36175,0.766819
36176,0.839655
36177,0.792844
36178,0.583815
36179,0.87505
36180,0.928673
36181,0.950198
36182,0.632367
36183,0.581955
36184,0.861448
36185,0.574121
36186,0.962025
36187,0.744517
36188,0.815428
36189,0.887652
36190,0.584653
36191,0.568226
36192,0.8949
36193,0.382513
36194,0.58265
36195,0.82063
36196,0.652569
36197,0.980652
36198,0.930935
36199,0.765585
36200,0.768813
36201,0.946577
36202,0.863643
36203,0.781029
36204,0.64794
36205,0.940453
36206,0.399934
36207,0.613934
36208,0.819556
36209,0.790354
36210,0.719464
36211,0.905775
36212,0.640074
36213,0.848985
36214,0.89435
36215,0.569293
36216,0.681147
36217,0.13825
36218,0.575557
36219,0.843343
36220,0.522151
36221,0.899748
36222,0.749142
36223,0.959439
36224,0.701548
36225,0.79117
36226,0.895966
36227,0.919682
36228,0.578278
36229,0.823399
36230,0.466255
36231,0.059203
36232,0.995713
36233,0.778257
36234,0.654987
36235,0.821541
36236,0.573865
36237,0.699214
36238,0.840879
36239,0.316867
36240,0.785173
36241,0.678387
36242,0.758202
36243,0.953854
36244,0.878966
36245,0.624375
36246,0.640147
36247,0.652661
36248,0.841984
36249,0.698153
36250,0.674567
36251,0.617148
36252,0.87143
36253,0.524731
36254,0.314152
36255,0.707473
36256,0.753964
36257,0.382184
36258,0.985539
36259,0.609431
36260,0.647331
36261,0.819131
36262,0.727301
36263,0.830724
36264,0.873925
36265,0.691851
36266,0.824084
36267,0.121256
36268,0.909573
36269,0.656809
36270,0.715429
36271,0.675456
36272,0.508555
36273,0.824601
36274,0.217814
36275,0.496429
36276,0.609468
36277,0.731858
36278,0.769116
36279,0.742861
36280,0.947218
36281,0.844929
36282,0.598974
36283,0.643809
36284,0.876444
36285,0.490605
36286,0.813035
36287,0.80178
36288,0.913404
36289,0.962078
36290,0.644238
36291,0.634203
36292,0.845712
36293,0.610374
36294,0.794552
36295,0.911224
36296,0.807834
36297,0.779427
36298,0.860802
36299,0.613523
36300,0.524829
36301,0.4779
36302,0.836279
36303,0.933848
36304,0.700515
36305,0.897579
36306,0.873242
36307,0.948383
36308,0.990269
36309,0.647689
36310,0.904623
36311,0.925717
36312,0.51649
36313,0.831967
36314,0.686627
36315,0.960891
36316,0.867224
36317,0.848178
36318,0.826569
36319,0.859501
36320,0.829386
36321,0.926137
36322,0.777468
36323,0.355033
36324,0.861498
36325,0.668056
36326,0.833658
36327,0.963431
36328,0.727363
36329,0.613398
36330,0.968294
36331,0.739576
36332,0.685119
36333,0.756053
36334,0.676163
36335,0.661649
36336,0.908
36337,0.981129
36338,0.203194
36339,0.964665
36340,0.610057
36341,0.973126
36342,0.798427
36343,0.888745
36344,0.876893
36345,0.827952
36346,0.812664
36347,0.692368
36348,0.818269
36349,0.744495
36350,0.960957
36351,0.789874
36352,0.638252
36353,0.610408
36354,0.37412
36355,0.808582
36356,0.586525
36357,0.90955
36358,0.847248
36359,0.891244
36360,0.954078
36361,0.74428
36362,0.766724
36363,0.435593
36364,0.593473
36365,0.470878
36366,0.875098
36367,0.388284
36368,0.900237
36369,0.62878
36370,0.688301
36371,0.892928
36372,0.737016
36373,0.506664
36374,0.263005
36375,0.722501
36376,0.59338
36377,0.804939
36378,0.764854
36379,0.624748
36380,0.315157
36381,0.534067
36382,0.940906
36383,0.830978
36384,0.959735
36385,0.923604
36386,0.935374
36387,0.815929
36388,0.911737
36389,0.564949
36390,0.924336
36391,0.753271
36392,0.572019
36393,0.928581
36394,0.787659
36395,0.676122
36396,0.489325
36397,0.15233
36398,0.956194
36399,0.823407
36400,0.886336
36401,0.669833
36402,0.700799
36403,0.879442
36404,0.567297
36405,0.512314
36406,0.750372
36407,0.912485
36408,0.621422
36409,0.669115
36410,0.881442
36411,0.174397
36412,0.792122
36413,0.296302
36414,0.973186
36415,0.895234
36416,0.841058
36417,0.840758
36418,0.697356
36419,0.864553
36420,0.811789
36421,0.889484
36422,0.504093
36423,0.879055
36424,0.615671
36425,0.682075
36426,0.356558
36427,0.48441
36428,0.890492
36429,0.942971
36430,0.664138
36431,0.811034
36432,0.797578
36433,0.723322
36434,0.714656
36435,0.453301
36436,0.898329
36437,0.544293
36438,0.791737
36439,0.445267
36440,0.896909
36441,0.580011
36442,0.78933
36443,0.813001
36444,0.667628
36445,0.970708
36446,0.975417
36447,0.183544
36448,0.735303
36449,0.799076
36450,0.767711
36451,0.910505
36452,0.591797
36453,0.632647
36454,0.611131
36455,0.637802
36456,0.906631
36457,0.719313
36458,0.886927
36459,0.648277
36460,0.545045
36461,0.586667
36462,0.460447
36463,0.086129
36464,0.034097
36465,0.918193
36466,0.690946
36467,0.742258
36468,0.941584
36469,0.741548
36470,0.71796
36471,0.858359
36472,0.082709
36473,0.97626
36474,0.571214
36475,0.666113
36476,0.742105
36477,0.545266
36478,0.816565
36479,0.850744
36480,0.647634
36481,0.560921
36482,0.88493
36483,0.972737
36484,0.68555
36485,0.927855
36486,0.64536
36487,0.864179
36488,0.808323
36489,0.96569
36490,0.948763
36491,0.661382
36492,0.579875
36493,0.672539
36494,0.482436
36495,0.687618
36496,0.650955
36497,0.468538
36498,0.943895
36499,0.809462
36500,0.787306
36501,0.52907
36502,0.853305
36503,0.709542
36504,0.434852
36505,0.858248
36506,0.554803
36507,0.959432
36508,0.887866
36509,0.537846
36510,0.976382
36511,0.433128
36512,0.716543
36513,0.232505
36514,0.898039
36515,0.41189
36516,0.556109
36517,0.104709
36518,0.324669
36519,0.990423
36520,0.79398
36521,0.636902
36522,0.857699
36523,0.743254
36524,0.663052
36525,0.940234
36526,0.699163
36527,0.602965
36528,0.927173
36529,0.5966
36530,0.704801
36531,0.697857
36532,0.57544
36533,0.68356
36534,0.712258
36535,0.637231
36536,0.464683
36537,0.976936
36538,0.575887
36539,0.615068
36540,0.84756
36541,0.900677
36542,0.631143
36543,0.631911
36544,0.918377
36545,0.937773
36546,0.635274
36547,0.797809
36548,0.634326
36549,0.608219
36550,0.724666
36551,0.695594
36552,0.831612
36553,0.283099
36554,0.792722
36555,0.423666
36556,0.77903
36557,0.659136
36558,0.898829
36559,0.903534
36560,0.644608
36561,0.968373
36562,0.543229
36563,0.782658
36564,0.816419
36565,0.734611
36566,0.732722
36567,0.406698
36568,0.712374
36569,0.788514
36570,0.606021
36571,0.796188
36572,0.618077
36573,0.934282
36574,0.08557
36575,0.939794
36576,0.611738
36577,0.938564
36578,0.776271
36579,0.957522
36580,0.759015
36581,0.980577
36582,0.834399
36583,0.71805
36584,0.971696
36585,0.629053
36586,0.857767
36587,0.558803
36588,0.779533
36589,0.899952
36590,0.47837
36591,0.664953
36592,0.726
36593,0.781576
36594,0.903311
36595,0.770584
36596,0.957751
36597,0.533724
36598,0.797233
36599,0.692723
36600,0.921794
36601,0.889908
36602,0.915116
36603,0.395969
36604,0.815976
36605,0.723991
36606,0.77865
36607,0.728811
36608,0.42003
36609,0.620684
36610,0.631239
36611,0.838208
36612,0.827126
36613,0.870032
36614,0.969568
36615,0.875514
36616,0.671696
36617,0.940062
36618,0.97797
36619,0.510968
36620,0.497424
36621,0.612733
36622,0.794813
36623,0.747274
36624,0.961396
36625,0.681239
36626,0.663754
36627,0.698362
36628,0.720797
36629,0.962011
36630,0.665211
36631,0.387739
36632,0.69659
36633,0.640996
36634,0.745324
36635,0.866393
36636,0.626543
36637,0.754416
36638,0.820305
36639,0.650292
36640,0.839042
36641,0.467717
36642,0.272189
36643,0.682176
36644,0.933119
36645,0.65
36646,0.542776
36647,0.865434
36648,0.757473
36649,0.892781
36650,0.711164
36651,0.957219
36652,0.762431
36653,0.987988
36654,0.879135
36655,0.776358
36656,0.810731
36657,0.781346
36658,0.618565
36659,0.943536
36660,0.768833
36661,0.924475
36662,0.834271
36663,0.943811
36664,0.78324
36665,0.656764
36666,0.438283
36667,0.977319
36668,0.951418
36669,0.62187
36670,0.874392
36671,0.457628
36672,0.803612
36673,0.91638
36674,0.813617
36675,0.419767
36676,0.920771
36677,0.954486
36678,0.83106
36679,0.708681
36680,0.700951
36681,0.799692
36682,0.993872
36683,0.085697
36684,0.606329
36685,0.717309
36686,0.850927
36687,0.632219
36688,0.942992
36689,0.718796
36690,0.829294
36691,0.677761
36692,0.821954
36693,0.634807
36694,0.605029
36695,0.929312
36696,0.379553
36697,0.629146
36698,0.664131
36699,0.614054
36700,0.541775
36701,0.725821
36702,0.898651
36703,0.623562
36704,0.78687
36705,0.756222
36706,0.721364
36707,0.858306
36708,0.702742
36709,0.567298
36710,0.879842
36711,0.827582
36712,0.848264
36713,0.739963
36714,0.660387
36715,0.816028
36716,0.700108
36717,0.493151
36718,0.606739
36719,0.644941
36720,0.812948
36721,0.944067
36722,0.648287
36723,0.840138
36724,0.632015
36725,0.90125
36726,0.707103
36727,0.213123
36728,0.672384
36729,0.657895
36730,0.956632
36731,0.780194
36732,0.749797
36733,0.939205
36734,0.703783
36735,0.533323
36736,0.755205
36737,0.641356
36738,0.634811
36739,0.688589
36740,0.216199
36741,0.913639
36742,0.746084
36743,0.554491
36744,0.8885
36745,0.582675
36746,0.882669
36747,0.583499
36748,0.923094
36749,0.901037
36750,0.635024
36751,0.816543
36752,0.469714
36753,0.217355
36754,0.598861
36755,0.834682
36756,0.924292
36757,0.891914
36758,0.476695
36759,0.708542
36760,0.472356
36761,0.771088
36762,0.860837
36763,0.979009
36764,0.812339
36765,0.692701
36766,0.552825
36767,0.733451
36768,0.879816
36769,0.533166
36770,0.030544
36771,0.859336
36772,0.814284
36773,0.747168
36774,0.570574
36775,0.830864
36776,0.773049
36777,0.185526
36778,0.869942
36779,0.905905
36780,0.77719
36781,0.746513
36782,0.967825
36783,0.940102
36784,0.133457
36785,0.706475
36786,0.761
36787,0.900235
36788,0.973116
36789,0.630573
36790,0.380297
36791,0.767221
36792,0.952496
36793,0.39002
36794,0.719759
36795,0.743523
36796,0.813549
36797,0.785178
36798,0.590286
36799,0.869953
36800,0.749059
36801,0.988908
36802,0.694263
36803,0.804513
36804,0.688987
36805,0.74222
36806,0.592648
36807,0.852664
36808,0.49616
36809,0.534215
36810,0.678064
36811,0.687173
36812,0.816139
36813,0.891352
36814,0.309117
36815,0.822117
36816,0.794385
36817,0.939996
36818,0.418647
36819,0.600977
36820,0.393718
36821,0.692025
36822,0.834694
36823,0.509532
36824,0.948929
36825,0.513599
36826,0.665051
36827,0.636568
36828,0.709049
36829,0.760993
36830,0.707844
36831,0.970231
36832,0.783249
36833,0.604582
36834,0.106234
36835,0.454696
36836,0.808456
36837,0.706598
36838,0.815667
36839,0.484125
36840,0.630021
36841,0.555972
36842,0.81256
36843,0.849922
36844,0.885411
36845,0.842376
36846,0.599477
36847,0.603344
36848,0.983039
36849,0.699093
36850,0.661932
36851,0.973435
36852,0.772052
36853,0.891616
36854,0.438123
36855,0.339377
36856,0.80226
36857,0.978616
36858,0.881797
36859,0.905564
36860,0.753311
36861,0.846315
36862,0.865115
36863,0.719062
36864,0.976905
36865,0.84441
36866,0.560607
36867,0.854882
36868,0.690698
36869,0.5643
36870,0.598015
36871,0.902386
36872,0.858301
36873,0.935469
36874,0.921874
36875,0.441342
36876,0.630943
36877,0.413668
36878,0.661176
36879,0.491739
36880,0.651088
36881,0.752199
36882,0.535772
36883,0.864437
36884,0.642273
36885,0.639175
36886,0.65394
36887,0.895304
36888,0.746727
36889,0.603464
36890,0.902439
36891,0.874461
36892,0.592481
36893,0.341099
36894,0.17537
36895,0.683503
36896,0.70047
36897,0.899096
36898,0.943336
36899,0.808323
36900,0.67983
36901,0.886337
36902,0.146493
36903,0.945656
36904,0.716202
36905,0.111104
36906,0.746122
36907,0.321989
36908,0.515053
36909,0.924799
36910,0.78681
36911,0.605052
36912,0.714299
36913,0.781971
36914,0.686764
36915,0.690679
36916,0.994369
36917,0.706305
36918,0.760029
36919,0.924673
36920,0.720462
36921,0.221078
36922,0.595332
36923,0.540775
36924,0.445824
36925,0.655288
36926,0.654112
36927,0.72944
36928,0.917163
36929,0.842948
36930,0.625794
36931,0.523845
36932,0.536755
36933,0.958886
36934,0.888413
36935,0.944864
36936,0.944664
36937,0.778491
36938,0.642619
36939,0.525481
36940,0.830344
36941,0.747072
36942,0.599167
36943,0.781121
36944,0.93082
36945,0.599943
36946,0.969101
36947,0.795295
36948,0.346505
36949,0.936153
36950,0.804861
36951,0.950059
36952,0.899473
36953,0.700736
36954,0.52399
36955,0.911846
36956,0.929619
36957,0.850595
36958,0.95616
36959,0.834586
36960,0.664088
36961,0.699669
36962,0.940753
36963,0.821389
36964,0.88339
36965,0.869966
36966,0.969527
36967,0.913406
36968,0.785238
36969,0.769364
36970,0.826516
36971,0.861525
36972,0.921283
36973,0.868597
36974,0.660331
36975,0.529152
36976,0.956084
36977,0.638566
36978,0.536199
36979,0.700933
36980,0.556819
36981,0.976067
36982,0.975259
36983,0.611467
36984,0.68757
36985,0.928906
36986,0.79486
36987,0.723771
36988,0.613574
36989,0.750912
36990,0.873021
36991,0.412724
36992,0.783358
36993,0.630679
36994,0.864052
36995,0.802975
36996,0.351855
36997,0.429303
36998,0.313829
36999,0.196822
37000,0.739548
37001,0.76268
37002,0.544997
37003,0.739719
37004,0.769062
37005,0.86395
37006,0.657372
37007,0.744475
37008,0.752216
37009,0.358615
37010,0.671354
37011,0.924402
37012,0.605562
37013,0.975907
37014,0.488598
37015,0.525707
37016,0.086077
37017,0.996356
37018,0.392763
37019,0.864568
37020,0.709935
37021,0.868311
37022,0.393435
37023,0.617089
37024,0.556141
37025,0.90627
37026,0.861047
37027,0.700498
37028,0.383946
37029,0.919164
37030,0.918552
37031,0.644711
37032,0.552322
37033,0.548992
37034,0.75477
37035,0.631938
37036,0.899003
37037,0.864848
37038,0.557992
37039,0.403996
37040,0.81179
37041,0.571187
37042,0.527539
37043,0.092228
37044,0.978869
37045,0.582601
37046,0.047879
37047,0.859095
37048,0.672879
37049,0.573917
37050,0.972317
37051,0.151353
37052,0.026444
37053,0.904631
37054,0.738711
37055,0.744468
37056,0.464075
37057,0.725972
37058,0.637865
37059,0.785725
37060,0.549401
37061,0.883479
37062,0.652016
37063,0.81873
37064,0.130213
37065,0.924852
37066,0.620589
37067,0.863856
37068,0.875398
37069,0.500617
37070,0.4017
37071,0.391982
37072,0.77547
37073,0.832811
37074,0.503374
37075,0.83198
37076,0.979015
37077,0.461019
37078,0.40995
37079,0.73388
37080,0.923344
37081,0.852867
37082,0.714347
37083,0.566683
37084,0.962162
37085,0.58175
37086,0.97526
37087,0.782998
37088,0.761525
37089,0.881983
37090,0.576357
37091,0.73498
37092,0.665003
37093,0.704036
37094,0.922897
37095,0.988689
37096,0.921246
37097,0.631686
37098,0.459294
37099,0.638602
37100,0.958574
37101,0.288001
37102,0.797992
37103,0.711787
37104,0.084959
37105,0.772262
37106,0.794193
37107,0.76531
37108,0.909994
37109,0.982642
37110,0.376253
37111,0.560801
37112,0.598502
37113,0.670999
37114,0.760562
37115,0.674011
37116,0.486544
37117,0.966921
37118,0.933166
37119,0.788084
37120,0.674177
37121,0.496998
37122,0.493312
37123,0.897484
37124,0.983679
37125,0.902021
37126,0.41873
37127,0.786605
37128,0.433308
37129,0.484752
37130,0.137333
37131,0.675423
37132,0.820541
37133,0.664051
37134,0.708327
37135,0.730417
37136,0.860639
37137,0.712377
37138,0.109207
37139,0.812777
37140,0.408368
37141,0.740097
37142,0.660588
37143,0.729786
37144,0.852599
37145,0.810023
37146,0.958986
37147,0.509525
37148,0.064408
37149,0.268019
37150,0.706355
37151,0.717764
37152,0.75005
37153,0.861965
37154,0.62698
37155,0.722936
37156,0.424363
37157,0.662609
37158,0.944649
37159,0.410887
37160,0.711223
37161,0.877317
37162,0.885653
37163,0.927588
37164,0.639474
37165,0.795496
37166,0.774816
37167,0.409064
37168,0.957583
37169,0.673459
37170,0.868382
37171,0.238487
37172,0.545459
37173,0.820241
37174,0.897405
37175,0.575812
37176,0.95134
37177,0.753064
37178,0.946728
37179,0.756695
37180,0.79672
37181,0.955288
37182,0.826059
37183,0.694815
37184,0.65242
37185,0.097595
37186,0.869219
37187,0.73302
37188,0.662392
37189,0.842496
37190,0.714075
37191,0.819556
37192,0.338233
37193,0.801521
37194,0.789823
37195,0.994006
37196,0.799363
37197,0.498157
37198,0.664113
37199,0.593756
37200,0.805526
37201,0.665037
37202,0.820099
37203,0.496036
37204,0.983957
37205,0.947958
37206,0.277624
37207,0.941759
37208,0.429619
37209,0.81756
37210,0.867873
37211,0.828033
37212,0.653515
37213,0.947997
37214,0.566059
37215,0.783029
37216,0.976501
37217,0.665628
37218,0.26565
37219,0.66532
37220,0.954021
37221,0.652603
37222,0.63021
37223,0.909136
37224,0.679637
37225,0.903742
37226,0.502299
37227,0.949552
37228,0.575156
37229,0.47372
37230,0.944726
37231,0.925239
37232,0.582558
37233,0.707885
37234,0.914252
37235,0.642775
37236,0.968621
37237,0.66793
37238,0.950579
37239,0.547772
37240,0.580059
37241,0.860805
37242,0.51086
37243,0.743792
37244,0.684487
37245,0.674739
37246,0.636651
37247,0.863239
37248,0.903404
37249,0.694107
37250,0.7585
37251,0.945957
37252,0.67815
37253,0.535448
37254,0.549592
37255,0.962253
37256,0.845647
37257,0.6561
37258,0.782604
37259,0.953417
37260,0.960447
37261,0.68753
37262,0.449487
37263,0.607042
37264,0.585827
37265,0.677612
37266,0.988737
37267,0.734205
37268,0.973971
37269,0.743788
37270,0.762838
37271,0.765797
37272,0.693897
37273,0.660773
37274,0.685696
37275,0.899233
37276,0.812299
37277,0.502104
37278,0.940922
37279,0.489908
37280,0.894624
37281,0.816408
37282,0.807692
37283,0.913736
37284,0.867621
37285,0.866758
37286,0.90421
37287,0.310463
37288,0.918056
37289,0.637605
37290,0.840723
37291,0.784851
37292,0.858743
37293,0.564945
37294,0.91192
37295,0.602491
37296,0.851872
37297,0.956534
37298,0.773863
37299,0.496918
37300,0.482001
37301,0.966571
37302,0.954236
37303,0.986443
37304,0.677441
37305,0.816944
37306,0.70615
37307,0.160487
37308,0.843921
37309,0.430602
37310,0.821468
37311,0.602364
37312,0.83685
37313,0.550768
37314,0.413751
37315,0.96011
37316,0.575658
37317,0.664725
37318,0.34261
37319,0.895836
37320,0.661237
37321,0.807237
37322,0.319681
37323,0.802769
37324,0.812962
37325,0.944978
37326,0.537075
37327,0.708253
37328,0.60278
37329,0.962303
37330,0.681807
37331,0.170354
37332,0.931779
37333,0.652717
37334,0.194364
37335,0.608351
37336,0.894862
37337,0.745631
37338,0.560077
37339,0.075029
37340,0.349176
37341,0.928346
37342,0.984222
37343,0.834077
37344,0.630983
37345,0.306909
37346,0.81648
37347,0.586611
37348,0.680801
37349,0.746667
37350,0.887437
37351,0.579266
37352,0.569716
37353,0.676191
37354,0.805514
37355,0.751276
37356,0.928371
37357,0.644834
37358,0.725794
37359,0.67614
37360,0.790689
37361,0.879002
37362,0.884644
37363,0.923082
37364,0.976439
37365,0.563841
37366,0.66313
37367,0.904534
37368,0.814728
37369,0.686353
37370,0.704658
37371,0.565376
37372,0.346753
37373,0.888438
37374,0.873471
37375,0.706669
37376,0.812847
37377,0.980236
37378,0.699263
37379,0.636402
37380,0.919934
37381,0.600338
37382,0.892518
37383,0.961821
37384,0.616669
37385,0.821112
37386,0.928817
37387,0.84022
37388,0.607787
37389,0.447362
37390,0.798614
37391,0.774393
37392,0.949506
37393,0.469727
37394,0.885642
37395,0.711224
37396,0.560219
37397,0.054445
37398,0.972364
37399,0.908268
37400,0.901843
37401,0.721828
37402,0.646591
37403,0.878699
37404,0.841196
37405,0.641835
37406,0.688394
37407,0.806921
37408,0.794566
37409,0.552708
37410,0.595328
37411,0.855316
37412,0.981899
37413,0.665858
37414,0.949903
37415,0.947388
37416,0.862855
37417,0.670352
37418,0.74076
37419,0.395145
37420,0.93386
37421,0.660548
37422,0.88362
37423,0.965225
37424,0.865978
37425,0.469341
37426,0.658094
37427,0.736776
37428,0.929741
37429,0.626316
37430,0.841907
37431,0.589175
37432,0.811125
37433,0.468868
37434,0.574677
37435,0.664794
37436,0.53086
37437,0.764349
37438,0.981704
37439,0.925576
37440,0.701796
37441,0.202013
37442,0.407735
37443,0.551899
37444,0.969995
37445,0.869657
37446,0.718481
37447,0.730605
37448,0.060909
37449,0.739642
37450,0.702599
37451,0.751804
37452,0.886987
37453,0.448246
37454,0.957462
37455,0.103211
37456,0.896034
37457,0.652482
37458,0.72211
37459,0.359564
37460,0.439993
37461,0.739349
37462,0.938582
37463,0.961212
37464,0.562836
37465,0.550876
37466,0.926824
37467,0.699002
37468,0.770564
37469,0.607905
37470,0.782199
37471,0.814315
37472,0.896707
37473,0.612342
37474,0.992788
37475,0.975249
37476,0.575907
37477,0.875363
37478,0.711679
37479,0.763391
37480,0.034487
37481,0.699891
37482,0.78865
37483,0.482503
37484,0.696589
37485,0.564637
37486,0.749596
37487,0.851015
37488,0.740137
37489,0.531612
37490,0.934995
37491,0.83817
37492,0.42874
37493,0.4187
37494,0.856601
37495,0.97611
37496,0.675874
37497,0.634285
37498,0.60568
37499,0.769985
37500,0.692194
37501,0.502499
37502,0.827306
37503,0.465084
37504,0.529628
37505,0.761412
37506,0.399169
37507,0.397043
37508,0.979772
37509,0.667399
37510,0.634593
37511,0.870571
37512,0.425571
37513,0.642559
37514,0.948198
37515,0.853614
37516,0.690289
37517,0.778257
37518,0.647499
37519,0.479117
37520,0.765528
37521,0.449066
37522,0.608865
37523,0.922372
37524,0.768637
37525,0.697872
37526,0.627547
37527,0.759846
37528,0.805915
37529,0.614155
37530,0.703239
37531,0.722059
37532,0.921455
37533,0.724624
37534,0.585823
37535,0.887916
37536,0.763521
37537,0.71451
37538,0.791803
37539,0.766966
37540,0.861033
37541,0.543515
37542,0.850571
37543,0.606151
37544,0.584315
37545,0.855623
37546,0.845679
37547,0.720257
37548,0.960233
37549,0.863224
37550,0.601302
37551,0.263012
37552,0.830677
37553,0.603899
37554,0.753767
37555,0.930843
37556,0.910982
37557,0.961222
37558,0.759706
37559,0.748982
37560,0.119547
37561,0.735735
37562,0.836517
37563,0.865212
37564,0.668491
37565,0.508347
37566,0.69484
37567,0.615996
37568,0.821854
37569,0.796659
37570,0.637054
37571,0.581313
37572,0.714935
37573,0.934632
37574,0.591556
37575,0.783881
37576,0.659741
37577,0.928698
37578,0.773352
37579,0.679816
37580,0.564583
37581,0.741389
37582,0.249532
37583,0.781222
37584,0.99295
37585,0.632209
37586,0.994396
37587,0.811984
37588,0.944393
37589,0.331012
37590,0.685529
37591,0.834441
37592,0.623335
37593,0.769173
37594,0.864006
37595,0.920354
37596,0.709329
37597,0.616291
37598,0.477354
37599,0.846826
37600,0.831546
37601,0.848776
37602,0.734986
37603,0.605485
37604,0.688341
37605,0.658348
37606,0.840516
37607,0.725118
37608,0.294348
37609,0.723926
37610,0.773052
37611,0.871523
37612,0.515388
37613,0.530433
37614,0.758961
37615,0.914309
37616,0.607591
37617,0.646402
37618,0.820908
37619,0.465945
37620,0.939082
37621,0.936579
37622,0.659596
37623,0.932373
37624,0.63466
37625,0.97521
37626,0.798755
37627,0.584099
37628,0.845381
37629,0.786324
37630,0.72661
37631,0.886464
37632,0.592421
37633,0.712262
37634,0.366322
37635,0.803964
37636,0.641269
37637,0.872375
37638,0.833634
37639,0.6803
37640,0.039149
37641,0.771093
37642,0.784442
37643,0.669476
37644,0.641695
37645,0.447107
37646,0.076829
37647,0.538359
37648,0.113656
37649,0.693751
37650,0.821577
37651,0.773202
37652,0.639647
37653,0.679049
37654,0.885673
37655,0.893572
37656,0.826625
37657,0.754172
37658,0.520577
37659,0.19699
37660,0.126202
37661,0.347659
37662,0.867623
37663,0.716008
37664,0.865701
37665,0.795086
37666,0.108841
37667,0.991725
37668,0.331009
37669,0.429915
37670,0.576117
37671,0.555279
37672,0.494334
37673,0.755935
37674,0.736031
37675,0.277481
37676,0.878422
37677,0.76043
37678,0.46974
37679,0.982315
37680,0.808209
37681,0.507536
37682,0.912255
37683,0.410291
37684,0.934365
37685,0.810814
37686,0.883128
37687,0.783426
37688,0.507462
37689,0.738965
37690,0.918437
37691,0.97366
37692,0.702948
37693,0.891767
37694,0.732248
37695,0.775612
37696,0.697055
37697,0.696363
37698,0.746921
37699,0.704147
37700,0.158279
37701,0.93008
37702,0.521943
37703,0.467126
37704,0.802784
37705,0.557917
37706,0.443641
37707,0.794884
37708,0.622335
37709,0.905174
37710,0.890817
37711,0.739825
37712,0.740274
37713,0.411763
37714,0.627477
37715,0.64853
37716,0.193151
37717,0.803042
37718,0.541473
37719,0.961876
37720,0.350017
37721,0.632777
37722,0.808696
37723,0.640799
37724,0.931581
37725,0.854126
37726,0.793561
37727,0.896789
37728,0.777765
37729,0.884582
37730,0.729347
37731,0.747316
37732,0.773347
37733,0.776483
37734,0.727762
37735,0.824066
37736,0.857542
37737,0.840343
37738,0.961834
37739,0.971255
37740,0.656858
37741,0.900377
37742,0.765833
37743,0.776195
37744,0.488851
37745,0.869189
37746,0.554487
37747,0.734451
37748,0.762416
37749,0.663093
37750,0.923812
37751,0.823534
37752,0.882492
37753,0.579322
37754,0.82779
37755,0.795219
37756,0.911961
37757,0.559204
37758,0.94198
37759,0.896577
37760,0.869494
37761,0.820555
37762,0.525862
37763,0.484389
37764,0.615588
37765,0.660848
37766,0.981213
37767,0.882513
37768,0.942772
37769,0.441364
37770,0.897478
37771,0.578381
37772,0.456048
37773,0.429386
37774,0.605909
37775,0.80502
37776,0.865808
37777,0.823875
37778,0.755906
37779,0.961231
37780,0.839334
37781,0.775469
37782,0.573236
37783,0.94172
37784,0.972869
37785,0.750526
37786,0.530794
37787,0.906698
37788,0.531057
37789,0.860024
37790,0.68709
37791,0.982683
37792,0.777609
37793,0.607263
37794,0.809981
37795,0.845638
37796,0.694112
37797,0.581786
37798,0.765711
37799,0.778298
37800,0.890305
37801,0.657023
37802,0.617367
37803,0.83049
37804,0.781135
37805,0.708339
37806,0.920473
37807,0.766075
37808,0.829922
37809,0.519954
37810,0.158469
37811,0.876825
37812,0.555575
37813,0.408155
37814,0.716429
37815,0.810807
37816,0.802068
37817,0.856537
37818,0.78963
37819,0.492588
37820,0.734012
37821,0.596434
37822,0.970307
37823,0.910029
37824,0.882665
37825,0.779402
37826,0.829576
37827,0.911979
37828,0.884318
37829,0.862679
37830,0.62427
37831,0.830708
37832,0.656135
37833,0.928153
37834,0.656582
37835,0.871921
37836,0.68694
37837,0.4237
37838,0.875912
37839,0.714434
37840,0.723352
37841,0.964487
37842,0.870766
37843,0.597628
37844,0.752214
37845,0.525582
37846,0.695163
37847,0.986742
37848,0.957966
37849,0.990442
37850,0.64095
37851,0.903461
37852,0.592661
37853,0.507942
37854,0.587977
37855,0.691512
37856,0.927227
37857,0.792453
37858,0.912866
37859,0.702834
37860,0.807061
37861,0.778053
37862,0.440186
37863,0.777908
37864,0.651629
37865,0.679918
37866,0.739236
37867,0.924198
37868,0.679197
37869,0.591695
37870,0.620837
37871,0.615054
37872,0.584244
37873,0.836168
37874,0.622652
37875,0.788771
37876,0.635194
37877,0.740276
37878,0.726113
37879,0.806318
37880,0.477177
37881,0.61547
37882,0.956198
37883,0.874781
37884,0.894279
37885,0.775165
37886,0.640879
37887,0.832083
37888,0.650412
37889,0.637935
37890,0.628234
37891,0.768788
37892,0.989198
37893,0.869989
37894,0.578835
37895,0.773215
37896,0.839063
37897,0.395723
37898,0.986472
37899,0.743198
37900,0.779527
37901,0.742798
37902,0.917702
37903,0.855333
37904,0.359604
37905,0.748773
37906,0.623125
37907,0.581423
37908,0.963989
37909,0.714371
37910,0.74764
37911,0.913342
37912,0.874087
37913,0.347199
37914,0.800096
37915,0.890216
37916,0.843711
37917,0.739258
37918,0.431089
37919,0.996225
37920,0.6972
37921,0.837206
37922,0.956787
37923,0.936604
37924,0.354714
37925,0.71254
37926,0.394843
37927,0.822651
37928,0.599507
37929,0.704892
37930,0.62027
37931,0.904579
37932,0.784713
37933,0.986318
37934,0.429727
37935,0.664495
37936,0.566811
37937,0.686856
37938,0.614526
37939,0.598323
37940,0.718278
37941,0.931909
37942,0.687947
37943,0.933601
37944,0.909013
37945,0.796878
37946,0.591895
37947,0.703478
37948,0.252588
37949,0.389056
37950,0.917681
37951,0.95879
37952,0.775232
37953,0.863395
37954,0.711418
37955,0.703403
37956,0.496212
37957,0.779714
37958,0.922421
37959,0.769302
37960,0.976791
37961,0.680268
37962,0.92236
37963,0.912875
37964,0.741357
37965,0.610748
37966,0.536458
37967,0.950962
37968,0.784602
37969,0.640744
37970,0.837093
37971,0.961518
37972,0.927456
37973,0.775711
37974,0.635818
37975,0.573634
37976,0.684866
37977,0.964234
37978,0.749107
37979,0.679904
37980,0.919594
37981,0.822002
37982,0.967654
37983,0.762209
37984,0.326939
37985,0.924296
37986,0.541742
37987,0.737758
37988,0.704481
37989,0.543876
37990,0.773041
37991,0.752716
37992,0.583269
37993,0.862103
37994,0.636274
37995,0.964819
37996,0.871077
37997,0.892802
37998,0.964697
37999,0.549906
38000,0.467738
38001,0.578578
38002,0.655833
38003,0.786351
38004,0.407952
38005,0.596901
38006,0.935437
38007,0.921895
38008,0.329109
38009,0.614535
38010,0.744488
38011,0.88817
38012,0.920579
38013,0.756074
38014,0.664326
38015,0.597152
38016,0.699633
38017,0.232459
38018,0.946411
38019,0.864318
38020,0.92961
38021,0.481738
38022,0.637249
38023,0.687366
38024,0.945029
38025,0.666415
38026,0.92335
38027,0.995181
38028,0.82074
38029,0.964352
38030,0.802595
38031,0.081652
38032,0.936924
38033,0.954086
38034,0.656722
38035,0.828316
38036,0.770544
38037,0.798052
38038,0.620581
38039,0.95489
38040,0.384326
38041,0.83627
38042,0.664536
38043,0.628356
38044,0.697226
38045,0.925065
38046,0.688728
38047,0.247882
38048,0.367933
38049,0.934168
38050,0.809558
38051,0.968634
38052,0.962796
38053,0.676974
38054,0.678914
38055,0.899065
38056,0.805314
38057,0.73874
38058,0.660642
38059,0.917833
38060,0.723105
38061,0.792179
38062,0.86086
38063,0.132154
38064,0.458826
38065,0.750788
38066,0.695694
38067,0.174676
38068,0.145553
38069,0.85809
38070,0.543586
38071,0.844653
38072,0.943736
38073,0.827551
38074,0.943548
38075,0.988744
38076,0.673822
38077,0.923918
38078,0.806883
38079,0.239546
38080,0.970999
38081,0.252491
38082,0.790059
38083,0.920531
38084,0.944156
38085,0.409002
38086,0.821478
38087,0.780732
38088,0.873883
38089,0.875087
38090,0.961231
38091,0.515789
38092,0.53155
38093,0.677916
38094,0.827628
38095,0.60027
38096,0.821962
38097,0.8244
38098,0.678482
38099,0.986951
38100,0.764428
38101,0.912
38102,0.989334
38103,0.873255
38104,0.966883
38105,0.805427
38106,0.845739
38107,0.502304
38108,0.704809
38109,0.469262
38110,0.482052
38111,0.882295
38112,0.72399
38113,0.727506
38114,0.864408
38115,0.526347
38116,0.963417
38117,0.865734
38118,0.974766
38119,0.719896
38120,0.704684
38121,0.38911
38122,0.957401
38123,0.92836
38124,0.803999
38125,0.816176
38126,0.733683
38127,0.721726
38128,0.730748
38129,0.750216
38130,0.945383
38131,0.136576
38132,0.571005
38133,0.754175
38134,0.689845
38135,0.65142
38136,0.913257
38137,0.5523
38138,0.858921
38139,0.4406
38140,0.697426
38141,0.909709
38142,0.970439
38143,0.620897
38144,0.66176
38145,0.464107
38146,0.751756
38147,0.690161
38148,0.881964
38149,0.751674
38150,0.741658
38151,0.882101
38152,0.582667
38153,0.615618
38154,0.7685
38155,0.458642
38156,0.824956
38157,0.817367
38158,0.683289
38159,0.709425
38160,0.903758
38161,0.781712
38162,0.890923
38163,0.513564
38164,0.935772
38165,0.491527
38166,0.592339
38167,0.85778
38168,0.946354
38169,0.849779
38170,0.840785
38171,0.692521
38172,0.529648
38173,0.530124
38174,0.850469
38175,0.397802
38176,0.739742
38177,0.760168
38178,0.610639
38179,0.944362
38180,0.996103
38181,0.742769
38182,0.643099
38183,0.461627
38184,0.557953
38185,0.795324
38186,0.923554
38187,0.753066
38188,0.90752
38189,0.832066
38190,0.740877
38191,0.926167
38192,0.868117
38193,0.934066
38194,0.777364
38195,0.678405
38196,0.96176
38197,0.953961
38198,0.993644
38199,0.856931
38200,0.608163
38201,0.780443
38202,0.420616
38203,0.710666
38204,0.979549
38205,0.50131
38206,0.524551
38207,0.124266
38208,0.973438
38209,0.657672
38210,0.773264
38211,0.89303
38212,0.755471
38213,0.088884
38214,0.392387
38215,0.781283
38216,0.160775
38217,0.630751
38218,0.532075
38219,0.954269
38220,0.681534
38221,0.792231
38222,0.314481
38223,0.751555
38224,0.891094
38225,0.806017
38226,0.859279
38227,0.802135
38228,0.350922
38229,0.513735
38230,0.42355
38231,0.958532
38232,0.726022
38233,0.746358
38234,0.9218
38235,0.649548
38236,0.988797
38237,0.631595
38238,0.783635
38239,0.554649
38240,0.73602
38241,0.797305
38242,0.656193
38243,0.723476
38244,0.527518
38245,0.71663
38246,0.806601
38247,0.727443
38248,0.239576
38249,0.880657
38250,0.936706
38251,0.509079
38252,0.739883
38253,0.863712
38254,0.958961
38255,0.736831
38256,0.548593
38257,0.80938
38258,0.829407
38259,0.678049
38260,0.812111
38261,0.619131
38262,0.515383
38263,0.655858
38264,0.453502
38265,0.607071
38266,0.730914
38267,0.80556
38268,0.96726
38269,0.648545
38270,0.982792
38271,0.109235
38272,0.89059
38273,0.868377
38274,0.651095
38275,0.886926
38276,0.831961
38277,0.756324
38278,0.978088
38279,0.431617
38280,0.840716
38281,0.71372
38282,0.370905
38283,0.82218
38284,0.708533
38285,0.757249
38286,0.900408
38287,0.495553
38288,0.967713
38289,0.566738
38290,0.753031
38291,0.984982
38292,0.721339
38293,0.923927
38294,0.962473
38295,0.880762
38296,0.906397
38297,0.676201
38298,0.810654
38299,0.66785
38300,0.914306
38301,0.462983
38302,0.986822
38303,0.625819
38304,0.282441
38305,0.683693
38306,0.659126
38307,0.872517
38308,0.597709
38309,0.562126
38310,0.765859
38311,0.711713
38312,0.810367
38313,0.622452
38314,0.663986
38315,0.840103
38316,0.922767
38317,0.850415
38318,0.69642
38319,0.826531
38320,0.956764
38321,0.820618
38322,0.854727
38323,0.840704
38324,0.924729
38325,0.516313
38326,0.86653
38327,0.644942
38328,0.68103
38329,0.851147
38330,0.784089
38331,0.899479
38332,0.676604
38333,0.776197
38334,0.473248
38335,0.441736
38336,0.612314
38337,0.512292
38338,0.805124
38339,0.723555
38340,0.656438
38341,0.732057
38342,0.81165
38343,0.665848
38344,0.909358
38345,0.5762
38346,0.970426
38347,0.741759
38348,0.957114
38349,0.579583
38350,0.971201
38351,0.774949
38352,0.643078
38353,0.871024
38354,0.648156
38355,0.747455
38356,0.701446
38357,0.616146
38358,0.751992
38359,0.921767
38360,0.989177
38361,0.431134
38362,0.764349
38363,0.63026
38364,0.547969
38365,0.487794
38366,0.917599
38367,0.547095
38368,0.812897
38369,0.469193
38370,0.820134
38371,0.800612
38372,0.57129
38373,0.971212
38374,0.744995
38375,0.956185
38376,0.984326
38377,0.947477
38378,0.410168
38379,0.886051
38380,0.90946
38381,0.767291
38382,0.669542
38383,0.963376
38384,0.432923
38385,0.730783
38386,0.633246
38387,0.569872
38388,0.702684
38389,0.948661
38390,0.861576
38391,0.846536
38392,0.901633
38393,0.556332
38394,0.460141
38395,0.483684
38396,0.870698
38397,0.754981
38398,0.811323
38399,0.832963
38400,0.625663
38401,0.947629
38402,0.963499
38403,0.763151
38404,0.902442
38405,0.667386
38406,0.641739
38407,0.788634
38408,0.53945
38409,0.973107
38410,0.612336
38411,0.966265
38412,0.780944
38413,0.256117
38414,0.506565
38415,0.96308
38416,0.882399
38417,0.594097
38418,0.857992
38419,0.735541
38420,0.82131
38421,0.983657
38422,0.635135
38423,0.806203
38424,0.735802
38425,0.898593
38426,0.515156
38427,0.572246
38428,0.512322
38429,0.985687
38430,0.589904
38431,0.849606
38432,0.674631
38433,0.475023
38434,0.385522
38435,0.823556
38436,0.384195
38437,0.865368
38438,0.643714
38439,0.51165
38440,0.885316
38441,0.912788
38442,0.920055
38443,0.959972
38444,0.773406
38445,0.931877
38446,0.76837
38447,0.532397
38448,0.987904
38449,0.770593
38450,0.636616
38451,0.755151
38452,0.56105
38453,0.95415
38454,0.406435
38455,0.140743
38456,0.858315
38457,0.823277
38458,0.694335
38459,0.216655
38460,0.69874
38461,0.97395
38462,0.628661
38463,0.619732
38464,0.768444
38465,0.645328
38466,0.84737
38467,0.809964
38468,0.166364
38469,0.714744
38470,0.64149
38471,0.663595
38472,0.518673
38473,0.832456
38474,0.458209
38475,0.693724
38476,0.81819
38477,0.577098
38478,0.977736
38479,0.55469
38480,0.789709
38481,0.662207
38482,0.953348
38483,0.537374
38484,0.773193
38485,0.498397
38486,0.624441
38487,0.548134
38488,0.946292
38489,0.918851
38490,0.933313
38491,0.716029
38492,0.795906
38493,0.556418
38494,0.805187
38495,0.455644
38496,0.738167
38497,0.611273
38498,0.958248
38499,0.713169
38500,0.160546
38501,0.874261
38502,0.685597
38503,0.76627
38504,0.923273
38505,0.429435
38506,0.712726
38507,0.435519
38508,0.763288
38509,0.695622
38510,0.957218
38511,0.803307
38512,0.732675
38513,0.705652
38514,0.874061
38515,0.894774
38516,0.634472
38517,0.495906
38518,0.883623
38519,0.87257
38520,0.755393
38521,0.266602
38522,0.895109
38523,0.952711
38524,0.557716
38525,0.524698
38526,0.901494
38527,0.717304
38528,0.578904
38529,0.381204
38530,0.873219
38531,0.763442
38532,0.693654
38533,0.81427
38534,0.585863
38535,0.647075
38536,0.787768
38537,0.17656
38538,0.657023
38539,0.596134
38540,0.45364
38541,0.790806
38542,0.779481
38543,0.98607
38544,0.565847
38545,0.560285
38546,0.799241
38547,0.925344
38548,0.825565
38549,0.640139
38550,0.663561
38551,0.530581
38552,0.856701
38553,0.580827
38554,0.540017
38555,0.741108
38556,0.918779
38557,0.732759
38558,0.626573
38559,0.799621
38560,0.88166
38561,0.752043
38562,0.718293
38563,0.812888
38564,0.426467
38565,0.888869
38566,0.876102
38567,0.677671
38568,0.759743
38569,0.855058
38570,0.672077
38571,0.510531
38572,0.48652
38573,0.699529
38574,0.987704
38575,0.930922
38576,0.915775
38577,0.91876
38578,0.703736
38579,0.896303
38580,0.963338
38581,0.984904
38582,0.689668
38583,0.533664
38584,0.749475
38585,0.771745
38586,0.493007
38587,0.792901
38588,0.359249
38589,0.60524
38590,0.9496
38591,0.79215
38592,0.717958
38593,0.751472
38594,0.948583
38595,0.712328
38596,0.919738
38597,0.098848
38598,0.514939
38599,0.971703
38600,0.78364
38601,0.813626
38602,0.515006
38603,0.743685
38604,0.783198
38605,0.876478
38606,0.638648
38607,0.740201
38608,0.54952
38609,0.156092
38610,0.736671
38611,0.806024
38612,0.69719
38613,0.840202
38614,0.793384
38615,0.612245
38616,0.098472
38617,0.726518
38618,0.453116
38619,0.676216
38620,0.761377
38621,0.841967
38622,0.882197
38623,0.991219
38624,0.536687
38625,0.83997
38626,0.703176
38627,0.74281
38628,0.674485
38629,0.517253
38630,0.595812
38631,0.60799
38632,0.87487
38633,0.605715
38634,0.911478
38635,0.925745
38636,0.949274
38637,0.874592
38638,0.693444
38639,0.949894
38640,0.782278
38641,0.702165
38642,0.713662
38643,0.880451
38644,0.707208
38645,0.677897
38646,0.800086
38647,0.820308
38648,0.920081
38649,0.41507
38650,0.803044
38651,0.809348
38652,0.835091
38653,0.512869
38654,0.942151
38655,0.981074
38656,0.785743
38657,0.661609
38658,0.897327
38659,0.662005
38660,0.866775
38661,0.726876
38662,0.414043
38663,0.83435
38664,0.36881
38665,0.981965
38666,0.983912
38667,0.960302
38668,0.868004
38669,0.110773
38670,0.90892
38671,0.306204
38672,0.432334
38673,0.413075
38674,0.773529
38675,0.615034
38676,0.789601
38677,0.910353
38678,0.526987
38679,0.906991
38680,0.800087
38681,0.949894
38682,0.806817
38683,0.742912
38684,0.739106
38685,0.552158
38686,0.796827
38687,0.85477
38688,0.612718
38689,0.841946
38690,0.471048
38691,0.655242
38692,0.848386
38693,0.876486
38694,0.816393
38695,0.638243
38696,0.894448
38697,0.665397
38698,0.668135
38699,0.273003
38700,0.690175
38701,0.69466
38702,0.701425
38703,0.758004
38704,0.873689
38705,0.539137
38706,0.144954
38707,0.892735
38708,0.878179
38709,0.527721
38710,0.864712
38711,0.509587
38712,0.18106
38713,0.835201
38714,0.834544
38715,0.716256
38716,0.623182
38717,0.625259
38718,0.737757
38719,0.667824
38720,0.860132
38721,0.587512
38722,0.910597
38723,0.54134
38724,0.94751
38725,0.891328
38726,0.674714
38727,0.815699
38728,0.636669
38729,0.692355
38730,0.697488
38731,0.43816
38732,0.592654
38733,0.988406
38734,0.923899
38735,0.971112
38736,0.820847
38737,0.897689
38738,0.530304
38739,0.404568
38740,0.703468
38741,0.880626
38742,0.892043
38743,0.723522
38744,0.629672
38745,0.112488
38746,0.611302
38747,0.977327
38748,0.938268
38749,0.667178
38750,0.9787
38751,0.625921
38752,0.744299
38753,0.66305
38754,0.754462
38755,0.662776
38756,0.241414
38757,0.930788
38758,0.877444
38759,0.710185
38760,0.573632
38761,0.538714
38762,0.047243
38763,0.935268
38764,0.951635
38765,0.956508
38766,0.789362
38767,0.66678
38768,0.835888
38769,0.960967
38770,0.83957
38771,0.506689
38772,0.801288
38773,0.629608
38774,0.712333
38775,0.487201
38776,0.632215
38777,0.741761
38778,0.697183
38779,0.667219
38780,0.817331
38781,0.97793
38782,0.725738
38783,0.473021
38784,0.959582
38785,0.077919
38786,0.477719
38787,0.609411
38788,0.772416
38789,0.823959
38790,0.892732
38791,0.526098
38792,0.961711
38793,0.54329
38794,0.980398
38795,0.909608
38796,0.639503
38797,0.79411
38798,0.644687
38799,0.972781
38800,0.523375
38801,0.969357
38802,0.943248
38803,0.539539
38804,0.65322
38805,0.453213
38806,0.982732
38807,0.791426
38808,0.560712
38809,0.960054
38810,0.896429
38811,0.709326
38812,0.938239
38813,0.858054
38814,0.428511
38815,0.94367
38816,0.913119
38817,0.725908
38818,0.782527
38819,0.561566
38820,0.376773
38821,0.980683
38822,0.327057
38823,0.823715
38824,0.195453
38825,0.8688
38826,0.83215
38827,0.987
38828,0.909546
38829,0.234168
38830,0.871983
38831,0.286607
38832,0.873467
38833,0.985834
38834,0.601595
38835,0.974259
38836,0.759523
38837,0.675579
38838,0.907031
38839,0.580549
38840,0.939134
38841,0.682731
38842,0.946428
38843,0.818643
38844,0.701581
38845,0.896838
38846,0.540754
38847,0.644941
38848,0.497819
38849,0.821786
38850,0.698182
38851,0.520997
38852,0.697552
38853,0.842436
38854,0.833443
38855,0.958637
38856,0.770677
38857,0.942966
38858,0.629546
38859,0.465206
38860,0.981546
38861,0.564409
38862,0.341558
38863,0.793924
38864,0.908145
38865,0.549667
38866,0.901154
38867,0.781576
38868,0.761414
38869,0.435073
38870,0.595619
38871,0.913715
38872,0.884622
38873,0.731312
38874,0.987158
38875,0.849388
38876,0.856246
38877,0.895814
38878,0.577284
38879,0.947079
38880,0.82096
38881,0.59666
38882,0.797968
38883,0.630281
38884,0.921081
38885,0.834835
38886,0.976593
38887,0.656684
38888,0.693451
38889,0.477643
38890,0.636325
38891,0.771264
38892,0.578356
38893,0.074458
38894,0.784731
38895,0.750152
38896,0.885382
38897,0.83112
38898,0.759932
38899,0.778114
38900,0.399692
38901,0.870658
38902,0.218665
38903,0.570879
38904,0.827903
38905,0.719411
38906,0.670899
38907,0.746416
38908,0.729333
38909,0.534039
38910,0.556443
38911,0.790699
38912,0.366542
38913,0.871759
38914,0.734283
38915,0.909234
38916,0.589867
38917,0.795875
38918,0.634181
38919,0.866586
38920,0.962873
38921,0.90717
38922,0.810492
38923,0.784874
38924,0.693192
38925,0.726445
38926,0.634032
38927,0.638961
38928,0.7005
38929,0.738287
38930,0.566531
38931,0.9016
38932,0.808276
38933,0.860268
38934,0.935032
38935,0.838746
38936,0.449136
38937,0.828184
38938,0.669545
38939,0.784646
38940,0.678839
38941,0.711054
38942,0.973695
38943,0.731704
38944,0.423483
38945,0.901051
38946,0.787571
38947,0.879107
38948,0.418171
38949,0.571747
38950,0.925585
38951,0.676805
38952,0.426246
38953,0.970927
38954,0.864716
38955,0.224006
38956,0.794554
38957,0.943062
38958,0.97195
38959,0.32591
38960,0.984332
38961,0.828124
38962,0.721053
38963,0.660902
38964,0.51193
38965,0.446275
38966,0.585622
38967,0.643608
38968,0.782005
38969,0.395888
38970,0.494778
38971,0.97904
38972,0.751309
38973,0.701858
38974,0.716103
38975,0.809791
38976,0.942354
38977,0.888497
38978,0.909083
38979,0.488869
38980,0.499683
38981,0.223786
38982,0.855889
38983,0.72301
38984,0.852334
38985,0.732528
38986,0.623746
38987,0.790221
38988,0.452906
38989,0.663091
38990,0.709095
38991,0.611147
38992,0.959942
38993,0.699412
38994,0.879943
38995,0.991962
38996,0.519527
38997,0.521907
38998,0.915492
38999,0.647196
39000,0.78717
39001,0.752349
39002,0.912353
39003,0.777673
39004,0.937674
39005,0.571445
39006,0.681173
39007,0.852065
39008,0.584413
39009,0.969398
39010,0.451605
39011,0.656939
39012,0.850991
39013,0.523565
39014,0.734403
39015,0.653135
39016,0.860874
39017,0.558247
39018,0.881661
39019,0.670583
39020,0.784937
39021,0.624522
39022,0.638194
39023,0.892959
39024,0.818588
39025,0.917562
39026,0.85464
39027,0.457713
39028,0.855639
39029,0.957123
39030,0.739688
39031,0.552153
39032,0.620931
39033,0.743631
39034,0.616798
39035,0.984578
39036,0.939335
39037,0.729597
39038,0.460374
39039,0.661766
39040,0.752538
39041,0.712014
39042,0.836152
39043,0.9986
39044,0.546686
39045,0.101194
39046,0.718647
39047,0.705928
39048,0.749131
39049,0.956066
39050,0.608196
39051,0.924298
39052,0.285741
39053,0.933762
39054,0.893584
39055,0.989076
39056,0.770188
39057,0.718952
39058,0.626211
39059,0.051082
39060,0.905564
39061,0.463458
39062,0.512227
39063,0.977403
39064,0.822218
39065,0.84524
39066,0.529011
39067,0.36535
39068,0.994766
39069,0.011691
39070,0.942816
39071,0.825082
39072,0.773252
39073,0.602224
39074,0.873966
39075,0.053944
39076,0.815902
39077,0.800573
39078,0.830275
39079,0.956444
39080,0.420607
39081,0.755197
39082,0.944053
39083,0.817391
39084,0.776977
39085,0.667605
39086,0.706771
39087,0.942545
39088,0.685307
39089,0.384888
39090,0.754499
39091,0.982177
39092,0.542587
39093,0.74386
39094,0.772004
39095,0.695446
39096,0.718153
39097,0.387469
39098,0.753314
39099,0.947516
39100,0.600135
39101,0.078671
39102,0.702353
39103,0.895614
39104,0.744657
39105,0.925339
39106,0.902959
39107,0.837253
39108,0.535066
39109,0.537274
39110,0.513109
39111,0.978163
39112,0.808062
39113,0.893911
39114,0.877652
39115,0.947027
39116,0.896519
39117,0.74179
39118,0.414742
39119,0.821194
39120,0.737462
39121,0.383444
39122,0.855289
39123,0.108847
39124,0.604265
39125,0.51893
39126,0.712162
39127,0.49387
39128,0.526397
39129,0.380744
39130,0.969969
39131,0.622222
39132,0.968586
39133,0.407587
39134,0.863964
39135,0.588127
39136,0.699613
39137,0.390808
39138,0.939768
39139,0.707174
39140,0.979586
39141,0.851928
39142,0.855046
39143,0.955635
39144,0.770934
39145,0.062475
39146,0.658709
39147,0.944295
39148,0.547449
39149,0.860514
39150,0.830608
39151,0.912109
39152,0.940463
39153,0.797137
39154,0.935575
39155,0.973237
39156,0.526101
39157,0.658965
39158,0.524302
39159,0.465501
39160,0.866973
39161,0.87784
39162,0.53352
39163,0.837359
39164,0.676954
39165,0.640978
39166,0.723925
39167,0.663395
39168,0.940613
39169,0.763695
39170,0.622183
39171,0.859865
39172,0.922277
39173,0.828491
39174,0.641185
39175,0.644664
39176,0.758298
39177,0.586074
39178,0.474583
39179,0.790094
39180,0.729087
39181,0.907482
39182,0.479562
39183,0.498005
39184,0.93801
39185,0.689144
39186,0.764104
39187,0.772481
39188,0.834295
39189,0.920603
39190,0.753703
39191,0.877811
39192,0.53457
39193,0.767648
39194,0.823928
39195,0.865803
39196,0.692476
39197,0.846353
39198,0.439023
39199,0.523988
39200,0.584174
39201,0.86641
39202,0.791895
39203,0.640139
39204,0.615901
39205,0.562953
39206,0.521314
39207,0.821162
39208,0.85348
39209,0.792667
39210,0.794101
39211,0.89441
39212,0.753693
39213,0.951966
39214,0.618121
39215,0.622097
39216,0.473552
39217,0.472072
39218,0.698934
39219,0.485265
39220,0.938506
39221,0.996256
39222,0.669376
39223,0.792737
39224,0.99016
39225,0.575252
39226,0.858137
39227,0.94431
39228,0.869704
39229,0.683518
39230,0.742903
39231,0.549036
39232,0.949679
39233,0.74471
39234,0.109071
39235,0.605095
39236,0.892418
39237,0.803743
39238,0.410378
39239,0.886564
39240,0.398568
39241,0.846114
39242,0.894113
39243,0.972483
39244,0.506372
39245,0.622717
39246,0.75764
39247,0.946435
39248,0.803558
39249,0.730002
39250,0.861556
39251,0.534653
39252,0.725726
39253,0.744039
39254,0.61287
39255,0.779389
39256,0.684763
39257,0.074238
39258,0.858719
39259,0.958318
39260,0.636331
39261,0.527489
39262,0.554743
39263,0.719798
39264,0.642758
39265,0.707301
39266,0.878904
39267,0.864593
39268,0.533367
39269,0.734289
39270,0.58217
39271,0.62693
39272,0.882619
39273,0.116587
39274,0.583102
39275,0.580285
39276,0.50188
39277,0.767549
39278,0.508369
39279,0.825744
39280,0.897289
39281,0.849728
39282,0.533861
39283,0.799834
39284,0.746927
39285,0.560593
39286,0.799457
39287,0.559905
39288,0.48142
39289,0.673362
39290,0.947856
39291,0.563282
39292,0.79942
39293,0.681258
39294,0.679133
39295,0.878996
39296,0.41377
39297,0.994517
39298,0.691026
39299,0.53577
39300,0.835653
39301,0.953037
39302,0.595518
39303,0.554273
39304,0.537735
39305,0.741575
39306,0.986721
39307,0.815145
39308,0.960064
39309,0.489743
39310,0.868227
39311,0.92942
39312,0.523829
39313,0.542238
39314,0.546374
39315,0.862788
39316,0.933513
39317,0.41409
39318,0.928662
39319,0.934675
39320,0.882805
39321,0.677027
39322,0.969914
39323,0.94284
39324,0.967152
39325,0.763861
39326,0.688904
39327,0.39324
39328,0.665603
39329,0.707579
39330,0.591525
39331,0.813036
39332,0.417337
39333,0.506966
39334,0.968489
39335,0.613845
39336,0.83756
39337,0.703973
39338,0.518041
39339,0.987984
39340,0.498841
39341,0.887264
39342,0.752203
39343,0.583459
39344,0.314075
39345,0.330956
39346,0.815518
39347,0.625675
39348,0.600119
39349,0.678003
39350,0.802891
39351,0.82669
39352,0.822681
39353,0.669077
39354,0.905085
39355,0.589331
39356,0.923802
39357,0.837097
39358,0.727607
39359,0.802968
39360,0.485143
39361,0.772842
39362,0.930848
39363,0.840899
39364,0.332601
39365,0.706212
39366,0.961033
39367,0.247615
39368,0.507734
39369,0.879376
39370,0.832651
39371,0.753988
39372,0.509755
39373,0.510059
39374,0.678694
39375,0.540844
39376,0.758311
39377,0.792726
39378,0.740344
39379,0.766876
39380,0.808455
39381,0.839607
39382,0.94109
39383,0.940733
39384,0.231143
39385,0.496678
39386,0.874267
39387,0.650135
39388,0.109871
39389,0.875287
39390,0.987717
39391,0.737193
39392,0.722146
39393,0.914519
39394,0.742068
39395,0.721802
39396,0.650685
39397,0.11931
39398,0.655251
39399,0.87096
39400,0.996182
39401,0.388896
39402,0.538903
39403,0.788983
39404,0.71446
39405,0.896104
39406,0.888325
39407,0.634072
39408,0.610293
39409,0.6841
39410,0.667436
39411,0.85617
39412,0.972239
39413,0.829144
39414,0.85534
39415,0.024032
39416,0.590952
39417,0.809201
39418,0.946677
39419,0.75487
39420,0.740078
39421,0.870808
39422,0.805551
39423,0.941969
39424,0.648986
39425,0.611282
39426,0.972769
39427,0.514064
39428,0.644782
39429,0.952048
39430,0.439553
39431,0.438777
39432,0.605432
39433,0.832381
39434,0.346068
39435,0.815133
39436,0.523404
39437,0.639417
39438,0.680898
39439,0.60536
39440,0.916787
39441,0.565679
39442,0.758728
39443,0.78135
39444,0.53523
39445,0.744683
39446,0.877447
39447,0.789434
39448,0.979493
39449,0.492404
39450,0.920896
39451,0.891469
39452,0.354059
39453,0.526135
39454,0.858968
39455,0.771396
39456,0.917527
39457,0.807765
39458,0.699707
39459,0.658775
39460,0.923318
39461,0.71528
39462,0.917788
39463,0.783922
39464,0.665613
39465,0.826318
39466,0.936489
39467,0.824319
39468,0.549319
39469,0.657447
39470,0.944338
39471,0.847299
39472,0.800649
39473,0.285164
39474,0.451545
39475,0.883197
39476,0.700753
39477,0.651352
39478,0.531392
39479,0.269837
39480,0.391054
39481,0.72602
39482,0.87039
39483,0.949653
39484,0.952758
39485,0.572793
39486,0.51046
39487,0.661244
39488,0.526475
39489,0.479109
39490,0.702526
39491,0.956563
39492,0.674533
39493,0.649461
39494,0.65014
39495,0.632814
39496,0.757231
39497,0.838562
39498,0.632634
39499,0.318224
39500,0.794087
39501,0.622142
39502,0.565361
39503,0.599555
39504,0.96709
39505,0.935998
39506,0.900183
39507,0.560188
39508,0.46653
39509,0.685981
39510,0.923619
39511,0.551336
39512,0.83573
39513,0.958798
39514,0.714423
39515,0.730227
39516,0.6335
39517,0.740065
39518,0.898808
39519,0.89905
39520,0.615059
39521,0.712111
39522,0.790073
39523,0.963203
39524,0.676347
39525,0.675967
39526,0.836185
39527,0.815644
39528,0.810206
39529,0.818929
39530,0.196087
39531,0.504874
39532,0.613897
39533,0.550718
39534,0.480467
39535,0.750187
39536,0.866255
39537,0.770768
39538,0.583827
39539,0.747821
39540,0.8226
39541,0.980884
39542,0.555499
39543,0.472503
39544,0.716805
39545,0.679693
39546,0.895743
39547,0.752164
39548,0.764573
39549,0.989965
39550,0.969103
39551,0.877915
39552,0.868671
39553,0.649549
39554,0.930349
39555,0.545404
39556,0.611583
39557,0.599088
39558,0.619571
39559,0.639559
39560,0.837513
39561,0.878094
39562,0.567963
39563,0.660055
39564,0.698795
39565,0.824101
39566,0.66619
39567,0.682093
39568,0.286213
39569,0.934495
39570,0.942122
39571,0.961013
39572,0.711611
39573,0.767673
39574,0.78746
39575,0.968476
39576,0.624264
39577,0.896719
39578,0.940727
39579,0.618536
39580,0.975489
39581,0.719733
39582,0.529313
39583,0.740031
39584,0.413192
39585,0.871065
39586,0.825598
39587,0.894138
39588,0.518023
39589,0.806882
39590,0.788445
39591,0.556415
39592,0.982773
39593,0.956751
39594,0.689987
39595,0.084007
39596,0.673309
39597,0.631488
39598,0.639812
39599,0.813361
39600,0.955687
39601,0.801512
39602,0.438844
39603,0.430471
39604,0.667716
39605,0.603177
39606,0.659516
39607,0.929617
39608,0.671758
39609,0.081214
39610,0.881135
39611,0.79087
39612,0.921738
39613,0.825089
39614,0.816019
39615,0.908051
39616,0.733888
39617,0.70457
39618,0.762396
39619,0.949827
39620,0.818887
39621,0.679061
39622,0.968402
39623,0.256776
39624,0.956818
39625,0.905304
39626,0.929432
39627,0.866162
39628,0.896174
39629,0.531721
39630,0.957185
39631,0.788645
39632,0.589013
39633,0.644316
39634,0.395296
39635,0.62471
39636,0.810802
39637,0.597167
39638,0.776361
39639,0.931446
39640,0.728526
39641,0.658275
39642,0.598685
39643,0.89702
39644,0.91863
39645,0.727383
39646,0.86767
39647,0.771883
39648,0.924587
39649,0.673987
39650,0.884828
39651,0.601818
39652,0.414211
39653,0.885729
39654,0.620838
39655,0.953192
39656,0.782235
39657,0.92705
39658,0.728155
39659,0.572955
39660,0.720666
39661,0.93879
39662,0.512063
39663,0.941602
39664,0.969358
39665,0.590647
39666,0.167952
39667,0.927989
39668,0.553446
39669,0.550565
39670,0.597816
39671,0.888143
39672,0.66633
39673,0.869006
39674,0.974642
39675,0.87291
39676,0.715168
39677,0.986728
39678,0.957324
39679,0.904652
39680,0.531632
39681,0.600998
39682,0.857554
39683,0.828842
39684,0.756458
39685,0.913579
39686,0.68382
39687,0.830662
39688,0.971292
39689,0.982728
39690,0.546629
39691,0.765126
39692,0.616473
39693,0.734288
39694,0.58411
39695,0.834204
39696,0.450694
39697,0.744253
39698,0.460553
39699,0.453777
39700,0.637341
39701,0.046635
39702,0.10725
39703,0.423821
39704,0.556884
39705,0.435138
39706,0.120452
39707,0.521185
39708,0.910574
39709,0.881275
39710,0.670926
39711,0.640014
39712,0.58289
39713,0.972612
39714,0.860756
39715,0.837074
39716,0.825457
39717,0.430127
39718,0.635741
39719,0.07312
39720,0.955099
39721,0.705204
39722,0.827371
39723,0.946427
39724,0.749327
39725,0.95059
39726,0.614632
39727,0.854978
39728,0.708657
39729,0.961305
39730,0.73969
39731,0.433828
39732,0.660924
39733,0.530449
39734,0.593187
39735,0.885098
39736,0.934082
39737,0.699275
39738,0.225674
39739,0.742622
39740,0.85583
39741,0.895943
39742,0.927337
39743,0.768333
39744,0.985485
39745,0.895977
39746,0.732596
39747,0.835639
39748,0.85726
39749,0.86461
39750,0.900113
39751,0.61968
39752,0.587846
39753,0.695742
39754,0.861052
39755,0.648414
39756,0.838627
39757,0.787983
39758,0.777575
39759,0.848131
39760,0.917601
39761,0.765879
39762,0.504147
39763,0.42436
39764,0.553011
39765,0.518194
39766,0.359682
39767,0.564226
39768,0.954257
39769,0.481277
39770,0.578254
39771,0.634985
39772,0.846527
39773,0.609799
39774,0.742951
39775,0.805407
39776,0.776353
39777,0.892651
39778,0.873301
39779,0.646466
39780,0.922736
39781,0.932601
39782,0.67292
39783,0.764028
39784,0.843768
39785,0.90043
39786,0.643414
39787,0.875
39788,0.725444
39789,0.793907
39790,0.12896
39791,0.935935
39792,0.55603
39793,0.791958
39794,0.504966
39795,0.941966
39796,0.451607
39797,0.906185
39798,0.935989
39799,0.510902
39800,0.080394
39801,0.394323
39802,0.714753
39803,0.488365
39804,0.969003
39805,0.539066
39806,0.764712
39807,0.685639
39808,0.653584
39809,0.963722
39810,0.805128
39811,0.593469
39812,0.780845
39813,0.813367
39814,0.853306
39815,0.659466
39816,0.977246
39817,0.691671
39818,0.808542
39819,0.672718
39820,0.736893
39821,0.877473
39822,0.586629
39823,0.762863
39824,0.502175
39825,0.787604
39826,0.407822
39827,0.422126
39828,0.636786
39829,0.579017
39830,0.654078
39831,0.946216
39832,0.895243
39833,0.377312
39834,0.725987
39835,0.828912
39836,0.93182
39837,0.840672
39838,0.867442
39839,0.777073
39840,0.631154
39841,0.974889
39842,0.422314
39843,0.837233
39844,0.89647
39845,0.943391
39846,0.932667
39847,0.934328
39848,0.260742
39849,0.85545
39850,0.71441
39851,0.5739
39852,0.716429
39853,0.738306
39854,0.832407
39855,0.588814
39856,0.767899
39857,0.91773
39858,0.523752
39859,0.94067
39860,0.780339
39861,0.733656
39862,0.778536
39863,0.941868
39864,0.962577
39865,0.437478
39866,0.84481
39867,0.686497
39868,0.929208
39869,0.505418
39870,0.819521
39871,0.583009
39872,0.827101
39873,0.425254
39874,0.701736
39875,0.628289
39876,0.971153
39877,0.786744
39878,0.738103
39879,0.570293
39880,0.500866
39881,0.920594
39882,0.590415
39883,0.71693
39884,0.892446
39885,0.632701
39886,0.977863
39887,0.651896
39888,0.848635
39889,0.931626
39890,0.543892
39891,0.535104
39892,0.741177
39893,0.849394
39894,0.700347
39895,0.63017
39896,0.858224
39897,0.38163
39898,0.873303
39899,0.739344
39900,0.592257
39901,0.769163
39902,0.733762
39903,0.94879
39904,0.992154
39905,0.447182
39906,0.689519
39907,0.053299
39908,0.849608
39909,0.889795
39910,0.848479
39911,0.843343
39912,0.709962
39913,0.615618
39914,0.621568
39915,0.963377
39916,0.915726
39917,0.965862
39918,0.699749
39919,0.871235
39920,0.721622
39921,0.524065
39922,0.872133
39923,0.555635
39924,0.083147
39925,0.881484
39926,0.97951
39927,0.632779
39928,0.721853
39929,0.618025
39930,0.551945
39931,0.446491
39932,0.580193
39933,0.923248
39934,0.114765
39935,0.483784
39936,0.61546
39937,0.799647
39938,0.582234
39939,0.938627
39940,0.84348
39941,0.738311
39942,0.557478
39943,0.576968
39944,0.490397
39945,0.721856
39946,0.850433
39947,0.649966
39948,0.754189
39949,0.948907
39950,0.782395
39951,0.592373
39952,0.837367
39953,0.369024
39954,0.820177
39955,0.519982
39956,0.86989
39957,0.855653
39958,0.664055
39959,0.952007
39960,0.59155
39961,0.923108
39962,0.450862
39963,0.535519
39964,0.733097
39965,0.538998
39966,0.795174
39967,0.936806
39968,0.807154
39969,0.62674
39970,0.876589
39971,0.538471
39972,0.9657
39973,0.977257
39974,0.582796
39975,0.126226
39976,0.573963
39977,0.688556
39978,0.650133
39979,0.772722
39980,0.666863
39981,0.811695
39982,0.957166
39983,0.986376
39984,0.900727
39985,0.764586
39986,0.841806
39987,0.600763
39988,0.658651
39989,0.711376
39990,0.545706
39991,0.890605
39992,0.406325
39993,0.474356
39994,0.774518
39995,0.51762
39996,0.620121
39997,0.758799
39998,0.754572
39999,0.687877
