id,pred
0,0.770834
1,0.426961
2,0.832832
3,0.768779
4,0.95636
5,0.891898
6,0.567665
7,0.94169
8,0.668114
9,0.824227
10,0.676089
11,0.799876
12,0.665908
13,0.606213
14,0.860738
15,0.675376
16,0.62254
17,0.446256
18,0.81486
19,0.696471
20,0.388354
21,0.832753
22,0.726021
23,0.098152
24,0.475359
25,0.81787
26,0.362896
27,0.597509
28,0.984926
29,0.872033
30,0.798012
31,0.983118
32,0.660887
33,0.700002
34,0.937288
35,0.546296
36,0.661712
37,0.836719
38,0.687812
39,0.515901
40,0.775082
41,0.806629
42,0.884354
43,0.856122
44,0.638763
45,0.949785
46,0.471828
47,0.829214
48,0.577318
49,0.648508
50,0.713762
51,0.196455
52,0.797499
53,0.987233
54,0.972761
55,0.926673
56,0.068191
57,0.840856
58,0.730454
59,0.934004
60,0.649243
61,0.912992
62,0.475954
63,0.785601
64,0.788069
65,0.704458
66,0.716814
67,0.681283
68,0.26544
69,0.874451
70,0.603391
71,0.652034
72,0.710776
73,0.583964
74,0.950826
75,0.625779
76,0.918097
77,0.973448
78,0.984713
79,0.83425
80,0.908217
81,0.543019
82,0.110957
83,0.774112
84,0.827565
85,0.611646
86,0.836285
87,0.758156
88,0.907001
89,0.877553
90,0.854095
91,0.814506
92,0.973722
93,0.693765
94,0.973673
95,0.95198
96,0.829948
97,0.767102
98,0.604765
99,0.959428
100,0.662906
101,0.148946
102,0.637962
103,0.96679
104,0.207308
105,0.813841
106,0.36941
107,0.859194
108,0.606383
109,0.581538
110,0.74172
111,0.504548
112,0.830469
113,0.861437
114,0.64923
115,0.627953
116,0.737446
117,0.902617
118,0.685579
119,0.894896
120,0.839699
121,0.978069
122,0.501852
123,0.835851
124,0.917349
125,0.526067
126,0.55631
127,0.670993
128,0.895261
129,0.468125
130,0.590545
131,0.123617
132,0.815661
133,0.764889
134,0.541252
135,0.825782
136,0.553165
137,0.760037
138,0.770672
139,0.482281
140,0.854297
141,0.959535
142,0.394482
143,0.827255
144,0.948326
145,0.803644
146,0.819298
147,0.751167
148,0.744887
149,0.840276
150,0.689442
151,0.636756
152,0.719571
153,0.066481
154,0.987892
155,0.95527
156,0.813984
157,0.596183
158,0.928672
159,0.975797
160,0.682969
161,0.952213
162,0.919652
163,0.744317
164,0.56732
165,0.495042
166,0.737909
167,0.976432
168,0.768282
169,0.835264
170,0.777926
171,0.543942
172,0.7981
173,0.855965
174,0.851276
175,0.917782
176,0.969798
177,0.066814
178,0.231126
179,0.574566
180,0.792378
181,0.662556
182,0.732851
183,0.264443
184,0.835197
185,0.880696
186,0.823283
187,0.603479
188,0.900826
189,0.838534
190,0.962027
191,0.815985
192,0.678595
193,0.905594
194,0.88993
195,0.88901
196,0.585563
197,0.667453
198,0.780954
199,0.67073
200,0.746858
201,0.808206
202,0.483029
203,0.945902
204,0.790769
205,0.75049
206,0.843623
207,0.693489
208,0.569896
209,0.609413
210,0.514043
211,0.819393
212,0.38846
213,0.584841
214,0.662131
215,0.662148
216,0.807874
217,0.893703
218,0.432545
219,0.844123
220,0.769006
221,0.764351
222,0.792422
223,0.858331
224,0.678031
225,0.67072
226,0.62839
227,0.477865
228,0.580939
229,0.89764
230,0.627147
231,0.928506
232,0.905785
233,0.888191
234,0.76881
235,0.082864
236,0.562077
237,0.550103
238,0.948657
239,0.784991
240,0.910424
241,0.974002
242,0.837825
243,0.520591
244,0.099884
245,0.785029
246,0.593685
247,0.604254
248,0.641321
249,0.596281
250,0.683974
251,0.915565
252,0.947136
253,0.91186
254,0.655417
255,0.905744
256,0.686375
257,0.883359
258,0.822434
259,0.570737
260,0.490064
261,0.419819
262,0.847318
263,0.978174
264,0.973068
265,0.629286
266,0.69541
267,0.649126
268,0.808822
269,0.703361
270,0.841208
271,0.735115
272,0.760956
273,0.959658
274,0.610818
275,0.47401
276,0.702207
277,0.795301
278,0.664957
279,0.705019
280,0.980923
281,0.930733
282,0.902871
283,0.657768
284,0.749573
285,0.837377
286,0.832927
287,0.858791
288,0.498369
289,0.921146
290,0.968131
291,0.84142
292,0.487043
293,0.548307
294,0.302315
295,0.964663
296,0.958133
297,0.575856
298,0.640801
299,0.624254
300,0.851455
301,0.691337
302,0.752854
303,0.655191
304,0.867899
305,0.830775
306,0.74064
307,0.530495
308,0.579185
309,0.572118
310,0.849521
311,0.98368
312,0.708898
313,0.63994
314,0.738493
315,0.612884
316,0.625715
317,0.91484
318,0.921865
319,0.539968
320,0.702249
321,0.722602
322,0.675117
323,0.939477
324,0.937627
325,0.304158
326,0.621969
327,0.712348
328,0.18013
329,0.801069
330,0.795216
331,0.288882
332,0.489367
333,0.782217
334,0.730125
335,0.634575
336,0.699235
337,0.763028
338,0.64438
339,0.761414
340,0.545044
341,0.836956
342,0.450052
343,0.686875
344,0.503944
345,0.406028
346,0.923924
347,0.658459
348,0.621628
349,0.389815
350,0.723029
351,0.964479
352,0.940587
353,0.754639
354,0.977151
355,0.733411
356,0.747871
357,0.674179
358,0.916856
359,0.594373
360,0.77365
361,0.504849
362,0.64733
363,0.854207
364,0.777832
365,0.909
366,0.922691
367,0.461875
368,0.922014
369,0.897434
370,0.505856
371,0.758275
372,0.832722
373,0.938013
374,0.43853
375,0.92691
376,0.631356
377,0.951272
378,0.668562
379,0.942391
380,0.069028
381,0.822397
382,0.766215
383,0.444989
384,0.727601
385,0.873162
386,0.699822
387,0.873134
388,0.162851
389,0.180313
390,0.584573
391,0.762211
392,0.934999
393,0.521576
394,0.390648
395,0.642572
396,0.720647
397,0.064679
398,0.541264
399,0.86505
400,0.840184
401,0.900185
402,0.72481
403,0.945843
404,0.717314
405,0.947097
406,0.954511
407,0.839465
408,0.941897
409,0.684264
410,0.587447
411,0.491267
412,0.870125
413,0.794635
414,0.657946
415,0.690045
416,0.514133
417,0.782791
418,0.960337
419,0.846871
420,0.85481
421,0.863859
422,0.775094
423,0.755322
424,0.606692
425,0.897796
426,0.569695
427,0.981635
428,0.655871
429,0.678824
430,0.550141
431,0.567914
432,0.560846
433,0.702457
434,0.849236
435,0.612462
436,0.8442
437,0.950905
438,0.847304
439,0.514316
440,0.797085
441,0.69391
442,0.754919
443,0.65522
444,0.396176
445,0.951104
446,0.941172
447,0.698523
448,0.747893
449,0.77706
450,0.643716
451,0.755879
452,0.574108
453,0.965607
454,0.755062
455,0.666543
456,0.75632
457,0.582127
458,0.849691
459,0.974775
460,0.426955
461,0.767557
462,0.775614
463,0.799769
464,0.730425
465,0.795586
466,0.793159
467,0.961174
468,0.738884
469,0.705466
470,0.522381
471,0.728986
472,0.702085
473,0.656835
474,0.821304
475,0.821524
476,0.608728
477,0.694108
478,0.916514
479,0.738861
480,0.905157
481,0.690978
482,0.722778
483,0.687572
484,0.974596
485,0.702114
486,0.947582
487,0.516226
488,0.676929
489,0.607807
490,0.712803
491,0.949961
492,0.158205
493,0.843512
494,0.718874
495,0.738119
496,0.972586
497,0.15469
498,0.886202
499,0.450742
500,0.636434
501,0.201167
502,0.817984
503,0.879536
504,0.732761
505,0.802628
506,0.802258
507,0.738599
508,0.619895
509,0.689695
510,0.896742
511,0.92989
512,0.606195
513,0.791807
514,0.445345
515,0.471857
516,0.466309
517,0.762789
518,0.641515
519,0.74932
520,0.876311
521,0.631712
522,0.776064
523,0.458332
524,0.855747
525,0.861289
526,0.735424
527,0.895364
528,0.571296
529,0.926278
530,0.576641
531,0.815984
532,0.558142
533,0.946243
534,0.701222
535,0.554091
536,0.721801
537,0.103192
538,0.965154
539,0.861122
540,0.759442
541,0.896331
542,0.703238
543,0.55381
544,0.80927
545,0.461599
546,0.627318
547,0.806312
548,0.967318
549,0.962868
550,0.516104
551,0.779956
552,0.7871
553,0.791749
554,0.621277
555,0.787525
556,0.744186
557,0.863835
558,0.69882
559,0.938667
560,0.825357
561,0.903691
562,0.87132
563,0.643924
564,0.732261
565,0.430834
566,0.84755
567,0.734725
568,0.698216
569,0.701233
570,0.782993
571,0.798932
572,0.57681
573,0.662563
574,0.723531
575,0.924528
576,0.591327
577,0.406313
578,0.772642
579,0.499647
580,0.976985
581,0.565611
582,0.686669
583,0.727757
584,0.856639
585,0.785277
586,0.839478
587,0.785661
588,0.94133
589,0.421073
590,0.602279
591,0.622442
592,0.710028
593,0.859914
594,0.794798
595,0.878075
596,0.973372
597,0.797287
598,0.450915
599,0.694836
600,0.89804
601,0.632718
602,0.693588
603,0.089247
604,0.3569
605,0.533638
606,0.476746
607,0.870409
608,0.663188
609,0.968225
610,0.699529
611,0.944472
612,0.578905
613,0.636044
614,0.725416
615,0.589634
616,0.943451
617,0.939614
618,0.907269
619,0.76347
620,0.142036
621,0.936354
622,0.692468
623,0.940146
624,0.884646
625,0.808227
626,0.790448
627,0.930652
628,0.739069
629,0.976709
630,0.921935
631,0.900197
632,0.624442
633,0.871269
634,0.692032
635,0.914069
636,0.954122
637,0.831342
638,0.799271
639,0.641291
640,0.699738
641,0.832833
642,0.675973
643,0.803414
644,0.89176
645,0.752196
646,0.651223
647,0.829576
648,0.349964
649,0.542609
650,0.897408
651,0.520245
652,0.74336
653,0.769127
654,0.805114
655,0.755294
656,0.764541
657,0.594132
658,0.551925
659,0.552218
660,0.506582
661,0.894952
662,0.876543
663,0.880863
664,0.341396
665,0.722979
666,0.809027
667,0.80216
668,0.77206
669,0.571758
670,0.723468
671,0.806895
672,0.744963
673,0.223918
674,0.895732
675,0.742361
676,0.62732
677,0.982395
678,0.659693
679,0.922596
680,0.469004
681,0.917776
682,0.74678
683,0.945934
684,0.883278
685,0.835931
686,0.919444
687,0.799029
688,0.7107
689,0.663563
690,0.727448
691,0.6576
692,0.867158
693,0.930602
694,0.572433
695,0.774844
696,0.662064
697,0.571328
698,0.529547
699,0.57627
700,0.640296
701,0.829956
702,0.356667
703,0.289571
704,0.803175
705,0.894384
706,0.686143
707,0.969727
708,0.443562
709,0.481613
710,0.630973
711,0.662114
712,0.992249
713,0.594413
714,0.37758
715,0.689201
716,0.765945
717,0.769022
718,0.740331
719,0.594472
720,0.539154
721,0.405796
722,0.966528
723,0.92615
724,0.912628
725,0.690055
726,0.784616
727,0.621454
728,0.368355
729,0.493795
730,0.563764
731,0.758352
732,0.078534
733,0.772409
734,0.865927
735,0.693755
736,0.982366
737,0.757003
738,0.491726
739,0.853906
740,0.737931
741,0.955987
742,0.88762
743,0.916459
744,0.920475
745,0.621469
746,0.874708
747,0.447359
748,0.919145
749,0.403975
750,0.937702
751,0.870044
752,0.722974
753,0.813302
754,0.527859
755,0.749942
756,0.702525
757,0.539169
758,0.883531
759,0.820104
760,0.795581
761,0.503676
762,0.920103
763,0.675156
764,0.977994
765,0.894642
766,0.922926
767,0.870761
768,0.69626
769,0.821938
770,0.987842
771,0.59882
772,0.167881
773,0.513676
774,0.678801
775,0.846972
776,0.591753
777,0.933912
778,0.759962
779,0.980563
780,0.692016
781,0.84078
782,0.602229
783,0.861841
784,0.688567
785,0.75316
786,0.709293
787,0.563711
788,0.815454
789,0.979275
790,0.65343
791,0.683842
792,0.764556
793,0.805203
794,0.799361
795,0.857805
796,0.942957
797,0.704657
798,0.641918
799,0.550686
800,0.346766
801,0.811646
802,0.765685
803,0.774614
804,0.453493
805,0.767186
806,0.502838
807,0.640938
808,0.874846
809,0.854651
810,0.629845
811,0.950515
812,0.963062
813,0.791839
814,0.854719
815,0.70989
816,0.545747
817,0.819689
818,0.775575
819,0.494606
820,0.704505
821,0.796492
822,0.698182
823,0.75627
824,0.091593
825,0.949359
826,0.660319
827,0.92729
828,0.944456
829,0.797386
830,0.747557
831,0.920824
832,0.850962
833,0.534178
834,0.981827
835,0.632143
836,0.907608
837,0.677892
838,0.836404
839,0.361177
840,0.823486
841,0.832545
842,0.974504
843,0.628002
844,0.621879
845,0.779227
846,0.84073
847,0.561684
848,0.889681
849,0.919077
850,0.650312
851,0.796713
852,0.763479
853,0.471875
854,0.821114
855,0.618098
856,0.814802
857,0.754343
858,0.733554
859,0.452611
860,0.595765
861,0.794696
862,0.866969
863,0.79284
864,0.956477
865,0.530165
866,0.663473
867,0.752411
868,0.43163
869,0.780284
870,0.643389
871,0.781366
872,0.732182
873,0.698507
874,0.651963
875,0.686613
876,0.673896
877,0.771898
878,0.902062
879,0.612275
880,0.710318
881,0.962872
882,0.781454
883,0.79408
884,0.966813
885,0.928877
886,0.98057
887,0.760435
888,0.97831
889,0.885006
890,0.700635
891,0.57251
892,0.75001
893,0.37607
894,0.061934
895,0.040871
896,0.958275
897,0.674733
898,0.90313
899,0.951319
900,0.798906
901,0.823616
902,0.889163
903,0.719017
904,0.751862
905,0.34047
906,0.573691
907,0.909601
908,0.972332
909,0.470457
910,0.557409
911,0.86369
912,0.636686
913,0.694959
914,0.68898
915,0.860124
916,0.970753
917,0.854444
918,0.789315
919,0.189796
920,0.395133
921,0.91915
922,0.624111
923,0.630727
924,0.920612
925,0.711832
926,0.640121
927,0.814805
928,0.664945
929,0.640768
930,0.622989
931,0.911779
932,0.576635
933,0.979587
934,0.93765
935,0.688988
936,0.941248
937,0.548419
938,0.636452
939,0.973345
940,0.939316
941,0.744554
942,0.953947
943,0.745419
944,0.695865
945,0.380755
946,0.582823
947,0.537669
948,0.439344
949,0.694447
950,0.594636
951,0.904048
952,0.953838
953,0.737225
954,0.925095
955,0.637772
956,0.693065
957,0.839916
958,0.877732
959,0.814035
960,0.536334
961,0.347596
962,0.463148
963,0.717827
964,0.847718
965,0.719108
966,0.934686
967,0.948757
968,0.617603
969,0.669675
970,0.928852
971,0.680996
972,0.617077
973,0.898759
974,0.427422
975,0.712041
976,0.614987
977,0.396233
978,0.500153
979,0.843164
980,0.945429
981,0.77554
982,0.634775
983,0.617896
984,0.607059
985,0.564324
986,0.192048
987,0.884812
988,0.677247
989,0.902104
990,0.876132
991,0.938115
992,0.866868
993,0.367342
994,0.709518
995,0.957803
996,0.415009
997,0.615795
998,0.634293
999,0.623059
1000,0.861112
1001,0.758756
1002,0.717016
1003,0.746334
1004,0.910865
1005,0.565893
1006,0.62894
1007,0.735484
1008,0.970799
1009,0.981978
1010,0.940939
1011,0.780513
1012,0.955518
1013,0.869262
1014,0.394662
1015,0.848489
1016,0.591344
1017,0.91073
1018,0.634632
1019,0.732369
1020,0.794774
1021,0.814242
1022,0.484847
1023,0.465675
1024,0.698771
1025,0.983615
1026,0.68876
1027,0.830614
1028,0.519506
1029,0.757623
1030,0.3342
1031,0.768165
1032,0.801735
1033,0.715698
1034,0.814877
1035,0.720588
1036,0.899475
1037,0.627318
1038,0.783378
1039,0.75094
1040,0.726366
1041,0.632022
1042,0.655396
1043,0.729836
1044,0.737652
1045,0.844396
1046,0.902249
1047,0.164354
1048,0.796614
1049,0.962189
1050,0.954095
1051,0.804451
1052,0.60168
1053,0.832678
1054,0.789258
1055,0.700022
1056,0.937531
1057,0.56636
1058,0.416272
1059,0.950156
1060,0.989371
1061,0.495995
1062,0.567112
1063,0.618781
1064,0.766275
1065,0.55662
1066,0.107312
1067,0.903126
1068,0.834714
1069,0.522876
1070,0.601916
1071,0.846842
1072,0.906656
1073,0.973766
1074,0.586447
1075,0.955219
1076,0.062036
1077,0.465569
1078,0.784646
1079,0.068013
1080,0.748886
1081,0.655179
1082,0.958737
1083,0.860459
1084,0.916221
1085,0.766874
1086,0.780336
1087,0.853169
1088,0.853788
1089,0.637867
1090,0.900455
1091,0.712525
1092,0.910793
1093,0.634588
1094,0.466616
1095,0.8633
1096,0.722796
1097,0.603551
1098,0.75761
1099,0.724117
1100,0.959906
1101,0.503667
1102,0.778382
1103,0.708988
1104,0.603285
1105,0.520103
1106,0.854239
1107,0.819159
1108,0.98094
1109,0.346502
1110,0.589436
1111,0.105134
1112,0.05165
1113,0.800475
1114,0.753069
1115,0.470225
1116,0.670628
1117,0.800516
1118,0.906181
1119,0.635838
1120,0.990148
1121,0.38244
1122,0.813036
1123,0.890464
1124,0.681709
1125,0.316896
1126,0.679258
1127,0.736883
1128,0.701702
1129,0.635798
1130,0.777039
1131,0.863003
1132,0.903261
1133,0.678336
1134,0.83917
1135,0.815008
1136,0.76529
1137,0.880404
1138,0.655552
1139,0.412748
1140,0.153941
1141,0.942891
1142,0.593072
1143,0.507262
1144,0.856585
1145,0.295922
1146,0.494951
1147,0.808506
1148,0.960967
1149,0.621086
1150,0.887079
1151,0.361057
1152,0.701458
1153,0.953538
1154,0.925628
1155,0.810823
1156,0.664736
1157,0.725664
1158,0.488868
1159,0.713672
1160,0.927859
1161,0.557352
1162,0.755507
1163,0.975791
1164,0.82948
1165,0.406797
1166,0.53013
1167,0.788604
1168,0.973177
1169,0.950281
1170,0.721152
1171,0.60213
1172,0.740378
1173,0.842484
1174,0.831945
1175,0.959883
1176,0.64688
1177,0.770076
1178,0.973751
1179,0.754944
1180,0.692894
1181,0.925328
1182,0.349216
1183,0.703009
1184,0.542993
1185,0.374833
1186,0.142295
1187,0.920004
1188,0.649899
1189,0.500061
1190,0.94764
1191,0.745087
1192,0.915805
1193,0.819289
1194,0.82954
1195,0.525015
1196,0.972986
1197,0.725949
1198,0.650311
1199,0.599459
1200,0.446328
1201,0.871727
1202,0.935753
1203,0.85569
1204,0.853922
1205,0.578886
1206,0.610696
1207,0.576144
1208,0.683597
1209,0.669649
1210,0.666539
1211,0.897921
1212,0.699758
1213,0.845782
1214,0.792337
1215,0.724564
1216,0.92505
1217,0.804242
1218,0.819005
1219,0.802586
1220,0.4921
1221,0.80886
1222,0.670642
1223,0.762684
1224,0.870516
1225,0.8838
1226,0.972265
1227,0.637367
1228,0.858366
1229,0.810378
1230,0.67721
1231,0.045617
1232,0.823696
1233,0.848403
1234,0.926601
1235,0.771613
1236,0.38096
1237,0.696711
1238,0.712904
1239,0.712711
1240,0.59117
1241,0.619461
1242,0.810441
1243,0.798653
1244,0.776249
1245,0.778852
1246,0.844567
1247,0.052272
1248,0.873812
1249,0.744684
1250,0.098512
1251,0.688775
1252,0.7241
1253,0.925843
1254,0.603858
1255,0.699035
1256,0.941461
1257,0.733399
1258,0.942884
1259,0.811732
1260,0.526994
1261,0.690957
1262,0.547746
1263,0.915211
1264,0.667133
1265,0.482776
1266,0.639196
1267,0.924929
1268,0.88399
1269,0.918525
1270,0.609869
1271,0.770862
1272,0.563214
1273,0.939193
1274,0.892909
1275,0.88801
1276,0.708823
1277,0.655963
1278,0.913576
1279,0.634325
1280,0.84118
1281,0.717323
1282,0.699609
1283,0.562855
1284,0.907723
1285,0.935201
1286,0.664088
1287,0.860411
1288,0.975374
1289,0.982507
1290,0.807073
1291,0.930918
1292,0.743107
1293,0.844687
1294,0.887817
1295,0.637379
1296,0.87223
1297,0.362342
1298,0.769783
1299,0.903677
1300,0.791076
1301,0.829247
1302,0.813185
1303,0.756493
1304,0.767571
1305,0.781061
1306,0.811536
1307,0.659926
1308,0.906199
1309,0.062769
1310,0.590466
1311,0.924747
1312,0.903285
1313,0.921506
1314,0.855391
1315,0.414979
1316,0.415546
1317,0.823978
1318,0.276824
1319,0.607507
1320,0.832608
1321,0.654074
1322,0.609425
1323,0.598557
1324,0.727001
1325,0.782335
1326,0.681004
1327,0.647551
1328,0.406558
1329,0.962128
1330,0.488358
1331,0.565758
1332,0.913489
1333,0.973928
1334,0.981827
1335,0.482395
1336,0.898105
1337,0.583611
1338,0.768444
1339,0.771012
1340,0.795323
1341,0.56607
1342,0.648901
1343,0.604773
1344,0.758623
1345,0.806687
1346,0.581266
1347,0.633493
1348,0.759445
1349,0.703676
1350,0.930202
1351,0.877782
1352,0.919958
1353,0.76107
1354,0.738547
1355,0.621614
1356,0.599789
1357,0.816937
1358,0.793548
1359,0.719756
1360,0.467482
1361,0.680412
1362,0.161385
1363,0.716026
1364,0.561802
1365,0.747846
1366,0.984055
1367,0.753323
1368,0.953258
1369,0.865947
1370,0.9296
1371,0.86537
1372,0.579083
1373,0.917247
1374,0.582374
1375,0.67641
1376,0.865743
1377,0.753234
1378,0.6488
1379,0.848053
1380,0.61158
1381,0.765881
1382,0.912722
1383,0.956934
1384,0.234194
1385,0.83049
1386,0.736942
1387,0.693191
1388,0.784997
1389,0.746576
1390,0.859493
1391,0.368647
1392,0.710467
1393,0.061274
1394,0.93093
1395,0.920412
1396,0.704807
1397,0.796868
1398,0.63746
1399,0.224203
1400,0.904427
1401,0.568312
1402,0.827028
1403,0.844889
1404,0.877409
1405,0.714354
1406,0.622765
1407,0.886014
1408,0.721666
1409,0.908826
1410,0.882796
1411,0.942659
1412,0.673254
1413,0.696241
1414,0.739851
1415,0.871218
1416,0.501207
1417,0.895809
1418,0.708219
1419,0.941646
1420,0.439532
1421,0.457941
1422,0.826926
1423,0.653242
1424,0.85059
1425,0.538495
1426,0.460839
1427,0.956394
1428,0.927994
1429,0.635099
1430,0.776526
1431,0.781818
1432,0.545343
1433,0.374955
1434,0.6951
1435,0.855816
1436,0.604693
1437,0.638891
1438,0.564595
1439,0.954787
1440,0.592174
1441,0.483957
1442,0.422188
1443,0.705339
1444,0.728515
1445,0.953137
1446,0.797824
1447,0.658066
1448,0.753219
1449,0.810168
1450,0.709581
1451,0.713696
1452,0.414363
1453,0.872813
1454,0.825422
1455,0.740373
1456,0.624271
1457,0.538643
1458,0.624819
1459,0.803181
1460,0.69354
1461,0.753977
1462,0.489008
1463,0.75134
1464,0.950637
1465,0.623104
1466,0.780561
1467,0.843508
1468,0.560342
1469,0.681622
1470,0.57587
1471,0.27263
1472,0.848094
1473,0.493075
1474,0.784358
1475,0.858621
1476,0.694007
1477,0.917643
1478,0.694908
1479,0.946125
1480,0.748121
1481,0.753422
1482,0.085344
1483,0.702668
1484,0.989111
1485,0.843776
1486,0.841929
1487,0.806248
1488,0.511938
1489,0.441153
1490,0.706734
1491,0.60106
1492,0.894735
1493,0.467272
1494,0.812173
1495,0.831291
1496,0.730796
1497,0.644705
1498,0.734478
1499,0.961988
1500,0.967323
1501,0.643137
1502,0.911946
1503,0.49248
1504,0.848886
1505,0.919754
1506,0.924718
1507,0.965133
1508,0.50806
1509,0.625339
1510,0.988761
1511,0.776411
1512,0.763173
1513,0.976325
1514,0.755719
1515,0.688784
1516,0.641556
1517,0.739758
1518,0.793686
1519,0.815241
1520,0.900119
1521,0.75942
1522,0.462384
1523,0.989768
1524,0.752089
1525,0.747021
1526,0.732486
1527,0.947899
1528,0.764548
1529,0.962028
1530,0.962775
1531,0.662507
1532,0.981182
1533,0.686836
1534,0.886871
1535,0.840921
1536,0.578157
1537,0.647805
1538,0.783324
1539,0.972171
1540,0.844791
1541,0.65658
1542,0.634311
1543,0.430231
1544,0.849725
1545,0.937336
1546,0.6675
1547,0.526819
1548,0.947205
1549,0.681543
1550,0.931184
1551,0.384787
1552,0.966192
1553,0.854339
1554,0.804353
1555,0.636241
1556,0.477233
1557,0.871392
1558,0.626748
1559,0.776998
1560,0.823632
1561,0.900997
1562,0.931993
1563,0.821322
1564,0.907355
1565,0.913863
1566,0.504158
1567,0.723681
1568,0.620563
1569,0.978541
1570,0.469269
1571,0.776635
1572,0.856443
1573,0.641352
1574,0.873408
1575,0.663644
1576,0.693314
1577,0.871404
1578,0.943016
1579,0.856549
1580,0.763066
1581,0.418335
1582,0.526224
1583,0.827812
1584,0.989898
1585,0.795094
1586,0.829045
1587,0.796189
1588,0.956258
1589,0.895414
1590,0.905191
1591,0.059249
1592,0.184959
1593,0.533873
1594,0.639479
1595,0.737124
1596,0.833062
1597,0.764576
1598,0.687619
1599,0.791777
1600,0.760006
1601,0.710513
1602,0.592924
1603,0.50887
1604,0.609684
1605,0.737624
1606,0.635642
1607,0.678975
1608,0.801176
1609,0.869038
1610,0.780681
1611,0.689475
1612,0.947879
1613,0.466447
1614,0.823804
1615,0.903447
1616,0.928598
1617,0.391103
1618,0.345472
1619,0.759831
1620,0.772563
1621,0.79059
1622,0.100098
1623,0.835472
1624,0.910469
1625,0.971839
1626,0.949282
1627,0.78026
1628,0.808023
1629,0.585878
1630,0.579107
1631,0.688584
1632,0.935771
1633,0.832722
1634,0.895893
1635,0.099968
1636,0.474678
1637,0.61998
1638,0.744104
1639,0.581735
1640,0.787354
1641,0.619702
1642,0.685366
1643,0.777246
1644,0.709237
1645,0.619873
1646,0.739422
1647,0.615236
1648,0.833408
1649,0.832821
1650,0.98368
1651,0.42656
1652,0.772921
1653,0.886162
1654,0.783464
1655,0.916635
1656,0.818233
1657,0.66604
1658,0.650174
1659,0.937214
1660,0.68826
1661,0.476161
1662,0.663027
1663,0.908145
1664,0.644795
1665,0.770365
1666,0.843128
1667,0.837825
1668,0.933207
1669,0.648628
1670,0.993737
1671,0.874474
1672,0.840461
1673,0.31956
1674,0.946813
1675,0.91592
1676,0.96194
1677,0.127394
1678,0.862333
1679,0.795948
1680,0.705796
1681,0.65103
1682,0.724786
1683,0.877597
1684,0.902325
1685,0.817409
1686,0.79612
1687,0.799914
1688,0.986319
1689,0.683649
1690,0.662681
1691,0.786421
1692,0.726903
1693,0.632414
1694,0.904611
1695,0.622666
1696,0.909101
1697,0.917881
1698,0.542289
1699,0.668309
1700,0.820022
1701,0.604904
1702,0.842997
1703,0.701395
1704,0.789845
1705,0.659354
1706,0.694194
1707,0.927425
1708,0.675447
1709,0.849518
1710,0.844832
1711,0.843087
1712,0.933751
1713,0.542346
1714,0.677558
1715,0.492913
1716,0.755325
1717,0.816656
1718,0.629338
1719,0.925008
1720,0.74047
1721,0.805919
1722,0.931565
1723,0.539409
1724,0.804623
1725,0.859738
1726,0.987055
1727,0.781048
1728,0.689545
1729,0.688291
1730,0.891563
1731,0.809163
1732,0.681406
1733,0.781656
1734,0.898087
1735,0.712096
1736,0.560647
1737,0.93836
1738,0.573228
1739,0.694255
1740,0.65413
1741,0.676212
1742,0.423009
1743,0.846782
1744,0.897676
1745,0.741133
1746,0.63724
1747,0.368915
1748,0.917463
1749,0.679224
1750,0.925055
1751,0.936325
1752,0.760447
1753,0.883646
1754,0.86733
1755,0.705357
1756,0.814371
1757,0.697392
1758,0.119636
1759,0.548186
1760,0.690522
1761,0.826641
1762,0.698278
1763,0.778885
1764,0.953588
1765,0.730775
1766,0.721233
1767,0.99635
1768,0.720432
1769,0.509438
1770,0.851184
1771,0.607323
1772,0.488474
1773,0.957152
1774,0.901775
1775,0.647552
1776,0.942513
1777,0.107044
1778,0.530264
1779,0.553398
1780,0.862546
1781,0.418806
1782,0.770236
1783,0.962329
1784,0.595819
1785,0.104079
1786,0.695761
1787,0.629385
1788,0.633489
1789,0.703984
1790,0.834506
1791,0.521646
1792,0.807576
1793,0.520626
1794,0.966771
1795,0.747206
1796,0.42839
1797,0.686981
1798,0.933517
1799,0.429524
1800,0.758169
1801,0.077736
1802,0.862454
1803,0.895622
1804,0.497472
1805,0.573213
1806,0.566801
1807,0.465781
1808,0.830912
1809,0.668586
1810,0.827223
1811,0.544281
1812,0.890176
1813,0.97045
1814,0.95794
1815,0.613824
1816,0.860761
1817,0.063916
1818,0.850601
1819,0.495715
1820,0.716034
1821,0.869099
1822,0.469815
1823,0.725724
1824,0.623273
1825,0.300095
1826,0.986508
1827,0.734603
1828,0.668129
1829,0.448173
1830,0.499842
1831,0.758507
1832,0.804968
1833,0.911735
1834,0.622829
1835,0.650164
1836,0.877262
1837,0.875096
1838,0.962086
1839,0.673299
1840,0.776963
1841,0.707076
1842,0.788601
1843,0.904905
1844,0.832352
1845,0.509976
1846,0.572468
1847,0.83609
1848,0.947291
1849,0.604057
1850,0.896492
1851,0.677982
1852,0.676334
1853,0.768531
1854,0.937226
1855,0.88286
1856,0.894117
1857,0.813273
1858,0.693248
1859,0.961012
1860,0.917121
1861,0.461293
1862,0.612791
1863,0.529382
1864,0.941941
1865,0.842411
1866,0.665509
1867,0.554893
1868,0.515546
1869,0.795143
1870,0.803632
1871,0.904233
1872,0.748018
1873,0.66253
1874,0.603778
1875,0.063217
1876,0.345292
1877,0.502104
1878,0.457108
1879,0.651759
1880,0.890629
1881,0.601014
1882,0.865716
1883,0.933796
1884,0.975733
1885,0.670265
1886,0.838509
1887,0.68069
1888,0.432186
1889,0.906222
1890,0.66241
1891,0.683037
1892,0.688879
1893,0.618109
1894,0.67531
1895,0.892854
1896,0.976028
1897,0.790706
1898,0.628585
1899,0.862985
1900,0.488606
1901,0.75892
1902,0.86109
1903,0.806772
1904,0.8935
1905,0.661498
1906,0.809933
1907,0.661064
1908,0.944322
1909,0.905777
1910,0.923097
1911,0.954074
1912,0.621164
1913,0.870767
1914,0.508274
1915,0.830139
1916,0.716361
1917,0.747029
1918,0.93136
1919,0.392933
1920,0.653136
1921,0.750377
1922,0.795068
1923,0.992924
1924,0.799219
1925,0.856988
1926,0.892053
1927,0.304605
1928,0.771435
1929,0.336616
1930,0.833894
1931,0.724229
1932,0.971082
1933,0.65777
1934,0.801255
1935,0.853142
1936,0.726152
1937,0.503082
1938,0.654927
1939,0.875368
1940,0.974897
1941,0.776449
1942,0.81623
1943,0.864958
1944,0.637595
1945,0.875224
1946,0.648246
1947,0.945147
1948,0.717723
1949,0.071195
1950,0.898676
1951,0.633217
1952,0.73449
1953,0.534867
1954,0.541453
1955,0.681545
1956,0.76518
1957,0.393762
1958,0.939217
1959,0.976178
1960,0.917545
1961,0.370307
1962,0.898113
1963,0.506309
1964,0.593442
1965,0.560691
1966,0.493964
1967,0.843151
1968,0.915928
1969,0.679026
1970,0.07497
1971,0.646764
1972,0.580946
1973,0.790169
1974,0.684338
1975,0.735446
1976,0.664898
1977,0.82333
1978,0.88269
1979,0.805881
1980,0.691429
1981,0.860789
1982,0.67696
1983,0.502936
1984,0.959606
1985,0.652116
1986,0.782134
1987,0.96677
1988,0.457663
1989,0.725793
1990,0.759201
1991,0.510335
1992,0.704597
1993,0.758075
1994,0.829015
1995,0.959246
1996,0.855921
1997,0.77917
1998,0.917582
1999,0.667499
2000,0.815063
2001,0.921421
2002,0.809609
2003,0.161655
2004,0.483893
2005,0.980794
2006,0.906547
2007,0.790245
2008,0.172845
2009,0.530484
2010,0.193309
2011,0.546773
2012,0.956476
2013,0.551497
2014,0.526534
2015,0.555434
2016,0.245441
2017,0.684932
2018,0.769177
2019,0.889446
2020,0.859957
2021,0.67412
2022,0.430074
2023,0.746249
2024,0.488528
2025,0.364196
2026,0.590287
2027,0.842467
2028,0.725916
2029,0.93537
2030,0.696625
2031,0.846221
2032,0.33
2033,0.774999
2034,0.672197
2035,0.660817
2036,0.7218
2037,0.81617
2038,0.748135
2039,0.890415
2040,0.897093
2041,0.517249
2042,0.702701
2043,0.935965
2044,0.983715
2045,0.744671
2046,0.61843
2047,0.627772
2048,0.7843
2049,0.519753
2050,0.283641
2051,0.724547
2052,0.803932
2053,0.864449
2054,0.671283
2055,0.966072
2056,0.515538
2057,0.86429
2058,0.851421
2059,0.775396
2060,0.975281
2061,0.74388
2062,0.738435
2063,0.585412
2064,0.729787
2065,0.877614
2066,0.543452
2067,0.716427
2068,0.653325
2069,0.948861
2070,0.801064
2071,0.809206
2072,0.895751
2073,0.524082
2074,0.672959
2075,0.910257
2076,0.505002
2077,0.735452
2078,0.632974
2079,0.746979
2080,0.869833
2081,0.979767
2082,0.74617
2083,0.737661
2084,0.824882
2085,0.847424
2086,0.990357
2087,0.76388
2088,0.785164
2089,0.472151
2090,0.724004
2091,0.520846
2092,0.975462
2093,0.835041
2094,0.696161
2095,0.987206
2096,0.669033
2097,0.659976
2098,0.766096
2099,0.89265
2100,0.350848
2101,0.692384
2102,0.613927
2103,0.929043
2104,0.586672
2105,0.715441
2106,0.532824
2107,0.937434
2108,0.177199
2109,0.727236
2110,0.453714
2111,0.863651
2112,0.877955
2113,0.913816
2114,0.595592
2115,0.831876
2116,0.851244
2117,0.575511
2118,0.987138
2119,0.689995
2120,0.91259
2121,0.938831
2122,0.953124
2123,0.893638
2124,0.836602
2125,0.464255
2126,0.759775
2127,0.446429
2128,0.120796
2129,0.966472
2130,0.602302
2131,0.060635
2132,0.689764
2133,0.851054
2134,0.975105
2135,0.818943
2136,0.872238
2137,0.561324
2138,0.937949
2139,0.676212
2140,0.94414
2141,0.433053
2142,0.779916
2143,0.767796
2144,0.783187
2145,0.634199
2146,0.450482
2147,0.946246
2148,0.558388
2149,0.648817
2150,0.680656
2151,0.978371
2152,0.743106
2153,0.933931
2154,0.506569
2155,0.54149
2156,0.641503
2157,0.68874
2158,0.50388
2159,0.734481
2160,0.605445
2161,0.60085
2162,0.056545
2163,0.536468
2164,0.691602
2165,0.559628
2166,0.755897
2167,0.556198
2168,0.921869
2169,0.612269
2170,0.639828
2171,0.796507
2172,0.781452
2173,0.74862
2174,0.449109
2175,0.967205
2176,0.081024
2177,0.873149
2178,0.97835
2179,0.879133
2180,0.91897
2181,0.145223
2182,0.715054
2183,0.705817
2184,0.318899
2185,0.916148
2186,0.925928
2187,0.710553
2188,0.665059
2189,0.865047
2190,0.654303
2191,0.770051
2192,0.506575
2193,0.914397
2194,0.697729
2195,0.65969
2196,0.976669
2197,0.698778
2198,0.930923
2199,0.959719
2200,0.784314
2201,0.52599
2202,0.885187
2203,0.813
2204,0.391889
2205,0.807284
2206,0.915445
2207,0.426658
2208,0.628013
2209,0.750708
2210,0.71496
2211,0.937994
2212,0.623839
2213,0.798636
2214,0.983371
2215,0.741172
2216,0.743504
2217,0.96674
2218,0.775595
2219,0.643976
2220,0.646703
2221,0.37793
2222,0.555021
2223,0.801817
2224,0.885402
2225,0.83907
2226,0.661039
2227,0.755325
2228,0.464527
2229,0.455789
2230,0.581399
2231,0.663285
2232,0.456474
2233,0.259075
2234,0.104655
2235,0.53247
2236,0.960687
2237,0.742428
2238,0.658902
2239,0.569864
2240,0.711001
2241,0.875732
2242,0.53927
2243,0.741194
2244,0.808561
2245,0.821067
2246,0.70669
2247,0.775099
2248,0.866214
2249,0.838292
2250,0.636915
2251,0.545487
2252,0.899682
2253,0.092686
2254,0.75868
2255,0.64873
2256,0.322092
2257,0.583285
2258,0.682286
2259,0.844973
2260,0.648248
2261,0.04825
2262,0.195348
2263,0.322487
2264,0.931194
2265,0.565812
2266,0.75694
2267,0.605672
2268,0.852049
2269,0.761187
2270,0.865416
2271,0.947299
2272,0.531364
2273,0.708971
2274,0.652284
2275,0.918015
2276,0.872113
2277,0.851887
2278,0.125342
2279,0.830166
2280,0.765655
2281,0.710373
2282,0.79801
2283,0.943428
2284,0.555064
2285,0.579289
2286,0.109513
2287,0.904135
2288,0.545218
2289,0.496095
2290,0.639697
2291,0.811588
2292,0.700705
2293,0.778781
2294,0.102737
2295,0.444248
2296,0.673038
2297,0.617124
2298,0.856083
2299,0.529897
2300,0.724158
2301,0.983047
2302,0.981526
2303,0.801584
2304,0.885256
2305,0.593204
2306,0.59423
2307,0.226994
2308,0.648446
2309,0.80672
2310,0.905955
2311,0.039804
2312,0.905932
2313,0.083276
2314,0.976616
2315,0.63977
2316,0.935627
2317,0.417113
2318,0.85198
2319,0.922497
2320,0.42106
2321,0.920787
2322,0.908065
2323,0.727413
2324,0.806426
2325,0.501092
2326,0.862056
2327,0.221269
2328,0.685969
2329,0.977468
2330,0.954228
2331,0.751634
2332,0.778309
2333,0.888711
2334,0.693813
2335,0.70187
2336,0.986051
2337,0.893035
2338,0.074728
2339,0.893886
2340,0.77237
2341,0.475314
2342,0.614273
2343,0.440294
2344,0.801054
2345,0.766379
2346,0.805669
2347,0.865346
2348,0.827371
2349,0.607446
2350,0.480151
2351,0.878125
2352,0.877717
2353,0.875587
2354,0.89846
2355,0.483934
2356,0.891006
2357,0.668182
2358,0.884815
2359,0.93721
2360,0.575513
2361,0.669839
2362,0.734703
2363,0.412913
2364,0.747547
2365,0.754896
2366,0.620016
2367,0.68344
2368,0.743845
2369,0.69289
2370,0.810323
2371,0.585105
2372,0.89294
2373,0.764934
2374,0.598247
2375,0.880068
2376,0.124015
2377,0.394038
2378,0.189505
2379,0.599244
2380,0.317317
2381,0.453703
2382,0.956297
2383,0.929251
2384,0.801711
2385,0.92766
2386,0.663449
2387,0.795629
2388,0.926671
2389,0.95417
2390,0.450194
2391,0.932013
2392,0.850498
2393,0.89141
2394,0.776031
2395,0.772294
2396,0.782282
2397,0.65783
2398,0.838622
2399,0.519511
2400,0.845178
2401,0.92557
2402,0.57509
2403,0.810376
2404,0.803321
2405,0.929857
2406,0.798577
2407,0.644646
2408,0.43763
2409,0.780039
2410,0.943766
2411,0.857482
2412,0.683247
2413,0.795136
2414,0.657791
2415,0.864528
2416,0.897687
2417,0.787548
2418,0.420074
2419,0.774127
2420,0.74178
2421,0.874126
2422,0.827911
2423,0.602045
2424,0.50959
2425,0.9206
2426,0.766439
2427,0.542286
2428,0.891808
2429,0.849786
2430,0.899301
2431,0.561315
2432,0.918429
2433,0.722125
2434,0.857911
2435,0.625717
2436,0.484387
2437,0.475044
2438,0.709001
2439,0.856185
2440,0.705183
2441,0.907291
2442,0.724927
2443,0.917515
2444,0.836198
2445,0.628791
2446,0.797937
2447,0.903562
2448,0.771955
2449,0.791395
2450,0.88803
2451,0.74351
2452,0.811077
2453,0.693212
2454,0.906386
2455,0.593956
2456,0.936446
2457,0.957205
2458,0.803054
2459,0.579616
2460,0.686985
2461,0.572367
2462,0.401251
2463,0.282027
2464,0.859584
2465,0.702542
2466,0.56238
2467,0.684691
2468,0.683576
2469,0.721089
2470,0.960212
2471,0.779756
2472,0.953967
2473,0.539909
2474,0.399225
2475,0.571004
2476,0.941627
2477,0.917839
2478,0.427337
2479,0.735426
2480,0.622368
2481,0.429098
2482,0.878402
2483,0.890926
2484,0.701824
2485,0.611901
2486,0.923964
2487,0.691951
2488,0.773463
2489,0.669028
2490,0.81308
2491,0.685614
2492,0.623681
2493,0.919038
2494,0.887383
2495,0.926046
2496,0.79932
2497,0.941659
2498,0.547873
2499,0.935292
2500,0.825943
2501,0.444322
2502,0.557674
2503,0.924915
2504,0.443994
2505,0.51589
2506,0.780854
2507,0.472526
2508,0.612122
2509,0.428846
2510,0.684837
2511,0.770445
2512,0.665433
2513,0.693943
2514,0.526974
2515,0.747656
2516,0.659221
2517,0.518119
2518,0.546699
2519,0.913717
2520,0.697132
2521,0.639567
2522,0.54467
2523,0.856655
2524,0.918954
2525,0.580402
2526,0.610271
2527,0.732921
2528,0.369015
2529,0.685439
2530,0.495466
2531,0.764006
2532,0.754913
2533,0.777351
2534,0.617925
2535,0.611275
2536,0.886188
2537,0.581806
2538,0.647364
2539,0.684241
2540,0.43687
2541,0.390922
2542,0.664455
2543,0.755038
2544,0.870585
2545,0.542814
2546,0.710311
2547,0.77436
2548,0.522904
2549,0.978078
2550,0.708785
2551,0.869452
2552,0.804605
2553,0.918014
2554,0.965599
2555,0.719345
2556,0.822853
2557,0.635455
2558,0.724468
2559,0.793983
2560,0.762911
2561,0.754539
2562,0.398618
2563,0.813673
2564,0.724608
2565,0.938726
2566,0.584096
2567,0.707376
2568,0.597085
2569,0.735428
2570,0.884356
2571,0.663019
2572,0.817928
2573,0.431288
2574,0.251582
2575,0.737988
2576,0.708997
2577,0.691747
2578,0.291671
2579,0.709528
2580,0.674666
2581,0.857379
2582,0.837008
2583,0.76529
2584,0.595201
2585,0.944877
2586,0.92871
2587,0.857974
2588,0.649608
2589,0.856098
2590,0.635187
2591,0.697868
2592,0.438786
2593,0.445954
2594,0.940254
2595,0.898541
2596,0.508144
2597,0.63738
2598,0.842274
2599,0.911941
2600,0.75205
2601,0.603625
2602,0.543215
2603,0.872485
2604,0.705338
2605,0.704868
2606,0.733336
2607,0.689016
2608,0.409696
2609,0.883853
2610,0.133138
2611,0.85591
2612,0.407461
2613,0.710164
2614,0.599804
2615,0.757205
2616,0.786835
2617,0.603143
2618,0.737304
2619,0.910122
2620,0.951064
2621,0.47814
2622,0.923044
2623,0.884839
2624,0.54836
2625,0.636556
2626,0.739804
2627,0.848084
2628,0.982768
2629,0.838981
2630,0.692246
2631,0.840269
2632,0.903511
2633,0.822445
2634,0.667167
2635,0.068619
2636,0.62229
2637,0.835334
2638,0.532804
2639,0.973184
2640,0.62272
2641,0.611998
2642,0.928373
2643,0.750325
2644,0.562118
2645,0.949426
2646,0.811169
2647,0.666219
2648,0.769582
2649,0.739184
2650,0.819625
2651,0.784847
2652,0.62441
2653,0.973873
2654,0.773076
2655,0.776502
2656,0.694425
2657,0.572662
2658,0.781402
2659,0.82117
2660,0.632931
2661,0.78702
2662,0.593918
2663,0.822254
2664,0.675856
2665,0.789574
2666,0.983734
2667,0.525369
2668,0.163938
2669,0.764206
2670,0.707314
2671,0.926237
2672,0.792632
2673,0.105274
2674,0.627253
2675,0.563807
2676,0.566387
2677,0.9228
2678,0.969652
2679,0.777608
2680,0.695432
2681,0.813504
2682,0.56896
2683,0.940225
2684,0.82348
2685,0.724736
2686,0.743646
2687,0.835356
2688,0.662026
2689,0.846599
2690,0.808773
2691,0.702948
2692,0.364856
2693,0.818679
2694,0.708785
2695,0.718974
2696,0.461549
2697,0.859971
2698,0.877782
2699,0.876231
2700,0.845694
2701,0.712608
2702,0.565365
2703,0.928452
2704,0.648099
2705,0.800267
2706,0.887857
2707,0.908984
2708,0.816145
2709,0.814608
2710,0.905006
2711,0.953461
2712,0.763657
2713,0.692964
2714,0.969632
2715,0.761262
2716,0.6028
2717,0.262086
2718,0.122328
2719,0.7507
2720,0.378675
2721,0.849844
2722,0.855267
2723,0.789865
2724,0.973564
2725,0.702114
2726,0.841163
2727,0.944745
2728,0.57696
2729,0.559612
2730,0.39262
2731,0.503048
2732,0.79193
2733,0.793156
2734,0.968786
2735,0.75541
2736,0.817032
2737,0.666592
2738,0.939999
2739,0.154125
2740,0.936214
2741,0.387361
2742,0.362527
2743,0.726682
2744,0.967713
2745,0.86976
2746,0.915857
2747,0.759676
2748,0.948983
2749,0.691305
2750,0.738845
2751,0.924797
2752,0.888842
2753,0.471141
2754,0.724992
2755,0.556078
2756,0.708179
2757,0.710585
2758,0.865424
2759,0.570858
2760,0.48683
2761,0.781799
2762,0.400848
2763,0.731384
2764,0.697931
2765,0.112805
2766,0.881043
2767,0.65282
2768,0.723841
2769,0.624987
2770,0.570008
2771,0.555003
2772,0.648948
2773,0.865513
2774,0.868978
2775,0.935191
2776,0.968676
2777,0.943807
2778,0.653887
2779,0.742456
2780,0.835936
2781,0.705859
2782,0.745844
2783,0.752374
2784,0.748615
2785,0.798863
2786,0.890833
2787,0.862141
2788,0.688206
2789,0.84284
2790,0.471393
2791,0.455994
2792,0.933407
2793,0.698604
2794,0.443987
2795,0.941299
2796,0.614044
2797,0.833484
2798,0.963064
2799,0.984832
2800,0.613594
2801,0.530512
2802,0.605157
2803,0.932314
2804,0.621646
2805,0.913419
2806,0.86101
2807,0.695026
2808,0.988708
2809,0.861682
2810,0.906757
2811,0.646111
2812,0.801925
2813,0.957716
2814,0.98102
2815,0.593168
2816,0.612393
2817,0.560104
2818,0.885423
2819,0.613924
2820,0.299039
2821,0.490292
2822,0.628926
2823,0.877854
2824,0.84465
2825,0.68592
2826,0.743877
2827,0.968299
2828,0.972713
2829,0.63594
2830,0.846672
2831,0.980774
2832,0.804573
2833,0.61435
2834,0.569855
2835,0.620531
2836,0.938403
2837,0.563348
2838,0.910424
2839,0.834387
2840,0.948159
2841,0.948421
2842,0.830948
2843,0.175918
2844,0.610792
2845,0.372205
2846,0.733992
2847,0.876601
2848,0.674393
2849,0.892552
2850,0.66762
2851,0.426022
2852,0.790227
2853,0.888596
2854,0.945291
2855,0.620816
2856,0.760101
2857,0.740477
2858,0.800363
2859,0.669122
2860,0.88055
2861,0.817876
2862,0.47846
2863,0.718099
2864,0.709919
2865,0.695955
2866,0.725837
2867,0.853773
2868,0.920124
2869,0.731508
2870,0.618964
2871,0.3947
2872,0.492762
2873,0.871453
2874,0.905689
2875,0.841881
2876,0.689624
2877,0.907135
2878,0.966817
2879,0.636011
2880,0.920866
2881,0.826572
2882,0.80756
2883,0.74908
2884,0.867796
2885,0.753819
2886,0.843091
2887,0.736876
2888,0.215412
2889,0.515768
2890,0.835871
2891,0.906284
2892,0.78829
2893,0.634914
2894,0.663147
2895,0.887851
2896,0.744377
2897,0.736401
2898,0.854385
2899,0.965572
2900,0.901891
2901,0.822292
2902,0.776623
2903,0.54096
2904,0.735089
2905,0.911092
2906,0.637766
2907,0.72713
2908,0.921616
2909,0.755781
2910,0.639231
2911,0.442582
2912,0.494964
2913,0.984323
2914,0.483994
2915,0.531131
2916,0.872156
2917,0.74384
2918,0.829125
2919,0.97748
2920,0.63253
2921,0.898306
2922,0.423443
2923,0.694361
2924,0.353789
2925,0.876522
2926,0.706066
2927,0.784359
2928,0.653479
2929,0.647174
2930,0.661422
2931,0.51226
2932,0.367961
2933,0.558184
2934,0.553752
2935,0.323888
2936,0.957697
2937,0.845339
2938,0.515382
2939,0.765092
2940,0.988283
2941,0.968957
2942,0.582489
2943,0.731684
2944,0.825889
2945,0.778077
2946,0.748068
2947,0.820213
2948,0.903528
2949,0.511538
2950,0.840806
2951,0.781201
2952,0.813499
2953,0.851255
2954,0.76683
2955,0.836099
2956,0.96407
2957,0.879375
2958,0.56761
2959,0.763376
2960,0.875667
2961,0.833757
2962,0.581502
2963,0.795565
2964,0.357754
2965,0.924805
2966,0.687291
2967,0.739309
2968,0.792155
2969,0.554885
2970,0.577159
2971,0.79213
2972,0.776445
2973,0.659389
2974,0.555848
2975,0.77985
2976,0.685775
2977,0.679679
2978,0.737781
2979,0.657713
2980,0.911807
2981,0.92174
2982,0.962633
2983,0.637473
2984,0.452343
2985,0.681043
2986,0.950944
2987,0.919445
2988,0.863929
2989,0.42204
2990,0.744689
2991,0.73034
2992,0.80599
2993,0.640253
2994,0.760745
2995,0.775973
2996,0.858076
2997,0.653257
2998,0.835811
2999,0.861532
3000,0.726485
3001,0.79094
3002,0.72419
3003,0.596418
3004,0.670689
3005,0.969402
3006,0.624655
3007,0.945114
3008,0.843045
3009,0.852876
3010,0.972935
3011,0.769139
3012,0.768087
3013,0.750661
3014,0.916131
3015,0.86989
3016,0.080129
3017,0.885179
3018,0.578437
3019,0.972808
3020,0.637712
3021,0.920631
3022,0.984939
3023,0.750339
3024,0.831983
3025,0.772066
3026,0.874238
3027,0.911015
3028,0.823586
3029,0.640476
3030,0.774046
3031,0.907225
3032,0.506288
3033,0.759338
3034,0.613833
3035,0.777462
3036,0.638403
3037,0.213705
3038,0.604037
3039,0.732736
3040,0.645312
3041,0.721363
3042,0.678231
3043,0.683352
3044,0.674793
3045,0.652673
3046,0.827794
3047,0.73237
3048,0.712179
3049,0.518339
3050,0.53846
3051,0.783872
3052,0.741936
3053,0.851198
3054,0.705582
3055,0.966246
3056,0.960323
3057,0.715833
3058,0.747804
3059,0.688744
3060,0.838674
3061,0.653026
3062,0.804542
3063,0.500573
3064,0.672375
3065,0.911383
3066,0.754842
3067,0.908134
3068,0.956761
3069,0.840575
3070,0.467191
3071,0.922059
3072,0.781339
3073,0.856335
3074,0.736367
3075,0.410809
3076,0.91157
3077,0.661461
3078,0.856359
3079,0.880057
3080,0.243641
3081,0.107428
3082,0.617111
3083,0.730751
3084,0.916399
3085,0.674955
3086,0.96137
3087,0.753769
3088,0.643879
3089,0.529256
3090,0.84167
3091,0.664682
3092,0.579785
3093,0.539018
3094,0.764161
3095,0.461525
3096,0.058481
3097,0.605846
3098,0.925569
3099,0.561459
3100,0.62887
3101,0.425601
3102,0.864823
3103,0.923391
3104,0.954267
3105,0.867499
3106,0.653673
3107,0.763175
3108,0.247082
3109,0.718866
3110,0.593875
3111,0.693895
3112,0.555756
3113,0.883997
3114,0.981031
3115,0.5729
3116,0.758099
3117,0.847379
3118,0.533521
3119,0.693462
3120,0.651676
3121,0.721064
3122,0.396843
3123,0.77774
3124,0.519065
3125,0.78564
3126,0.900709
3127,0.732189
3128,0.843669
3129,0.976709
3130,0.92615
3131,0.892102
3132,0.72868
3133,0.479856
3134,0.853954
3135,0.791275
3136,0.589788
3137,0.411543
3138,0.879771
3139,0.915995
3140,0.585189
3141,0.680099
3142,0.476913
3143,0.573016
3144,0.534303
3145,0.599942
3146,0.820114
3147,0.831369
3148,0.983989
3149,0.599478
3150,0.968367
3151,0.046572
3152,0.788313
3153,0.696668
3154,0.835574
3155,0.843233
3156,0.948454
3157,0.831347
3158,0.810066
3159,0.592237
3160,0.890153
3161,0.876595
3162,0.751068
3163,0.988029
3164,0.439366
3165,0.964226
3166,0.839208
3167,0.985133
3168,0.786875
3169,0.881087
3170,0.58134
3171,0.853846
3172,0.662731
3173,0.888419
3174,0.790716
3175,0.300698
3176,0.740209
3177,0.530078
3178,0.368396
3179,0.845342
3180,0.605879
3181,0.633256
3182,0.044371
3183,0.983714
3184,0.948283
3185,0.761473
3186,0.867635
3187,0.961352
3188,0.830535
3189,0.404266
3190,0.611042
3191,0.829661
3192,0.957527
3193,0.747744
3194,0.610197
3195,0.984953
3196,0.775479
3197,0.515389
3198,0.736408
3199,0.874239
3200,0.866633
3201,0.483781
3202,0.852535
3203,0.968862
3204,0.939059
3205,0.946667
3206,0.41636
3207,0.790569
3208,0.814763
3209,0.961071
3210,0.79901
3211,0.85149
3212,0.760458
3213,0.621491
3214,0.556544
3215,0.542556
3216,0.756999
3217,0.667847
3218,0.753409
3219,0.966839
3220,0.721147
3221,0.865476
3222,0.518006
3223,0.589813
3224,0.790429
3225,0.93559
3226,0.437591
3227,0.826256
3228,0.891335
3229,0.781301
3230,0.736809
3231,0.660111
3232,0.852212
3233,0.568898
3234,0.821559
3235,0.98114
3236,0.584625
3237,0.831425
3238,0.930403
3239,0.60658
3240,0.659762
3241,0.533541
3242,0.654443
3243,0.739491
3244,0.725638
3245,0.452108
3246,0.940489
3247,0.76821
3248,0.712539
3249,0.623576
3250,0.898077
3251,0.931974
3252,0.661897
3253,0.513308
3254,0.84447
3255,0.985049
3256,0.804879
3257,0.63368
3258,0.870951
3259,0.574134
3260,0.60211
3261,0.793529
3262,0.484844
3263,0.973665
3264,0.913874
3265,0.813106
3266,0.382745
3267,0.904554
3268,0.839703
3269,0.628614
3270,0.965339
3271,0.905217
3272,0.97774
3273,0.465208
3274,0.74257
3275,0.758601
3276,0.822213
3277,0.070013
3278,0.817373
3279,0.500085
3280,0.781783
3281,0.603706
3282,0.976126
3283,0.645104
3284,0.462421
3285,0.750669
3286,0.96435
3287,0.993289
3288,0.854266
3289,0.615074
3290,0.429686
3291,0.960846
3292,0.828248
3293,0.305411
3294,0.555702
3295,0.847566
3296,0.719572
3297,0.955203
3298,0.660302
3299,0.942649
3300,0.790742
3301,0.611096
3302,0.442655
3303,0.668248
3304,0.77738
3305,0.857306
3306,0.913501
3307,0.147787
3308,0.811889
3309,0.632709
3310,0.789882
3311,0.529056
3312,0.711878
3313,0.774553
3314,0.685014
3315,0.073151
3316,0.855393
3317,0.775432
3318,0.704186
3319,0.636565
3320,0.699343
3321,0.87531
3322,0.706731
3323,0.920665
3324,0.935183
3325,0.632416
3326,0.867314
3327,0.686158
3328,0.773112
3329,0.693601
3330,0.782241
3331,0.901145
3332,0.64931
3333,0.143276
3334,0.933567
3335,0.679228
3336,0.717803
3337,0.624179
3338,0.502962
3339,0.9261
3340,0.192364
3341,0.98091
3342,0.945399
3343,0.943984
3344,0.680226
3345,0.871596
3346,0.879116
3347,0.691828
3348,0.950109
3349,0.626894
3350,0.966406
3351,0.680942
3352,0.574763
3353,0.947208
3354,0.839648
3355,0.752744
3356,0.701782
3357,0.568217
3358,0.679359
3359,0.931405
3360,0.558064
3361,0.968933
3362,0.720352
3363,0.991884
3364,0.968797
3365,0.445943
3366,0.674193
3367,0.806438
3368,0.705654
3369,0.969863
3370,0.68561
3371,0.598275
3372,0.102328
3373,0.79457
3374,0.740024
3375,0.65708
3376,0.671567
3377,0.355699
3378,0.64022
3379,0.816134
3380,0.714582
3381,0.167222
3382,0.48849
3383,0.92766
3384,0.801277
3385,0.601449
3386,0.827541
3387,0.571492
3388,0.841545
3389,0.327871
3390,0.508056
3391,0.93998
3392,0.981245
3393,0.924577
3394,0.85957
3395,0.633695
3396,0.866504
3397,0.73511
3398,0.881758
3399,0.945669
3400,0.957206
3401,0.787585
3402,0.691005
3403,0.65885
3404,0.93856
3405,0.895348
3406,0.835291
3407,0.363768
3408,0.736842
3409,0.51316
3410,0.735492
3411,0.727758
3412,0.62191
3413,0.809677
3414,0.889318
3415,0.769536
3416,0.643244
3417,0.883203
3418,0.679602
3419,0.772855
3420,0.372296
3421,0.688457
3422,0.925687
3423,0.854031
3424,0.90899
3425,0.548428
3426,0.793012
3427,0.809211
3428,0.026987
3429,0.744613
3430,0.511998
3431,0.517236
3432,0.751526
3433,0.875257
3434,0.797652
3435,0.805175
3436,0.86621
3437,0.381718
3438,0.533851
3439,0.69904
3440,0.888081
3441,0.43218
3442,0.793987
3443,0.472937
3444,0.354494
3445,0.585025
3446,0.861224
3447,0.755491
3448,0.610587
3449,0.542182
3450,0.838819
3451,0.872225
3452,0.579897
3453,0.944187
3454,0.765729
3455,0.527538
3456,0.686211
3457,0.842096
3458,0.958466
3459,0.899435
3460,0.652371
3461,0.574773
3462,0.057878
3463,0.821959
3464,0.716306
3465,0.800062
3466,0.967236
3467,0.058956
3468,0.869723
3469,0.881628
3470,0.738236
3471,0.513241
3472,0.770445
3473,0.681843
3474,0.902254
3475,0.515249
3476,0.873712
3477,0.738171
3478,0.911713
3479,0.732938
3480,0.684912
3481,0.753736
3482,0.785286
3483,0.55676
3484,0.882475
3485,0.70358
3486,0.639026
3487,0.76075
3488,0.746371
3489,0.930585
3490,0.58243
3491,0.475512
3492,0.585424
3493,0.607851
3494,0.3829
3495,0.945154
3496,0.736144
3497,0.957729
3498,0.9369
3499,0.850749
3500,0.894382
3501,0.457259
3502,0.88986
3503,0.931072
3504,0.781739
3505,0.404197
3506,0.97661
3507,0.670569
3508,0.738902
3509,0.527182
3510,0.974143
3511,0.76925
3512,0.421019
3513,0.793351
3514,0.804641
3515,0.875624
3516,0.927273
3517,0.626618
3518,0.555931
3519,0.378724
3520,0.725532
3521,0.652299
3522,0.970717
3523,0.83041
3524,0.62178
3525,0.565394
3526,0.890444
3527,0.86768
3528,0.882995
3529,0.709812
3530,0.906401
3531,0.579955
3532,0.941538
3533,0.861107
3534,0.663695
3535,0.544588
3536,0.795514
3537,0.903891
3538,0.551873
3539,0.171754
3540,0.917967
3541,0.386376
3542,0.781319
3543,0.589027
3544,0.802622
3545,0.86511
3546,0.366824
3547,0.950951
3548,0.940277
3549,0.967273
3550,0.695553
3551,0.782794
3552,0.806507
3553,0.58517
3554,0.932336
3555,0.922781
3556,0.88664
3557,0.723571
3558,0.619572
3559,0.830781
3560,0.480483
3561,0.626707
3562,0.854175
3563,0.721596
3564,0.812424
3565,0.635833
3566,0.930425
3567,0.806519
3568,0.707804
3569,0.753682
3570,0.662034
3571,0.686728
3572,0.705264
3573,0.1686
3574,0.692623
3575,0.950082
3576,0.758725
3577,0.911247
3578,0.598887
3579,0.590829
3580,0.94329
3581,0.961885
3582,0.680238
3583,0.759903
3584,0.56239
3585,0.97961
3586,0.344378
3587,0.901323
3588,0.56591
3589,0.348425
3590,0.671527
3591,0.744695
3592,0.190002
3593,0.721522
3594,0.21136
3595,0.773237
3596,0.930358
3597,0.505474
3598,0.741344
3599,0.84938
3600,0.963846
3601,0.923164
3602,0.667054
3603,0.669362
3604,0.240508
3605,0.851768
3606,0.809062
3607,0.86092
3608,0.601746
3609,0.561219
3610,0.80068
3611,0.972075
3612,0.813516
3613,0.56906
3614,0.688054
3615,0.62818
3616,0.625471
3617,0.402431
3618,0.701446
3619,0.839523
3620,0.77705
3621,0.971988
3622,0.977326
3623,0.695463
3624,0.705626
3625,0.805409
3626,0.900112
3627,0.806446
3628,0.609935
3629,0.052239
3630,0.796328
3631,0.914754
3632,0.307809
3633,0.885013
3634,0.69547
3635,0.85127
3636,0.928159
3637,0.787425
3638,0.947381
3639,0.756387
3640,0.764118
3641,0.789638
3642,0.797734
3643,0.783076
3644,0.227647
3645,0.923729
3646,0.904002
3647,0.650757
3648,0.688453
3649,0.940208
3650,0.504157
3651,0.887067
3652,0.907435
3653,0.568869
3654,0.971197
3655,0.549538
3656,0.597518
3657,0.93976
3658,0.882542
3659,0.807502
3660,0.961196
3661,0.605469
3662,0.901014
3663,0.700718
3664,0.125276
3665,0.128809
3666,0.802419
3667,0.69915
3668,0.956935
3669,0.837926
3670,0.69527
3671,0.097239
3672,0.822603
3673,0.221693
3674,0.54494
3675,0.718822
3676,0.793208
3677,0.865205
3678,0.640459
3679,0.490373
3680,0.839636
3681,0.940808
3682,0.541909
3683,0.593518
3684,0.961275
3685,0.544915
3686,0.560112
3687,0.729358
3688,0.821668
3689,0.098558
3690,0.772507
3691,0.99109
3692,0.520188
3693,0.748516
3694,0.553701
3695,0.734188
3696,0.913652
3697,0.676237
3698,0.879225
3699,0.916603
3700,0.856998
3701,0.436186
3702,0.98078
3703,0.55443
3704,0.519614
3705,0.7119
3706,0.599277
3707,0.880033
3708,0.623832
3709,0.918331
3710,0.361249
3711,0.310744
3712,0.796157
3713,0.705097
3714,0.797573
3715,0.954299
3716,0.913144
3717,0.565764
3718,0.893938
3719,0.949105
3720,0.541198
3721,0.479023
3722,0.828885
3723,0.681076
3724,0.801344
3725,0.915779
3726,0.812835
3727,0.64811
3728,0.867241
3729,0.654396
3730,0.792671
3731,0.862096
3732,0.915923
3733,0.869198
3734,0.750475
3735,0.845284
3736,0.48918
3737,0.98127
3738,0.81936
3739,0.590732
3740,0.909618
3741,0.570349
3742,0.674551
3743,0.943581
3744,0.533132
3745,0.671234
3746,0.932632
3747,0.699817
3748,0.751065
3749,0.865077
3750,0.852557
3751,0.68922
3752,0.881244
3753,0.658159
3754,0.873817
3755,0.620172
3756,0.806273
3757,0.700181
3758,0.754154
3759,0.84865
3760,0.719725
3761,0.75962
3762,0.428665
3763,0.943352
3764,0.584601
3765,0.923074
3766,0.579406
3767,0.903936
3768,0.89986
3769,0.662672
3770,0.619568
3771,0.681748
3772,0.953404
3773,0.702974
3774,0.943065
3775,0.884642
3776,0.937893
3777,0.765045
3778,0.517462
3779,0.503142
3780,0.903924
3781,0.250216
3782,0.453698
3783,0.837379
3784,0.68832
3785,0.865577
3786,0.614772
3787,0.898964
3788,0.522891
3789,0.875137
3790,0.50318
3791,0.954854
3792,0.681804
3793,0.660706
3794,0.728641
3795,0.912912
3796,0.842958
3797,0.598316
3798,0.432818
3799,0.728937
3800,0.877101
3801,0.676645
3802,0.69478
3803,0.310806
3804,0.299716
3805,0.719364
3806,0.61942
3807,0.896517
3808,0.842056
3809,0.566271
3810,0.940897
3811,0.706107
3812,0.65941
3813,0.604687
3814,0.627956
3815,0.929532
3816,0.092583
3817,0.235596
3818,0.964419
3819,0.734395
3820,0.743455
3821,0.71978
3822,0.643868
3823,0.83922
3824,0.469158
3825,0.798522
3826,0.770722
3827,0.681599
3828,0.906477
3829,0.925963
3830,0.941892
3831,0.757685
3832,0.838804
3833,0.795107
3834,0.538748
3835,0.912894
3836,0.952686
3837,0.679236
3838,0.97944
3839,0.643182
3840,0.759356
3841,0.849631
3842,0.504105
3843,0.586606
3844,0.735067
3845,0.656519
3846,0.756219
3847,0.93258
3848,0.559612
3849,0.951451
3850,0.877593
3851,0.586474
3852,0.929461
3853,0.588688
3854,0.712535
3855,0.520678
3856,0.920343
3857,0.80499
3858,0.441904
3859,0.784017
3860,0.675736
3861,0.419439
3862,0.379771
3863,0.718594
3864,0.896424
3865,0.978118
3866,0.482347
3867,0.993873
3868,0.752918
3869,0.581676
3870,0.721619
3871,0.690358
3872,0.312092
3873,0.513194
3874,0.594762
3875,0.448812
3876,0.611771
3877,0.490965
3878,0.979687
3879,0.710921
3880,0.834751
3881,0.785766
3882,0.42342
3883,0.740908
3884,0.469867
3885,0.665695
3886,0.832089
3887,0.713756
3888,0.588432
3889,0.979679
3890,0.781466
3891,0.533984
3892,0.581687
3893,0.811139
3894,0.388473
3895,0.854583
3896,0.503388
3897,0.8976
3898,0.919226
3899,0.780983
3900,0.841527
3901,0.938284
3902,0.860182
3903,0.565789
3904,0.43761
3905,0.860906
3906,0.631143
3907,0.633595
3908,0.988311
3909,0.969749
3910,0.860997
3911,0.760811
3912,0.727282
3913,0.803558
3914,0.073914
3915,0.594745
3916,0.875492
3917,0.873887
3918,0.588105
3919,0.800067
3920,0.660298
3921,0.86435
3922,0.274991
3923,0.756369
3924,0.566972
3925,0.69367
3926,0.825669
3927,0.598702
3928,0.814623
3929,0.653127
3930,0.784756
3931,0.631797
3932,0.385476
3933,0.916133
3934,0.632064
3935,0.661046
3936,0.644736
3937,0.893556
3938,0.822178
3939,0.855838
3940,0.646036
3941,0.981274
3942,0.834723
3943,0.601136
3944,0.837515
3945,0.937496
3946,0.835202
3947,0.64692
3948,0.658407
3949,0.984337
3950,0.386486
3951,0.743081
3952,0.724452
3953,0.724587
3954,0.418727
3955,0.925423
3956,0.522047
3957,0.32086
3958,0.751998
3959,0.75471
3960,0.669893
3961,0.931643
3962,0.70895
3963,0.662522
3964,0.97249
3965,0.517115
3966,0.572202
3967,0.971435
3968,0.810731
3969,0.648776
3970,0.485305
3971,0.469827
3972,0.680531
3973,0.699484
3974,0.743842
3975,0.725304
3976,0.969487
3977,0.809008
3978,0.727839
3979,0.958551
3980,0.775289
3981,0.696157
3982,0.250166
3983,0.714404
3984,0.614085
3985,0.924179
3986,0.964019
3987,0.914125
3988,0.806471
3989,0.865669
3990,0.68126
3991,0.742369
3992,0.463056
3993,0.949014
3994,0.763253
3995,0.945085
3996,0.65671
3997,0.788825
3998,0.143446
3999,0.727673
4000,0.598867
4001,0.521259
4002,0.795634
4003,0.65373
4004,0.890346
4005,0.683123
4006,0.172018
4007,0.83767
4008,0.749481
4009,0.517644
4010,0.978312
4011,0.911019
4012,0.776294
4013,0.586104
4014,0.611099
4015,0.991045
4016,0.579505
4017,0.463879
4018,0.551849
4019,0.790492
4020,0.819573
4021,0.818419
4022,0.82696
4023,0.626115
4024,0.964576
4025,0.599509
4026,0.979376
4027,0.812409
4028,0.709908
4029,0.597844
4030,0.718546
4031,0.646414
4032,0.924256
4033,0.969071
4034,0.503111
4035,0.798865
4036,0.473447
4037,0.737406
4038,0.974965
4039,0.462085
4040,0.774925
4041,0.626396
4042,0.56599
4043,0.669146
4044,0.784057
4045,0.334652
4046,0.699647
4047,0.85988
4048,0.769253
4049,0.652902
4050,0.790365
4051,0.855715
4052,0.552472
4053,0.868285
4054,0.955308
4055,0.906116
4056,0.088737
4057,0.444629
4058,0.452769
4059,0.536295
4060,0.839988
4061,0.926836
4062,0.710084
4063,0.625097
4064,0.638634
4065,0.596919
4066,0.818225
4067,0.155171
4068,0.859072
4069,0.687498
4070,0.95368
4071,0.968606
4072,0.593218
4073,0.639167
4074,0.15356
4075,0.217762
4076,0.661782
4077,0.859719
4078,0.800989
4079,0.498034
4080,0.393563
4081,0.896126
4082,0.057763
4083,0.946016
4084,0.961859
4085,0.624206
4086,0.704031
4087,0.622113
4088,0.741523
4089,0.940227
4090,0.978893
4091,0.585608
4092,0.719862
4093,0.845959
4094,0.977724
4095,0.744536
4096,0.745965
4097,0.741794
4098,0.500325
4099,0.773193
4100,0.863718
4101,0.626988
4102,0.788943
4103,0.70219
4104,0.696623
4105,0.980456
4106,0.887704
4107,0.859089
4108,0.899479
4109,0.460927
4110,0.712272
4111,0.825298
4112,0.944266
4113,0.728954
4114,0.929546
4115,0.797951
4116,0.774702
4117,0.824407
4118,0.862348
4119,0.647448
4120,0.561697
4121,0.644787
4122,0.821794
4123,0.567812
4124,0.049013
4125,0.882018
4126,0.680801
4127,0.871765
4128,0.522945
4129,0.737645
4130,0.874345
4131,0.403133
4132,0.834997
4133,0.623447
4134,0.617481
4135,0.490581
4136,0.938257
4137,0.497392
4138,0.485526
4139,0.717448
4140,0.838466
4141,0.550796
4142,0.815834
4143,0.514283
4144,0.790354
4145,0.762751
4146,0.38792
4147,0.900933
4148,0.678164
4149,0.602251
4150,0.968009
4151,0.988947
4152,0.497676
4153,0.96247
4154,0.695225
4155,0.883541
4156,0.677247
4157,0.661703
4158,0.62515
4159,0.453765
4160,0.781429
4161,0.991916
4162,0.904417
4163,0.696312
4164,0.684482
4165,0.735788
4166,0.636369
4167,0.902344
4168,0.703333
4169,0.567868
4170,0.850437
4171,0.832702
4172,0.879752
4173,0.665313
4174,0.956098
4175,0.607592
4176,0.639219
4177,0.751309
4178,0.773873
4179,0.733055
4180,0.951181
4181,0.642471
4182,0.932239
4183,0.263007
4184,0.951629
4185,0.960836
4186,0.869656
4187,0.976902
4188,0.747301
4189,0.692975
4190,0.840774
4191,0.931381
4192,0.460699
4193,0.91306
4194,0.567971
4195,0.870878
4196,0.915343
4197,0.059539
4198,0.710702
4199,0.785012
4200,0.881018
4201,0.624306
4202,0.455016
4203,0.989839
4204,0.814776
4205,0.769769
4206,0.942515
4207,0.876245
4208,0.819484
4209,0.796483
4210,0.798462
4211,0.835672
4212,0.53494
4213,0.849096
4214,0.877292
4215,0.680236
4216,0.838943
4217,0.695942
4218,0.914145
4219,0.778543
4220,0.795987
4221,0.720532
4222,0.926721
4223,0.338819
4224,0.763746
4225,0.686732
4226,0.831544
4227,0.620468
4228,0.961541
4229,0.431308
4230,0.795892
4231,0.860875
4232,0.865042
4233,0.882982
4234,0.541935
4235,0.970371
4236,0.806059
4237,0.74204
4238,0.99258
4239,0.829049
4240,0.737631
4241,0.649378
4242,0.785395
4243,0.749627
4244,0.631204
4245,0.609394
4246,0.710508
4247,0.701646
4248,0.851772
4249,0.195537
4250,0.912342
4251,0.61151
4252,0.336041
4253,0.703677
4254,0.728551
4255,0.955061
4256,0.698976
4257,0.798783
4258,0.97823
4259,0.807351
4260,0.93272
4261,0.479172
4262,0.742808
4263,0.972136
4264,0.557431
4265,0.971235
4266,0.588679
4267,0.052921
4268,0.767276
4269,0.971679
4270,0.802047
4271,0.577743
4272,0.781017
4273,0.830513
4274,0.669184
4275,0.793487
4276,0.857552
4277,0.687739
4278,0.642518
4279,0.425976
4280,0.823481
4281,0.780947
4282,0.923831
4283,0.926146
4284,0.893941
4285,0.38998
4286,0.659403
4287,0.769279
4288,0.735739
4289,0.984786
4290,0.859265
4291,0.761041
4292,0.669248
4293,0.472762
4294,0.822987
4295,0.924495
4296,0.654911
4297,0.977108
4298,0.680551
4299,0.921387
4300,0.669006
4301,0.936969
4302,0.23864
4303,0.68921
4304,0.833387
4305,0.803867
4306,0.795426
4307,0.647539
4308,0.660924
4309,0.932351
4310,0.865007
4311,0.901102
4312,0.800583
4313,0.762659
4314,0.886142
4315,0.719348
4316,0.903491
4317,0.713898
4318,0.804551
4319,0.816336
4320,0.623274
4321,0.846554
4322,0.902831
4323,0.774568
4324,0.898557
4325,0.954161
4326,0.950652
4327,0.175349
4328,0.787177
4329,0.776859
4330,0.841381
4331,0.726454
4332,0.962315
4333,0.557584
4334,0.8362
4335,0.691001
4336,0.794764
4337,0.048762
4338,0.964938
4339,0.971536
4340,0.630931
4341,0.772864
4342,0.863737
4343,0.934247
4344,0.826442
4345,0.630311
4346,0.647387
4347,0.649627
4348,0.824549
4349,0.745194
4350,0.850255
4351,0.668177
4352,0.874844
4353,0.13587
4354,0.70716
4355,0.446178
4356,0.421199
4357,0.706147
4358,0.857068
4359,0.917053
4360,0.705755
4361,0.760554
4362,0.140464
4363,0.575864
4364,0.836657
4365,0.706554
4366,0.448173
4367,0.977238
4368,0.684664
4369,0.755657
4370,0.444596
4371,0.842434
4372,0.661168
4373,0.981249
4374,0.7808
4375,0.973574
4376,0.699056
4377,0.295027
4378,0.675316
4379,0.87205
4380,0.86847
4381,0.560763
4382,0.3213
4383,0.884682
4384,0.620151
4385,0.718912
4386,0.624865
4387,0.95379
4388,0.704448
4389,0.906395
4390,0.963527
4391,0.871057
4392,0.72201
4393,0.51112
4394,0.848507
4395,0.743753
4396,0.691354
4397,0.668481
4398,0.731801
4399,0.700296
4400,0.649839
4401,0.773013
4402,0.568841
4403,0.856992
4404,0.969944
4405,0.419492
4406,0.902066
4407,0.929847
4408,0.569507
4409,0.64546
4410,0.694276
4411,0.956797
4412,0.762203
4413,0.668119
4414,0.937493
4415,0.640677
4416,0.918124
4417,0.696315
4418,0.922251
4419,0.711512
4420,0.146654
4421,0.465799
4422,0.81209
4423,0.899923
4424,0.893623
4425,0.63825
4426,0.979297
4427,0.933746
4428,0.467239
4429,0.742318
4430,0.735991
4431,0.634859
4432,0.118533
4433,0.83668
4434,0.713983
4435,0.808988
4436,0.913149
4437,0.622989
4438,0.449274
4439,0.645163
4440,0.904978
4441,0.587765
4442,0.690435
4443,0.962208
4444,0.89378
4445,0.747516
4446,0.728277
4447,0.881726
4448,0.966412
4449,0.72706
4450,0.785959
4451,0.676124
4452,0.913693
4453,0.556357
4454,0.67256
4455,0.797779
4456,0.725731
4457,0.918615
4458,0.471583
4459,0.961309
4460,0.820524
4461,0.675967
4462,0.834328
4463,0.768284
4464,0.761333
4465,0.811529
4466,0.846449
4467,0.830701
4468,0.858031
4469,0.236645
4470,0.701773
4471,0.957952
4472,0.716199
4473,0.815399
4474,0.538445
4475,0.936146
4476,0.873898
4477,0.626075
4478,0.695741
4479,0.78066
4480,0.083311
4481,0.531707
4482,0.413696
4483,0.64777
4484,0.60438
4485,0.910185
4486,0.750687
4487,0.716686
4488,0.669285
4489,0.708022
4490,0.808456
4491,0.934292
4492,0.592058
4493,0.635437
4494,0.884779
4495,0.726608
4496,0.791826
4497,0.962453
4498,0.684141
4499,0.676983
4500,0.971159
4501,0.484809
4502,0.838068
4503,0.898711
4504,0.685105
4505,0.497041
4506,0.468576
4507,0.86855
4508,0.830551
4509,0.94712
4510,0.826542
4511,0.651488
4512,0.71397
4513,0.673217
4514,0.657468
4515,0.516568
4516,0.792153
4517,0.679311
4518,0.748393
4519,0.759489
4520,0.684142
4521,0.914149
4522,0.738032
4523,0.70252
4524,0.701167
4525,0.822059
4526,0.958253
4527,0.978198
4528,0.85008
4529,0.592011
4530,0.621566
4531,0.714814
4532,0.948825
4533,0.957121
4534,0.535515
4535,0.736567
4536,0.73243
4537,0.979189
4538,0.453046
4539,0.86092
4540,0.785484
4541,0.706608
4542,0.57671
4543,0.918429
4544,0.730775
4545,0.773992
4546,0.956685
4547,0.837856
4548,0.750394
4549,0.86398
4550,0.916402
4551,0.584765
4552,0.501688
4553,0.930278
4554,0.670394
4555,0.985182
4556,0.716095
4557,0.583689
4558,0.534478
4559,0.982087
4560,0.945378
4561,0.74149
4562,0.838736
4563,0.879689
4564,0.748492
4565,0.780238
4566,0.676315
4567,0.695607
4568,0.777527
4569,0.904045
4570,0.970819
4571,0.07093
4572,0.655695
4573,0.904535
4574,0.985433
4575,0.677374
4576,0.694436
4577,0.808927
4578,0.987539
4579,0.797099
4580,0.643199
4581,0.635698
4582,0.832411
4583,0.692871
4584,0.725849
4585,0.608904
4586,0.892289
4587,0.896857
4588,0.870747
4589,0.739287
4590,0.672371
4591,0.987046
4592,0.582816
4593,0.935613
4594,0.677928
4595,0.639199
4596,0.791606
4597,0.821181
4598,0.471099
4599,0.991747
4600,0.638406
4601,0.52545
4602,0.074908
4603,0.829398
4604,0.923673
4605,0.562935
4606,0.898632
4607,0.578129
4608,0.698397
4609,0.931617
4610,0.947809
4611,0.562611
4612,0.894939
4613,0.844593
4614,0.749007
4615,0.857186
4616,0.783552
4617,0.984825
4618,0.639697
4619,0.900778
4620,0.906307
4621,0.561369
4622,0.379777
4623,0.64131
4624,0.936744
4625,0.87892
4626,0.793209
4627,0.86854
4628,0.682035
4629,0.987811
4630,0.826545
4631,0.733833
4632,0.479171
4633,0.776659
4634,0.979345
4635,0.523334
4636,0.923345
4637,0.130333
4638,0.644801
4639,0.969893
4640,0.300814
4641,0.977558
4642,0.724119
4643,0.489988
4644,0.278309
4645,0.648061
4646,0.708846
4647,0.541294
4648,0.748781
4649,0.866237
4650,0.572271
4651,0.902377
4652,0.950582
4653,0.169722
4654,0.501701
4655,0.582252
4656,0.62065
4657,0.673953
4658,0.710835
4659,0.946768
4660,0.60958
4661,0.679963
4662,0.591903
4663,0.559981
4664,0.806971
4665,0.825087
4666,0.889977
4667,0.82331
4668,0.65213
4669,0.749453
4670,0.648464
4671,0.08868
4672,0.484509
4673,0.725711
4674,0.674594
4675,0.75602
4676,0.969487
4677,0.647932
4678,0.871207
4679,0.941164
4680,0.873122
4681,0.85816
4682,0.677028
4683,0.849995
4684,0.982896
4685,0.95761
4686,0.922144
4687,0.610483
4688,0.643009
4689,0.648563
4690,0.756806
4691,0.489552
4692,0.938732
4693,0.770684
4694,0.836255
4695,0.807342
4696,0.892073
4697,0.19265
4698,0.834777
4699,0.95691
4700,0.561298
4701,0.670182
4702,0.957687
4703,0.522829
4704,0.816123
4705,0.810176
4706,0.975627
4707,0.79879
4708,0.795542
4709,0.760546
4710,0.963341
4711,0.622701
4712,0.93411
4713,0.855588
4714,0.718024
4715,0.252056
4716,0.728134
4717,0.385825
4718,0.732533
4719,0.493648
4720,0.48292
4721,0.285709
4722,0.86887
4723,0.812679
4724,0.498681
4725,0.050643
4726,0.884818
4727,0.892673
4728,0.643448
4729,0.912374
4730,0.451138
4731,0.710584
4732,0.931374
4733,0.956585
4734,0.89282
4735,0.664448
4736,0.580673
4737,0.704475
4738,0.761256
4739,0.567228
4740,0.463898
4741,0.824712
4742,0.927415
4743,0.715341
4744,0.960856
4745,0.638852
4746,0.980122
4747,0.905395
4748,0.83561
4749,0.925816
4750,0.727478
4751,0.966648
4752,0.663036
4753,0.624285
4754,0.987128
4755,0.423692
4756,0.84094
4757,0.923952
4758,0.992787
4759,0.07129
4760,0.57592
4761,0.855624
4762,0.93891
4763,0.754622
4764,0.811401
4765,0.581902
4766,0.966542
4767,0.108364
4768,0.777861
4769,0.797239
4770,0.865762
4771,0.768035
4772,0.988107
4773,0.887607
4774,0.6302
4775,0.480319
4776,0.893118
4777,0.750051
4778,0.854185
4779,0.793593
4780,0.873589
4781,0.734053
4782,0.614277
4783,0.350253
4784,0.24268
4785,0.834975
4786,0.684815
4787,0.930658
4788,0.930646
4789,0.802501
4790,0.978512
4791,0.913054
4792,0.492566
4793,0.652551
4794,0.427161
4795,0.857804
4796,0.813054
4797,0.971054
4798,0.772464
4799,0.737913
4800,0.933755
4801,0.543901
4802,0.911873
4803,0.647088
4804,0.969486
4805,0.872624
4806,0.817473
4807,0.533895
4808,0.776581
4809,0.869775
4810,0.957896
4811,0.661003
4812,0.768945
4813,0.379785
4814,0.678801
4815,0.909579
4816,0.6263
4817,0.883733
4818,0.837208
4819,0.649003
4820,0.669616
4821,0.696729
4822,0.557067
4823,0.515029
4824,0.959246
4825,0.756071
4826,0.926434
4827,0.44588
4828,0.898367
4829,0.498041
4830,0.877631
4831,0.859252
4832,0.950908
4833,0.849115
4834,0.512049
4835,0.906146
4836,0.858119
4837,0.947598
4838,0.512403
4839,0.808987
4840,0.92521
4841,0.574742
4842,0.72782
4843,0.940445
4844,0.769311
4845,0.773752
4846,0.883684
4847,0.544884
4848,0.5325
4849,0.783302
4850,0.475717
4851,0.625823
4852,0.812748
4853,0.81068
4854,0.085569
4855,0.888453
4856,0.481349
4857,0.070547
4858,0.533443
4859,0.980323
4860,0.314543
4861,0.953259
4862,0.870807
4863,0.912304
4864,0.806494
4865,0.708578
4866,0.769301
4867,0.585144
4868,0.706381
4869,0.852219
4870,0.560763
4871,0.974517
4872,0.838289
4873,0.616496
4874,0.83983
4875,0.919882
4876,0.611859
4877,0.622682
4878,0.759809
4879,0.69934
4880,0.769986
4881,0.803649
4882,0.821992
4883,0.667844
4884,0.074989
4885,0.941393
4886,0.869447
4887,0.879034
4888,0.949147
4889,0.581134
4890,0.656988
4891,0.586586
4892,0.68329
4893,0.844069
4894,0.65221
4895,0.645504
4896,0.732657
4897,0.932045
4898,0.616707
4899,0.322298
4900,0.580395
4901,0.874039
4902,0.774758
4903,0.671512
4904,0.76588
4905,0.724151
4906,0.628289
4907,0.828713
4908,0.73554
4909,0.751261
4910,0.93787
4911,0.991104
4912,0.886621
4913,0.484452
4914,0.571939
4915,0.862379
4916,0.869779
4917,0.517554
4918,0.848674
4919,0.956987
4920,0.677771
4921,0.847534
4922,0.8842
4923,0.736317
4924,0.895065
4925,0.877054
4926,0.750531
4927,0.614136
4928,0.76391
4929,0.807171
4930,0.652672
4931,0.671405
4932,0.791867
4933,0.675438
4934,0.078546
4935,0.577337
4936,0.706562
4937,0.653152
4938,0.949519
4939,0.858521
4940,0.970732
4941,0.53121
4942,0.468265
4943,0.50434
4944,0.504412
4945,0.612511
4946,0.278613
4947,0.646425
4948,0.941339
4949,0.651468
4950,0.865319
4951,0.715656
4952,0.797771
4953,0.533158
4954,0.911525
4955,0.768229
4956,0.86689
4957,0.582333
4958,0.951924
4959,0.931765
4960,0.742916
4961,0.899395
4962,0.795475
4963,0.825177
4964,0.491617
4965,0.440221
4966,0.984738
4967,0.912636
4968,0.886899
4969,0.809142
4970,0.97485
4971,0.970743
4972,0.718437
4973,0.620693
4974,0.767003
4975,0.918872
4976,0.547333
4977,0.883551
4978,0.52344
4979,0.90947
4980,0.637869
4981,0.853569
4982,0.545907
4983,0.936027
4984,0.844393
4985,0.987948
4986,0.657371
4987,0.490443
4988,0.665574
4989,0.966397
4990,0.975969
4991,0.705232
4992,0.816034
4993,0.784255
4994,0.755739
4995,0.915306
4996,0.531643
4997,0.744012
4998,0.871854
4999,0.830136
5000,0.526824
5001,0.609451
5002,0.573695
5003,0.47746
5004,0.313641
5005,0.957031
5006,0.628483
5007,0.592902
5008,0.757045
5009,0.649342
5010,0.883569
5011,0.585441
5012,0.825877
5013,0.788198
5014,0.712517
5015,0.68514
5016,0.871493
5017,0.704031
5018,0.774584
5019,0.973677
5020,0.890382
5021,0.925647
5022,0.683394
5023,0.451524
5024,0.89784
5025,0.668162
5026,0.921756
5027,0.972712
5028,0.042802
5029,0.477582
5030,0.730727
5031,0.783222
5032,0.228801
5033,0.671722
5034,0.745131
5035,0.29831
5036,0.923917
5037,0.545069
5038,0.938486
5039,0.80348
5040,0.885433
5041,0.665543
5042,0.896999
5043,0.803743
5044,0.889239
5045,0.729133
5046,0.504398
5047,0.733149
5048,0.931528
5049,0.352524
5050,0.748658
5051,0.798749
5052,0.460378
5053,0.516297
5054,0.884053
5055,0.786959
5056,0.704401
5057,0.962535
5058,0.689511
5059,0.8592
5060,0.784418
5061,0.831324
5062,0.661894
5063,0.55531
5064,0.971333
5065,0.951511
5066,0.871508
5067,0.892577
5068,0.808294
5069,0.473175
5070,0.710684
5071,0.645839
5072,0.923126
5073,0.469745
5074,0.610554
5075,0.83921
5076,0.934183
5077,0.783474
5078,0.430374
5079,0.954565
5080,0.642446
5081,0.936596
5082,0.797285
5083,0.646
5084,0.64592
5085,0.973359
5086,0.856013
5087,0.836986
5088,0.585226
5089,0.752046
5090,0.970667
5091,0.702657
5092,0.819209
5093,0.971194
5094,0.789603
5095,0.670372
5096,0.943481
5097,0.856676
5098,0.897979
5099,0.935429
5100,0.883832
5101,0.646731
5102,0.762398
5103,0.83385
5104,0.794002
5105,0.592446
5106,0.911332
5107,0.80871
5108,0.613628
5109,0.601029
5110,0.798153
5111,0.861581
5112,0.761959
5113,0.650127
5114,0.862459
5115,0.923006
5116,0.730328
5117,0.475076
5118,0.496152
5119,0.971152
5120,0.621811
5121,0.658435
5122,0.976827
5123,0.988094
5124,0.951406
5125,0.8713
5126,0.457004
5127,0.757891
5128,0.882886
5129,0.843101
5130,0.729627
5131,0.793852
5132,0.464407
5133,0.605771
5134,0.619096
5135,0.833692
5136,0.807034
5137,0.899821
5138,0.790853
5139,0.933732
5140,0.861786
5141,0.832786
5142,0.689695
5143,0.639461
5144,0.764039
5145,0.674204
5146,0.964356
5147,0.641851
5148,0.853628
5149,0.438277
5150,0.991789
5151,0.854712
5152,0.975898
5153,0.78093
5154,0.763788
5155,0.806861
5156,0.466323
5157,0.742303
5158,0.947279
5159,0.884162
5160,0.690534
5161,0.414146
5162,0.662518
5163,0.736464
5164,0.053682
5165,0.630946
5166,0.590148
5167,0.655902
5168,0.62222
5169,0.520959
5170,0.602709
5171,0.678383
5172,0.71693
5173,0.775199
5174,0.783072
5175,0.590178
5176,0.685091
5177,0.937596
5178,0.89303
5179,0.744152
5180,0.630514
5181,0.802535
5182,0.636525
5183,0.987543
5184,0.122116
5185,0.600567
5186,0.968824
5187,0.766226
5188,0.908299
5189,0.875789
5190,0.919721
5191,0.698293
5192,0.418136
5193,0.908547
5194,0.671526
5195,0.739063
5196,0.574272
5197,0.850006
5198,0.090795
5199,0.849219
5200,0.800088
5201,0.613225
5202,0.981048
5203,0.913372
5204,0.943209
5205,0.760424
5206,0.396235
5207,0.753111
5208,0.492144
5209,0.23064
5210,0.596804
5211,0.968718
5212,0.955648
5213,0.547642
5214,0.640151
5215,0.785936
5216,0.340501
5217,0.756969
5218,0.867343
5219,0.459808
5220,0.563772
5221,0.833457
5222,0.72704
5223,0.47366
5224,0.397132
5225,0.805635
5226,0.455473
5227,0.094133
5228,0.588212
5229,0.712793
5230,0.708656
5231,0.699734
5232,0.582064
5233,0.964237
5234,0.878753
5235,0.944303
5236,0.801765
5237,0.752369
5238,0.949862
5239,0.635235
5240,0.875586
5241,0.913326
5242,0.9786
5243,0.905899
5244,0.755278
5245,0.658345
5246,0.539336
5247,0.835028
5248,0.924081
5249,0.66438
5250,0.836937
5251,0.554299
5252,0.726592
5253,0.624218
5254,0.518271
5255,0.620331
5256,0.922624
5257,0.870025
5258,0.91939
5259,0.925321
5260,0.921088
5261,0.747576
5262,0.805702
5263,0.851383
5264,0.516432
5265,0.633454
5266,0.878195
5267,0.646975
5268,0.672663
5269,0.703307
5270,0.989681
5271,0.932544
5272,0.926347
5273,0.712904
5274,0.738658
5275,0.744547
5276,0.875262
5277,0.467334
5278,0.138316
5279,0.679753
5280,0.872433
5281,0.74575
5282,0.782398
5283,0.623914
5284,0.82052
5285,0.799453
5286,0.841685
5287,0.878527
5288,0.922971
5289,0.909697
5290,0.753874
5291,0.079895
5292,0.822268
5293,0.720578
5294,0.949161
5295,0.79466
5296,0.631349
5297,0.37103
5298,0.798847
5299,0.952319
5300,0.889907
5301,0.710481
5302,0.890108
5303,0.220941
5304,0.634557
5305,0.832578
5306,0.479749
5307,0.934941
5308,0.663642
5309,0.868808
5310,0.545639
5311,0.553225
5312,0.375153
5313,0.404847
5314,0.7889
5315,0.601323
5316,0.861141
5317,0.919211
5318,0.347638
5319,0.872495
5320,0.864651
5321,0.423646
5322,0.811053
5323,0.662853
5324,0.570575
5325,0.54675
5326,0.956386
5327,0.962598
5328,0.834192
5329,0.95606
5330,0.236753
5331,0.692642
5332,0.075649
5333,0.544984
5334,0.556797
5335,0.824095
5336,0.614371
5337,0.839056
5338,0.674855
5339,0.895312
5340,0.51298
5341,0.703438
5342,0.864084
5343,0.708858
5344,0.658509
5345,0.37941
5346,0.764545
5347,0.486363
5348,0.961942
5349,0.364257
5350,0.80124
5351,0.831134
5352,0.799056
5353,0.923922
5354,0.776175
5355,0.953617
5356,0.868928
5357,0.564298
5358,0.967886
5359,0.781217
5360,0.694873
5361,0.667828
5362,0.68679
5363,0.439297
5364,0.682641
5365,0.870435
5366,0.923833
5367,0.864424
5368,0.776697
5369,0.859187
5370,0.685399
5371,0.750499
5372,0.546884
5373,0.845457
5374,0.851092
5375,0.66301
5376,0.272452
5377,0.743832
5378,0.719756
5379,0.534205
5380,0.730813
5381,0.667901
5382,0.635529
5383,0.655409
5384,0.530957
5385,0.62557
5386,0.798181
5387,0.684583
5388,0.625097
5389,0.125302
5390,0.594847
5391,0.714634
5392,0.870001
5393,0.819933
5394,0.282651
5395,0.879175
5396,0.480935
5397,0.787477
5398,0.56483
5399,0.829515
5400,0.601626
5401,0.932024
5402,0.791371
5403,0.934222
5404,0.419296
5405,0.597839
5406,0.656306
5407,0.496556
5408,0.34596
5409,0.964928
5410,0.958893
5411,0.822774
5412,0.855434
5413,0.860828
5414,0.725304
5415,0.874419
5416,0.647138
5417,0.713493
5418,0.81834
5419,0.749601
5420,0.913541
5421,0.667889
5422,0.678614
5423,0.099059
5424,0.842942
5425,0.889513
5426,0.924405
5427,0.918576
5428,0.835406
5429,0.838257
5430,0.543139
5431,0.5855
5432,0.618665
5433,0.867039
5434,0.611255
5435,0.746806
5436,0.925704
5437,0.85278
5438,0.884232
5439,0.246946
5440,0.69715
5441,0.828387
5442,0.350615
5443,0.495357
5444,0.876262
5445,0.83674
5446,0.689432
5447,0.556554
5448,0.853359
5449,0.950956
5450,0.795776
5451,0.885044
5452,0.633475
5453,0.8784
5454,0.763452
5455,0.939946
5456,0.671101
5457,0.638444
5458,0.645177
5459,0.685656
5460,0.88122
5461,0.815269
5462,0.826664
5463,0.916469
5464,0.265646
5465,0.686061
5466,0.88759
5467,0.770693
5468,0.587785
5469,0.931996
5470,0.539137
5471,0.820678
5472,0.073887
5473,0.592333
5474,0.665914
5475,0.54689
5476,0.429445
5477,0.91498
5478,0.617564
5479,0.747462
5480,0.78525
5481,0.849562
5482,0.786601
5483,0.823419
5484,0.745767
5485,0.725626
5486,0.602956
5487,0.062537
5488,0.64065
5489,0.526571
5490,0.611078
5491,0.916706
5492,0.783081
5493,0.374465
5494,0.462316
5495,0.842015
5496,0.517647
5497,0.855471
5498,0.899198
5499,0.689755
5500,0.961967
5501,0.893215
5502,0.499993
5503,0.8135
5504,0.566966
5505,0.694761
5506,0.774173
5507,0.958933
5508,0.819578
5509,0.911865
5510,0.769538
5511,0.700841
5512,0.863213
5513,0.508643
5514,0.740269
5515,0.206237
5516,0.654337
5517,0.450613
5518,0.426392
5519,0.642434
5520,0.923458
5521,0.796092
5522,0.90412
5523,0.091097
5524,0.535678
5525,0.677293
5526,0.451073
5527,0.920994
5528,0.723522
5529,0.771272
5530,0.952455
5531,0.880834
5532,0.690785
5533,0.747096
5534,0.742651
5535,0.569276
5536,0.708585
5537,0.515289
5538,0.800821
5539,0.715327
5540,0.633845
5541,0.650802
5542,0.728526
5543,0.912418
5544,0.497847
5545,0.509034
5546,0.871752
5547,0.964705
5548,0.169552
5549,0.8458
5550,0.687409
5551,0.8095
5552,0.680995
5553,0.562817
5554,0.725699
5555,0.774669
5556,0.61589
5557,0.667404
5558,0.979006
5559,0.729538
5560,0.71505
5561,0.647434
5562,0.406669
5563,0.645782
5564,0.530888
5565,0.828325
5566,0.860073
5567,0.726809
5568,0.969187
5569,0.641034
5570,0.819144
5571,0.879175
5572,0.533357
5573,0.346023
5574,0.981384
5575,0.577459
5576,0.837152
5577,0.968369
5578,0.55157
5579,0.847927
5580,0.898223
5581,0.929002
5582,0.745608
5583,0.820325
5584,0.574346
5585,0.380769
5586,0.84207
5587,0.853178
5588,0.819028
5589,0.065097
5590,0.376402
5591,0.942876
5592,0.737428
5593,0.621581
5594,0.597526
5595,0.66495
5596,0.935453
5597,0.76473
5598,0.071226
5599,0.611003
5600,0.730209
5601,0.825512
5602,0.743693
5603,0.685284
5604,0.821134
5605,0.761872
5606,0.835136
5607,0.954704
5608,0.616512
5609,0.466241
5610,0.847452
5611,0.446724
5612,0.797356
5613,0.897881
5614,0.956979
5615,0.647368
5616,0.692406
5617,0.878454
5618,0.798625
5619,0.668829
5620,0.72299
5621,0.868046
5622,0.891847
5623,0.690262
5624,0.23071
5625,0.218394
5626,0.717924
5627,0.74764
5628,0.767453
5629,0.655836
5630,0.925594
5631,0.847899
5632,0.872396
5633,0.525455
5634,0.676104
5635,0.961078
5636,0.835031
5637,0.576214
5638,0.978789
5639,0.813748
5640,0.657464
5641,0.331585
5642,0.722669
5643,0.802716
5644,0.938362
5645,0.989573
5646,0.843137
5647,0.726406
5648,0.728867
5649,0.693232
5650,0.581443
5651,0.500295
5652,0.820628
5653,0.982164
5654,0.617781
5655,0.719375
5656,0.705458
5657,0.961153
5658,0.680975
5659,0.882177
5660,0.850749
5661,0.51098
5662,0.556994
5663,0.839527
5664,0.812813
5665,0.894411
5666,0.576445
5667,0.874888
5668,0.92251
5669,0.691094
5670,0.461738
5671,0.968768
5672,0.734006
5673,0.651119
5674,0.808115
5675,0.832498
5676,0.783382
5677,0.80735
5678,0.89026
5679,0.791679
5680,0.929504
5681,0.944148
5682,0.798144
5683,0.943634
5684,0.89896
5685,0.477127
5686,0.92063
5687,0.574978
5688,0.908102
5689,0.980609
5690,0.868509
5691,0.813352
5692,0.900224
5693,0.549361
5694,0.57118
5695,0.977168
5696,0.291569
5697,0.736163
5698,0.609629
5699,0.932306
5700,0.872456
5701,0.862961
5702,0.575582
5703,0.852706
5704,0.763951
5705,0.801327
5706,0.657235
5707,0.798778
5708,0.654711
5709,0.744325
5710,0.874198
5711,0.176642
5712,0.538515
5713,0.334363
5714,0.475304
5715,0.449313
5716,0.682878
5717,0.736451
5718,0.984622
5719,0.770683
5720,0.753936
5721,0.744889
5722,0.823648
5723,0.799257
5724,0.495244
5725,0.799214
5726,0.802923
5727,0.921157
5728,0.616235
5729,0.898475
5730,0.854155
5731,0.780023
5732,0.930252
5733,0.500009
5734,0.941018
5735,0.634477
5736,0.683559
5737,0.817761
5738,0.273826
5739,0.874143
5740,0.720896
5741,0.508099
5742,0.990557
5743,0.760129
5744,0.685684
5745,0.866701
5746,0.974714
5747,0.263979
5748,0.769881
5749,0.931332
5750,0.774028
5751,0.819231
5752,0.964715
5753,0.933174
5754,0.806114
5755,0.932183
5756,0.690327
5757,0.595805
5758,0.438088
5759,0.764472
5760,0.45525
5761,0.798867
5762,0.66271
5763,0.982463
5764,0.552206
5765,0.783888
5766,0.560212
5767,0.282207
5768,0.908752
5769,0.606218
5770,0.925921
5771,0.649281
5772,0.523283
5773,0.657118
5774,0.779265
5775,0.180149
5776,0.82778
5777,0.916263
5778,0.812573
5779,0.652711
5780,0.639555
5781,0.782854
5782,0.556202
5783,0.814325
5784,0.705165
5785,0.661166
5786,0.925358
5787,0.387243
5788,0.970485
5789,0.765633
5790,0.892544
5791,0.778439
5792,0.871894
5793,0.097074
5794,0.526614
5795,0.789029
5796,0.713428
5797,0.484828
5798,0.71471
5799,0.429999
5800,0.943899
5801,0.728927
5802,0.841155
5803,0.828799
5804,0.452842
5805,0.460584
5806,0.539396
5807,0.847355
5808,0.668552
5809,0.763177
5810,0.742565
5811,0.908013
5812,0.38315
5813,0.960869
5814,0.575276
5815,0.71696
5816,0.593674
5817,0.560986
5818,0.663853
5819,0.557127
5820,0.263339
5821,0.692761
5822,0.485428
5823,0.616222
5824,0.770562
5825,0.668176
5826,0.417645
5827,0.568458
5828,0.744303
5829,0.866358
5830,0.631825
5831,0.813096
5832,0.976086
5833,0.722244
5834,0.977772
5835,0.796214
5836,0.797874
5837,0.928795
5838,0.834529
5839,0.687817
5840,0.752234
5841,0.46606
5842,0.732233
5843,0.223448
5844,0.496649
5845,0.431442
5846,0.724518
5847,0.866548
5848,0.977086
5849,0.740065
5850,0.635005
5851,0.719781
5852,0.842311
5853,0.837153
5854,0.777769
5855,0.769776
5856,0.816619
5857,0.639623
5858,0.602746
5859,0.655981
5860,0.848139
5861,0.217445
5862,0.864844
5863,0.959286
5864,0.982104
5865,0.692367
5866,0.98214
5867,0.647718
5868,0.717929
5869,0.811692
5870,0.732559
5871,0.674684
5872,0.651366
5873,0.994775
5874,0.763623
5875,0.821846
5876,0.669992
5877,0.700037
5878,0.565802
5879,0.255446
5880,0.626334
5881,0.662616
5882,0.347889
5883,0.763422
5884,0.675267
5885,0.853722
5886,0.868145
5887,0.062255
5888,0.68715
5889,0.606099
5890,0.517319
5891,0.770579
5892,0.548034
5893,0.500743
5894,0.863675
5895,0.765862
5896,0.965797
5897,0.897189
5898,0.707033
5899,0.495165
5900,0.699913
5901,0.842115
5902,0.43308
5903,0.95225
5904,0.466063
5905,0.797078
5906,0.893373
5907,0.915477
5908,0.905164
5909,0.69483
5910,0.598186
5911,0.703347
5912,0.571566
5913,0.966936
5914,0.482233
5915,0.88998
5916,0.831946
5917,0.39107
5918,0.845714
5919,0.877022
5920,0.921024
5921,0.872026
5922,0.920647
5923,0.783811
5924,0.634981
5925,0.760768
5926,0.783585
5927,0.910233
5928,0.676883
5929,0.806665
5930,0.709099
5931,0.930735
5932,0.951689
5933,0.708521
5934,0.674791
5935,0.831977
5936,0.951764
5937,0.817868
5938,0.671586
5939,0.987973
5940,0.400966
5941,0.737568
5942,0.857393
5943,0.501655
5944,0.791735
5945,0.835472
5946,0.640955
5947,0.88997
5948,0.608367
5949,0.900641
5950,0.59995
5951,0.927912
5952,0.517357
5953,0.649024
5954,0.964811
5955,0.894011
5956,0.585731
5957,0.656105
5958,0.787402
5959,0.845264
5960,0.605652
5961,0.857493
5962,0.846685
5963,0.939698
5964,0.959731
5965,0.850754
5966,0.96355
5967,0.680455
5968,0.95565
5969,0.616235
5970,0.598815
5971,0.763012
5972,0.527622
5973,0.53748
5974,0.938563
5975,0.927078
5976,0.615502
5977,0.703219
5978,0.938251
5979,0.898709
5980,0.877645
5981,0.836359
5982,0.410475
5983,0.608479
5984,0.697415
5985,0.32158
5986,0.825483
5987,0.876168
5988,0.671606
5989,0.586889
5990,0.824411
5991,0.736504
5992,0.733769
5993,0.479747
5994,0.712305
5995,0.581777
5996,0.941235
5997,0.862458
5998,0.741962
5999,0.685326
6000,0.881442
6001,0.456546
6002,0.949579
6003,0.702783
6004,0.720205
6005,0.747946
6006,0.814865
6007,0.784826
6008,0.883914
6009,0.817103
6010,0.828211
6011,0.819378
6012,0.773409
6013,0.828331
6014,0.569374
6015,0.627159
6016,0.90239
6017,0.977041
6018,0.958765
6019,0.74061
6020,0.662542
6021,0.661731
6022,0.908741
6023,0.768532
6024,0.759814
6025,0.886854
6026,0.740143
6027,0.597185
6028,0.343007
6029,0.803215
6030,0.818251
6031,0.829071
6032,0.727186
6033,0.64394
6034,0.927057
6035,0.716552
6036,0.944052
6037,0.34074
6038,0.640142
6039,0.387546
6040,0.643649
6041,0.833056
6042,0.892409
6043,0.927217
6044,0.776195
6045,0.722468
6046,0.907653
6047,0.666772
6048,0.82753
6049,0.814615
6050,0.924437
6051,0.451904
6052,0.53298
6053,0.674886
6054,0.523741
6055,0.499865
6056,0.563632
6057,0.723264
6058,0.654585
6059,0.815295
6060,0.561316
6061,0.930806
6062,0.106119
6063,0.750256
6064,0.805496
6065,0.798373
6066,0.093119
6067,0.194153
6068,0.558018
6069,0.660202
6070,0.977081
6071,0.549199
6072,0.15897
6073,0.616459
6074,0.778852
6075,0.795882
6076,0.811541
6077,0.149075
6078,0.814554
6079,0.922596
6080,0.801793
6081,0.7455
6082,0.639937
6083,0.757506
6084,0.40721
6085,0.798903
6086,0.602494
6087,0.967736
6088,0.9087
6089,0.837817
6090,0.715782
6091,0.709622
6092,0.637676
6093,0.812908
6094,0.111098
6095,0.604416
6096,0.842138
6097,0.457672
6098,0.974264
6099,0.895313
6100,0.724016
6101,0.580103
6102,0.557308
6103,0.708676
6104,0.968589
6105,0.8392
6106,0.831961
6107,0.053982
6108,0.727027
6109,0.598587
6110,0.742452
6111,0.294629
6112,0.883773
6113,0.767389
6114,0.794418
6115,0.946777
6116,0.972604
6117,0.966251
6118,0.720205
6119,0.615998
6120,0.498534
6121,0.985682
6122,0.790755
6123,0.726492
6124,0.612971
6125,0.714847
6126,0.777474
6127,0.636619
6128,0.471264
6129,0.762389
6130,0.646782
6131,0.771594
6132,0.813995
6133,0.483088
6134,0.671859
6135,0.871489
6136,0.71777
6137,0.89685
6138,0.637051
6139,0.747468
6140,0.821233
6141,0.767204
6142,0.37702
6143,0.790272
6144,0.876674
6145,0.898214
6146,0.6351
6147,0.70353
6148,0.757847
6149,0.983364
6150,0.411913
6151,0.982045
6152,0.520004
6153,0.978645
6154,0.567995
6155,0.872676
6156,0.665918
6157,0.733455
6158,0.132015
6159,0.872674
6160,0.695485
6161,0.442757
6162,0.990199
6163,0.803802
6164,0.962533
6165,0.807543
6166,0.986638
6167,0.678219
6168,0.842334
6169,0.532435
6170,0.728602
6171,0.05215
6172,0.642205
6173,0.789657
6174,0.560463
6175,0.137315
6176,0.872215
6177,0.521217
6178,0.387727
6179,0.823802
6180,0.794712
6181,0.677194
6182,0.982287
6183,0.685331
6184,0.05433
6185,0.711466
6186,0.199847
6187,0.986525
6188,0.495171
6189,0.729446
6190,0.989491
6191,0.792086
6192,0.483068
6193,0.967367
6194,0.819919
6195,0.894584
6196,0.95019
6197,0.826188
6198,0.849219
6199,0.437703
6200,0.842642
6201,0.398132
6202,0.745674
6203,0.79893
6204,0.89125
6205,0.943884
6206,0.564242
6207,0.776442
6208,0.855082
6209,0.809955
6210,0.339213
6211,0.937721
6212,0.870941
6213,0.584646
6214,0.860774
6215,0.679127
6216,0.774685
6217,0.470048
6218,0.925303
6219,0.761822
6220,0.97426
6221,0.781215
6222,0.927019
6223,0.808881
6224,0.903874
6225,0.433819
6226,0.750786
6227,0.604508
6228,0.449982
6229,0.126068
6230,0.644112
6231,0.815717
6232,0.868606
6233,0.850859
6234,0.542046
6235,0.647229
6236,0.974022
6237,0.764869
6238,0.554745
6239,0.930326
6240,0.547915
6241,0.601357
6242,0.779709
6243,0.821272
6244,0.869248
6245,0.709001
6246,0.869904
6247,0.62096
6248,0.384987
6249,0.61852
6250,0.79212
6251,0.632886
6252,0.560215
6253,0.786564
6254,0.891882
6255,0.409943
6256,0.973919
6257,0.447652
6258,0.891405
6259,0.842629
6260,0.574391
6261,0.833652
6262,0.632915
6263,0.729597
6264,0.483813
6265,0.658994
6266,0.098203
6267,0.756723
6268,0.808372
6269,0.653526
6270,0.588415
6271,0.88559
6272,0.987502
6273,0.720492
6274,0.553515
6275,0.741815
6276,0.637697
6277,0.885594
6278,0.659248
6279,0.884513
6280,0.969854
6281,0.85807
6282,0.624105
6283,0.924587
6284,0.877782
6285,0.435849
6286,0.800947
6287,0.683197
6288,0.500523
6289,0.913485
6290,0.646821
6291,0.867441
6292,0.090864
6293,0.70465
6294,0.76339
6295,0.831659
6296,0.468993
6297,0.893409
6298,0.809861
6299,0.050574
6300,0.660928
6301,0.605421
6302,0.463021
6303,0.551618
6304,0.583289
6305,0.662731
6306,0.409402
6307,0.745307
6308,0.700069
6309,0.791659
6310,0.763731
6311,0.708594
6312,0.69642
6313,0.434896
6314,0.912552
6315,0.982829
6316,0.988892
6317,0.710276
6318,0.760284
6319,0.663921
6320,0.783973
6321,0.925111
6322,0.740305
6323,0.712103
6324,0.730245
6325,0.661195
6326,0.213715
6327,0.786018
6328,0.809911
6329,0.916029
6330,0.780131
6331,0.13576
6332,0.946964
6333,0.720958
6334,0.75111
6335,0.85502
6336,0.695981
6337,0.480221
6338,0.722379
6339,0.736416
6340,0.764383
6341,0.856833
6342,0.993829
6343,0.877662
6344,0.96257
6345,0.083894
6346,0.515601
6347,0.045258
6348,0.846228
6349,0.689477
6350,0.97336
6351,0.868538
6352,0.989441
6353,0.866959
6354,0.9733
6355,0.981625
6356,0.79085
6357,0.824476
6358,0.787756
6359,0.751111
6360,0.450089
6361,0.900812
6362,0.812625
6363,0.57797
6364,0.726734
6365,0.653667
6366,0.35332
6367,0.559142
6368,0.912518
6369,0.82197
6370,0.620667
6371,0.400933
6372,0.476356
6373,0.877511
6374,0.934337
6375,0.570135
6376,0.552308
6377,0.743635
6378,0.902478
6379,0.720138
6380,0.863339
6381,0.970554
6382,0.565676
6383,0.780384
6384,0.835856
6385,0.760841
6386,0.584619
6387,0.732675
6388,0.679639
6389,0.987732
6390,0.766246
6391,0.916568
6392,0.739657
6393,0.477693
6394,0.428203
6395,0.584933
6396,0.595526
6397,0.428943
6398,0.936888
6399,0.861957
6400,0.302266
6401,0.712678
6402,0.777121
6403,0.839873
6404,0.720192
6405,0.629792
6406,0.768304
6407,0.99273
6408,0.900682
6409,0.484087
6410,0.454514
6411,0.739022
6412,0.693314
6413,0.719569
6414,0.700538
6415,0.865851
6416,0.877926
6417,0.632629
6418,0.92931
6419,0.646789
6420,0.991176
6421,0.784265
6422,0.811477
6423,0.639594
6424,0.753022
6425,0.646705
6426,0.864164
6427,0.70298
6428,0.966624
6429,0.798212
6430,0.867733
6431,0.922677
6432,0.830983
6433,0.785283
6434,0.973361
6435,0.711326
6436,0.973253
6437,0.685692
6438,0.777546
6439,0.57013
6440,0.663057
6441,0.887294
6442,0.848464
6443,0.549498
6444,0.984685
6445,0.393362
6446,0.841141
6447,0.87965
6448,0.783606
6449,0.621432
6450,0.947191
6451,0.83002
6452,0.658276
6453,0.853496
6454,0.743713
6455,0.82545
6456,0.084628
6457,0.616124
6458,0.353095
6459,0.991
6460,0.687177
6461,0.756648
6462,0.48335
6463,0.701432
6464,0.704855
6465,0.797676
6466,0.631093
6467,0.978157
6468,0.771358
6469,0.986748
6470,0.73588
6471,0.603212
6472,0.858032
6473,0.572041
6474,0.941368
6475,0.745921
6476,0.866744
6477,0.810833
6478,0.521872
6479,0.666513
6480,0.65578
6481,0.880066
6482,0.978559
6483,0.589942
6484,0.648584
6485,0.630969
6486,0.771078
6487,0.890346
6488,0.842533
6489,0.724587
6490,0.854762
6491,0.873373
6492,0.636158
6493,0.962404
6494,0.774253
6495,0.885716
6496,0.927627
6497,0.924608
6498,0.194455
6499,0.697898
6500,0.732301
6501,0.523977
6502,0.106614
6503,0.626113
6504,0.834523
6505,0.726378
6506,0.496138
6507,0.332646
6508,0.975022
6509,0.791787
6510,0.915065
6511,0.621431
6512,0.814512
6513,0.673148
6514,0.403517
6515,0.340583
6516,0.964374
6517,0.637904
6518,0.945624
6519,0.629903
6520,0.826792
6521,0.711253
6522,0.864956
6523,0.896979
6524,0.553362
6525,0.638017
6526,0.344713
6527,0.889048
6528,0.978852
6529,0.725441
6530,0.073523
6531,0.736978
6532,0.713625
6533,0.909238
6534,0.724385
6535,0.70485
6536,0.839686
6537,0.751671
6538,0.064886
6539,0.825339
6540,0.948521
6541,0.07895
6542,0.838541
6543,0.751263
6544,0.693569
6545,0.721177
6546,0.79217
6547,0.8696
6548,0.41318
6549,0.852269
6550,0.912272
6551,0.818491
6552,0.433653
6553,0.684733
6554,0.976707
6555,0.850501
6556,0.502342
6557,0.848254
6558,0.682937
6559,0.301703
6560,0.572806
6561,0.898949
6562,0.789796
6563,0.918989
6564,0.581372
6565,0.663825
6566,0.911699
6567,0.942011
6568,0.870909
6569,0.562124
6570,0.745336
6571,0.952453
6572,0.836337
6573,0.890816
6574,0.788479
6575,0.7528
6576,0.814878
6577,0.753943
6578,0.944672
6579,0.790417
6580,0.732219
6581,0.914136
6582,0.972906
6583,0.927733
6584,0.960949
6585,0.856643
6586,0.631378
6587,0.910053
6588,0.912398
6589,0.725723
6590,0.706237
6591,0.440989
6592,0.759987
6593,0.916848
6594,0.097825
6595,0.64123
6596,0.753625
6597,0.616129
6598,0.745543
6599,0.912059
6600,0.773756
6601,0.679266
6602,0.743059
6603,0.695095
6604,0.734336
6605,0.766821
6606,0.899623
6607,0.753034
6608,0.776585
6609,0.669849
6610,0.78606
6611,0.082809
6612,0.543426
6613,0.880164
6614,0.615795
6615,0.346026
6616,0.521522
6617,0.916562
6618,0.537039
6619,0.832889
6620,0.444143
6621,0.426962
6622,0.8759
6623,0.465203
6624,0.719373
6625,0.799643
6626,0.976384
6627,0.771562
6628,0.969864
6629,0.891991
6630,0.866882
6631,0.721684
6632,0.840996
6633,0.681522
6634,0.755318
6635,0.566224
6636,0.957409
6637,0.796794
6638,0.97386
6639,0.807867
6640,0.58476
6641,0.345877
6642,0.611278
6643,0.830585
6644,0.51634
6645,0.902778
6646,0.4797
6647,0.817419
6648,0.958329
6649,0.719905
6650,0.745042
6651,0.728319
6652,0.331733
6653,0.507338
6654,0.551715
6655,0.821225
6656,0.534283
6657,0.490618
6658,0.752483
6659,0.93531
6660,0.981603
6661,0.785226
6662,0.711463
6663,0.579987
6664,0.891476
6665,0.700616
6666,0.71016
6667,0.516589
6668,0.977127
6669,0.967965
6670,0.754909
6671,0.670417
6672,0.973951
6673,0.711862
6674,0.899797
6675,0.701614
6676,0.730045
6677,0.625827
6678,0.581064
6679,0.433886
6680,0.682557
6681,0.736348
6682,0.576403
6683,0.105911
6684,0.922415
6685,0.98022
6686,0.563513
6687,0.949189
6688,0.959716
6689,0.751823
6690,0.499565
6691,0.711748
6692,0.754959
6693,0.701527
6694,0.875754
6695,0.812945
6696,0.917188
6697,0.59322
6698,0.590422
6699,0.921432
6700,0.761213
6701,0.876913
6702,0.952094
6703,0.656622
6704,0.443027
6705,0.619888
6706,0.610933
6707,0.684503
6708,0.641601
6709,0.597099
6710,0.684552
6711,0.614485
6712,0.695203
6713,0.857363
6714,0.710037
6715,0.909032
6716,0.502602
6717,0.587664
6718,0.783696
6719,0.7046
6720,0.66455
6721,0.88598
6722,0.936444
6723,0.83548
6724,0.59654
6725,0.801776
6726,0.948299
6727,0.53727
6728,0.333301
6729,0.912435
6730,0.981154
6731,0.806807
6732,0.836109
6733,0.976315
6734,0.548629
6735,0.800575
6736,0.970474
6737,0.493679
6738,0.872252
6739,0.794738
6740,0.892781
6741,0.75667
6742,0.911133
6743,0.797695
6744,0.608912
6745,0.631746
6746,0.608545
6747,0.780022
6748,0.736842
6749,0.847974
6750,0.510165
6751,0.907915
6752,0.883333
6753,0.775148
6754,0.7864
6755,0.781393
6756,0.635972
6757,0.969989
6758,0.59306
6759,0.879568
6760,0.443565
6761,0.916395
6762,0.95925
6763,0.896311
6764,0.723021
6765,0.625168
6766,0.839233
6767,0.647613
6768,0.600771
6769,0.764791
6770,0.600523
6771,0.645004
6772,0.975023
6773,0.543988
6774,0.94841
6775,0.717879
6776,0.783351
6777,0.37621
6778,0.928829
6779,0.623124
6780,0.793301
6781,0.769719
6782,0.978201
6783,0.83904
6784,0.881481
6785,0.970508
6786,0.903136
6787,0.678946
6788,0.723581
6789,0.868936
6790,0.708594
6791,0.848337
6792,0.44306
6793,0.675732
6794,0.351299
6795,0.714874
6796,0.885554
6797,0.600253
6798,0.491829
6799,0.974696
6800,0.786408
6801,0.907469
6802,0.624558
6803,0.939313
6804,0.841201
6805,0.985383
6806,0.853572
6807,0.793269
6808,0.534533
6809,0.651536
6810,0.339104
6811,0.79415
6812,0.554168
6813,0.981487
6814,0.773654
6815,0.565293
6816,0.657317
6817,0.952909
6818,0.778427
6819,0.569594
6820,0.818986
6821,0.357322
6822,0.80087
6823,0.977685
6824,0.567044
6825,0.941419
6826,0.643262
6827,0.766868
6828,0.326064
6829,0.646558
6830,0.657435
6831,0.705131
6832,0.901481
6833,0.53821
6834,0.811863
6835,0.687853
6836,0.811091
6837,0.767077
6838,0.919016
6839,0.674288
6840,0.799966
6841,0.917735
6842,0.649116
6843,0.599674
6844,0.588346
6845,0.972918
6846,0.861783
6847,0.663569
6848,0.340249
6849,0.965726
6850,0.941579
6851,0.752109
6852,0.885394
6853,0.882187
6854,0.523672
6855,0.481552
6856,0.716108
6857,0.687738
6858,0.75373
6859,0.905367
6860,0.664615
6861,0.856319
6862,0.424791
6863,0.906853
6864,0.859081
6865,0.904583
6866,0.466382
6867,0.799479
6868,0.950277
6869,0.95273
6870,0.774082
6871,0.763599
6872,0.489274
6873,0.864853
6874,0.84912
6875,0.525575
6876,0.642257
6877,0.852213
6878,0.112463
6879,0.561385
6880,0.869472
6881,0.622136
6882,0.349979
6883,0.31353
6884,0.951431
6885,0.803727
6886,0.68902
6887,0.904746
6888,0.574234
6889,0.763997
6890,0.61894
6891,0.915703
6892,0.869898
6893,0.86692
6894,0.826123
6895,0.800252
6896,0.711992
6897,0.399535
6898,0.941877
6899,0.976324
6900,0.90757
6901,0.936414
6902,0.925902
6903,0.731389
6904,0.124106
6905,0.962964
6906,0.775616
6907,0.779066
6908,0.886649
6909,0.451486
6910,0.944739
6911,0.934239
6912,0.866574
6913,0.288448
6914,0.610094
6915,0.718489
6916,0.91308
6917,0.614307
6918,0.900645
6919,0.536976
6920,0.723605
6921,0.646086
6922,0.776872
6923,0.633877
6924,0.880011
6925,0.767023
6926,0.70739
6927,0.734621
6928,0.540016
6929,0.959277
6930,0.980685
6931,0.863666
6932,0.136796
6933,0.837154
6934,0.692677
6935,0.899414
6936,0.968155
6937,0.731763
6938,0.946298
6939,0.820544
6940,0.501772
6941,0.54368
6942,0.747772
6943,0.854369
6944,0.487319
6945,0.8345
6946,0.902531
6947,0.693108
6948,0.674953
6949,0.962994
6950,0.973828
6951,0.830476
6952,0.946245
6953,0.215122
6954,0.887838
6955,0.950009
6956,0.692198
6957,0.645868
6958,0.562066
6959,0.969215
6960,0.790215
6961,0.819519
6962,0.779513
6963,0.849584
6964,0.928164
6965,0.803761
6966,0.726224
6967,0.606306
6968,0.842011
6969,0.707331
6970,0.892465
6971,0.965768
6972,0.745059
6973,0.940726
6974,0.9566
6975,0.631859
6976,0.635858
6977,0.620673
6978,0.564635
6979,0.864071
6980,0.852651
6981,0.905117
6982,0.670827
6983,0.735389
6984,0.81385
6985,0.576396
6986,0.617453
6987,0.863924
6988,0.631438
6989,0.567501
6990,0.983778
6991,0.859384
6992,0.615322
6993,0.487198
6994,0.918052
6995,0.182885
6996,0.701335
6997,0.702352
6998,0.727843
6999,0.415874
7000,0.640035
7001,0.92223
7002,0.902478
7003,0.538947
7004,0.71859
7005,0.785986
7006,0.698693
7007,0.679683
7008,0.705889
7009,0.707252
7010,0.890138
7011,0.767242
7012,0.88837
7013,0.652983
7014,0.966847
7015,0.952538
7016,0.543838
7017,0.033896
7018,0.528165
7019,0.71087
7020,0.933957
7021,0.826888
7022,0.53946
7023,0.9511
7024,0.902079
7025,0.671251
7026,0.711606
7027,0.791288
7028,0.553576
7029,0.712247
7030,0.829603
7031,0.687092
7032,0.164533
7033,0.589044
7034,0.575544
7035,0.823651
7036,0.621439
7037,0.657263
7038,0.723914
7039,0.351366
7040,0.744965
7041,0.900162
7042,0.928463
7043,0.685377
7044,0.89045
7045,0.757124
7046,0.648312
7047,0.489585
7048,0.816159
7049,0.850441
7050,0.836246
7051,0.953396
7052,0.908053
7053,0.475714
7054,0.836898
7055,0.919636
7056,0.916888
7057,0.463048
7058,0.933106
7059,0.514907
7060,0.769394
7061,0.893731
7062,0.917086
7063,0.89673
7064,0.658894
7065,0.38201
7066,0.770351
7067,0.603552
7068,0.829281
7069,0.537472
7070,0.869768
7071,0.838421
7072,0.724682
7073,0.669897
7074,0.911119
7075,0.964712
7076,0.607157
7077,0.340282
7078,0.871572
7079,0.577573
7080,0.753339
7081,0.705415
7082,0.993961
7083,0.838737
7084,0.771445
7085,0.803444
7086,0.677386
7087,0.98161
7088,0.810471
7089,0.909407
7090,0.427725
7091,0.763896
7092,0.811028
7093,0.881325
7094,0.781177
7095,0.879415
7096,0.786244
7097,0.692297
7098,0.649116
7099,0.915462
7100,0.965053
7101,0.778917
7102,0.674859
7103,0.733431
7104,0.98813
7105,0.541089
7106,0.804093
7107,0.559303
7108,0.991674
7109,0.686482
7110,0.601386
7111,0.799443
7112,0.721958
7113,0.666236
7114,0.776442
7115,0.945814
7116,0.925887
7117,0.82892
7118,0.872607
7119,0.877296
7120,0.60716
7121,0.893006
7122,0.086287
7123,0.76128
7124,0.866151
7125,0.675806
7126,0.396306
7127,0.682319
7128,0.669736
7129,0.082416
7130,0.888709
7131,0.890071
7132,0.675703
7133,0.423295
7134,0.738787
7135,0.544099
7136,0.66503
7137,0.669714
7138,0.658361
7139,0.90875
7140,0.844949
7141,0.686609
7142,0.379487
7143,0.955123
7144,0.756124
7145,0.68774
7146,0.737571
7147,0.631183
7148,0.926967
7149,0.590917
7150,0.936832
7151,0.868786
7152,0.695867
7153,0.938976
7154,0.56935
7155,0.36279
7156,0.442026
7157,0.910199
7158,0.690332
7159,0.775164
7160,0.488276
7161,0.777035
7162,0.451601
7163,0.798661
7164,0.53095
7165,0.865384
7166,0.791919
7167,0.780747
7168,0.848729
7169,0.760102
7170,0.510638
7171,0.518209
7172,0.685518
7173,0.684079
7174,0.793385
7175,0.411005
7176,0.561691
7177,0.670029
7178,0.819772
7179,0.703088
7180,0.609085
7181,0.911419
7182,0.118832
7183,0.86546
7184,0.795567
7185,0.863439
7186,0.696225
7187,0.791756
7188,0.575614
7189,0.656559
7190,0.714518
7191,0.905421
7192,0.740612
7193,0.611806
7194,0.985426
7195,0.840824
7196,0.977477
7197,0.921844
7198,0.920303
7199,0.955972
7200,0.932959
7201,0.624787
7202,0.644773
7203,0.87241
7204,0.617216
7205,0.67108
7206,0.959452
7207,0.772164
7208,0.739286
7209,0.639903
7210,0.933771
7211,0.756185
7212,0.554254
7213,0.480236
7214,0.477679
7215,0.520868
7216,0.839504
7217,0.582842
7218,0.625802
7219,0.472093
7220,0.895546
7221,0.796743
7222,0.674566
7223,0.770095
7224,0.880281
7225,0.612581
7226,0.559148
7227,0.628825
7228,0.819979
7229,0.88168
7230,0.517479
7231,0.53344
7232,0.897532
7233,0.871833
7234,0.979883
7235,0.661568
7236,0.945091
7237,0.753229
7238,0.563308
7239,0.633193
7240,0.497745
7241,0.613854
7242,0.227353
7243,0.955724
7244,0.6652
7245,0.589689
7246,0.560194
7247,0.961496
7248,0.938006
7249,0.945875
7250,0.467073
7251,0.874823
7252,0.805333
7253,0.315927
7254,0.93876
7255,0.837098
7256,0.942212
7257,0.893161
7258,0.691409
7259,0.672199
7260,0.8777
7261,0.880216
7262,0.6358
7263,0.722859
7264,0.805487
7265,0.73876
7266,0.464806
7267,0.769173
7268,0.730847
7269,0.614563
7270,0.896034
7271,0.55431
7272,0.906022
7273,0.689297
7274,0.628011
7275,0.732148
7276,0.736417
7277,0.779117
7278,0.491783
7279,0.368653
7280,0.804639
7281,0.795919
7282,0.841142
7283,0.740529
7284,0.662353
7285,0.56585
7286,0.634248
7287,0.959004
7288,0.969763
7289,0.779895
7290,0.958067
7291,0.953873
7292,0.812913
7293,0.622938
7294,0.839296
7295,0.571146
7296,0.745206
7297,0.782093
7298,0.829462
7299,0.600095
7300,0.728335
7301,0.885972
7302,0.919814
7303,0.705252
7304,0.878891
7305,0.652076
7306,0.917417
7307,0.894917
7308,0.917384
7309,0.938305
7310,0.986438
7311,0.925516
7312,0.644991
7313,0.861439
7314,0.897986
7315,0.9104
7316,0.265432
7317,0.789761
7318,0.879474
7319,0.693497
7320,0.804369
7321,0.834584
7322,0.987935
7323,0.824576
7324,0.724201
7325,0.746739
7326,0.693581
7327,0.458212
7328,0.952578
7329,0.560019
7330,0.974415
7331,0.615546
7332,0.714962
7333,0.795836
7334,0.055971
7335,0.64177
7336,0.589557
7337,0.847012
7338,0.69215
7339,0.731279
7340,0.634917
7341,0.70424
7342,0.622711
7343,0.453964
7344,0.898216
7345,0.735593
7346,0.397694
7347,0.864864
7348,0.757684
7349,0.471702
7350,0.869501
7351,0.894999
7352,0.730115
7353,0.850997
7354,0.758098
7355,0.85049
7356,0.620759
7357,0.720577
7358,0.497727
7359,0.827079
7360,0.59548
7361,0.731501
7362,0.48726
7363,0.18536
7364,0.940897
7365,0.833919
7366,0.447095
7367,0.532519
7368,0.837495
7369,0.927333
7370,0.442128
7371,0.747588
7372,0.85666
7373,0.945884
7374,0.937602
7375,0.67871
7376,0.377795
7377,0.518486
7378,0.91789
7379,0.842874
7380,0.964563
7381,0.850342
7382,0.543053
7383,0.08632
7384,0.856521
7385,0.647235
7386,0.674234
7387,0.916493
7388,0.353977
7389,0.550147
7390,0.850551
7391,0.722053
7392,0.713858
7393,0.380685
7394,0.766059
7395,0.96704
7396,0.076543
7397,0.617543
7398,0.958776
7399,0.961604
7400,0.983592
7401,0.899866
7402,0.733552
7403,0.293718
7404,0.459314
7405,0.712146
7406,0.683424
7407,0.194089
7408,0.931463
7409,0.765648
7410,0.66457
7411,0.791739
7412,0.978197
7413,0.670652
7414,0.809628
7415,0.80263
7416,0.402167
7417,0.934591
7418,0.857502
7419,0.811007
7420,0.870914
7421,0.660216
7422,0.684313
7423,0.948873
7424,0.936719
7425,0.931411
7426,0.515731
7427,0.898978
7428,0.635105
7429,0.700124
7430,0.724242
7431,0.975111
7432,0.828499
7433,0.970338
7434,0.9211
7435,0.878274
7436,0.982167
7437,0.672864
7438,0.892933
7439,0.906209
7440,0.586153
7441,0.857906
7442,0.949071
7443,0.373191
7444,0.803274
7445,0.241295
7446,0.524916
7447,0.875302
7448,0.608859
7449,0.962922
7450,0.977603
7451,0.813401
7452,0.157329
7453,0.985009
7454,0.599359
7455,0.710911
7456,0.362422
7457,0.851004
7458,0.737785
7459,0.837389
7460,0.936684
7461,0.808094
7462,0.605955
7463,0.889099
7464,0.98372
7465,0.915084
7466,0.48514
7467,0.632942
7468,0.21193
7469,0.811203
7470,0.954851
7471,0.623202
7472,0.557524
7473,0.885248
7474,0.720211
7475,0.979468
7476,0.691009
7477,0.617782
7478,0.374273
7479,0.968498
7480,0.864782
7481,0.677565
7482,0.831472
7483,0.963184
7484,0.41531
7485,0.579153
7486,0.836306
7487,0.488076
7488,0.959232
7489,0.886716
7490,0.521522
7491,0.910294
7492,0.715756
7493,0.609921
7494,0.854851
7495,0.360454
7496,0.920357
7497,0.633259
7498,0.721379
7499,0.521709
7500,0.876583
7501,0.636183
7502,0.936967
7503,0.83662
7504,0.851123
7505,0.82178
7506,0.930626
7507,0.84001
7508,0.582554
7509,0.115085
7510,0.425008
7511,0.594294
7512,0.767781
7513,0.866051
7514,0.569608
7515,0.561721
7516,0.929062
7517,0.691613
7518,0.708995
7519,0.968189
7520,0.890273
7521,0.749561
7522,0.869918
7523,0.695223
7524,0.701573
7525,0.704612
7526,0.815673
7527,0.714811
7528,0.60413
7529,0.719401
7530,0.726301
7531,0.764135
7532,0.092502
7533,0.954595
7534,0.784268
7535,0.886874
7536,0.67268
7537,0.92774
7538,0.964975
7539,0.38119
7540,0.546864
7541,0.701224
7542,0.557555
7543,0.800669
7544,0.964432
7545,0.403261
7546,0.641173
7547,0.901224
7548,0.820957
7549,0.849632
7550,0.8148
7551,0.581123
7552,0.714356
7553,0.737824
7554,0.919375
7555,0.757166
7556,0.52816
7557,0.610025
7558,0.848637
7559,0.755025
7560,0.208193
7561,0.93644
7562,0.781865
7563,0.978355
7564,0.436856
7565,0.965846
7566,0.639464
7567,0.669986
7568,0.923278
7569,0.821134
7570,0.686777
7571,0.434135
7572,0.569824
7573,0.766008
7574,0.673979
7575,0.51418
7576,0.157593
7577,0.605306
7578,0.928679
7579,0.82783
7580,0.747362
7581,0.909641
7582,0.329036
7583,0.689429
7584,0.636474
7585,0.734813
7586,0.748405
7587,0.966828
7588,0.783319
7589,0.753933
7590,0.992031
7591,0.703359
7592,0.804448
7593,0.844429
7594,0.654997
7595,0.46299
7596,0.57045
7597,0.289523
7598,0.573962
7599,0.786009
7600,0.57124
7601,0.701382
7602,0.940081
7603,0.901341
7604,0.893714
7605,0.627876
7606,0.69556
7607,0.934032
7608,0.684189
7609,0.8578
7610,0.650268
7611,0.819853
7612,0.722001
7613,0.809725
7614,0.664665
7615,0.623161
7616,0.534256
7617,0.693056
7618,0.70038
7619,0.804519
7620,0.801259
7621,0.852932
7622,0.530442
7623,0.797263
7624,0.652578
7625,0.201287
7626,0.709401
7627,0.618357
7628,0.443604
7629,0.783457
7630,0.924347
7631,0.978943
7632,0.647257
7633,0.770362
7634,0.936584
7635,0.606199
7636,0.605998
7637,0.740508
7638,0.914392
7639,0.059937
7640,0.613655
7641,0.847206
7642,0.288157
7643,0.085449
7644,0.857611
7645,0.642617
7646,0.896327
7647,0.415264
7648,0.631375
7649,0.650169
7650,0.917284
7651,0.799832
7652,0.868698
7653,0.548273
7654,0.722964
7655,0.971822
7656,0.462273
7657,0.853616
7658,0.815178
7659,0.864278
7660,0.742508
7661,0.95874
7662,0.617973
7663,0.565467
7664,0.677422
7665,0.780789
7666,0.563907
7667,0.163625
7668,0.837198
7669,0.780403
7670,0.946971
7671,0.681242
7672,0.358444
7673,0.881448
7674,0.91025
7675,0.63703
7676,0.670815
7677,0.848198
7678,0.372672
7679,0.473327
7680,0.795508
7681,0.764388
7682,0.554528
7683,0.752553
7684,0.473052
7685,0.580621
7686,0.879655
7687,0.615855
7688,0.868605
7689,0.750181
7690,0.778577
7691,0.732366
7692,0.203784
7693,0.971473
7694,0.943674
7695,0.930406
7696,0.804244
7697,0.968582
7698,0.826414
7699,0.633043
7700,0.750211
7701,0.087641
7702,0.8438
7703,0.659515
7704,0.695824
7705,0.694937
7706,0.654094
7707,0.904937
7708,0.824595
7709,0.622927
7710,0.472349
7711,0.281927
7712,0.719201
7713,0.955134
7714,0.72702
7715,0.543848
7716,0.813632
7717,0.580859
7718,0.559799
7719,0.477246
7720,0.734206
7721,0.579979
7722,0.580149
7723,0.600392
7724,0.926036
7725,0.759085
7726,0.920537
7727,0.915724
7728,0.965811
7729,0.70516
7730,0.79523
7731,0.438956
7732,0.716829
7733,0.532793
7734,0.692765
7735,0.788898
7736,0.541046
7737,0.916671
7738,0.763922
7739,0.678329
7740,0.827805
7741,0.62635
7742,0.905194
7743,0.690537
7744,0.503055
7745,0.824355
7746,0.44998
7747,0.836655
7748,0.969441
7749,0.591284
7750,0.428347
7751,0.735761
7752,0.742171
7753,0.740394
7754,0.228522
7755,0.902259
7756,0.784159
7757,0.770682
7758,0.550856
7759,0.95342
7760,0.578897
7761,0.75461
7762,0.932033
7763,0.975452
7764,0.731813
7765,0.186825
7766,0.580714
7767,0.552863
7768,0.697233
7769,0.876907
7770,0.757265
7771,0.648361
7772,0.351845
7773,0.865261
7774,0.909079
7775,0.915088
7776,0.868661
7777,0.908066
7778,0.729537
7779,0.956663
7780,0.786427
7781,0.804789
7782,0.560615
7783,0.922405
7784,0.634514
7785,0.641812
7786,0.852929
7787,0.722804
7788,0.806225
7789,0.940901
7790,0.765974
7791,0.804066
7792,0.90646
7793,0.794767
7794,0.71985
7795,0.627907
7796,0.942362
7797,0.386686
7798,0.940197
7799,0.905575
7800,0.57995
7801,0.616903
7802,0.69277
7803,0.750663
7804,0.780368
7805,0.744319
7806,0.657474
7807,0.729076
7808,0.101538
7809,0.335981
7810,0.688482
7811,0.869133
7812,0.532408
7813,0.518921
7814,0.619813
7815,0.962322
7816,0.792936
7817,0.833913
7818,0.956376
7819,0.68403
7820,0.690986
7821,0.639275
7822,0.599572
7823,0.635029
7824,0.685174
7825,0.637589
7826,0.898731
7827,0.560564
7828,0.865468
7829,0.699432
7830,0.76085
7831,0.843635
7832,0.972827
7833,0.796956
7834,0.631059
7835,0.448443
7836,0.87781
7837,0.677602
7838,0.646563
7839,0.664148
7840,0.766716
7841,0.557579
7842,0.712603
7843,0.727698
7844,0.931963
7845,0.879754
7846,0.927582
7847,0.911208
7848,0.664861
7849,0.202961
7850,0.768045
7851,0.8539
7852,0.627543
7853,0.73572
7854,0.49904
7855,0.917964
7856,0.806344
7857,0.563268
7858,0.840485
7859,0.787505
7860,0.748661
7861,0.875419
7862,0.791179
7863,0.146567
7864,0.220655
7865,0.653956
7866,0.561587
7867,0.892802
7868,0.878568
7869,0.759708
7870,0.700884
7871,0.911472
7872,0.60302
7873,0.068959
7874,0.987606
7875,0.144995
7876,0.954432
7877,0.640158
7878,0.644417
7879,0.654691
7880,0.952432
7881,0.788468
7882,0.649156
7883,0.59684
7884,0.849436
7885,0.877718
7886,0.945525
7887,0.485057
7888,0.767053
7889,0.719772
7890,0.767953
7891,0.345914
7892,0.988442
7893,0.787931
7894,0.703232
7895,0.497247
7896,0.436762
7897,0.47396
7898,0.095272
7899,0.870283
7900,0.880954
7901,0.96873
7902,0.906467
7903,0.76349
7904,0.630706
7905,0.765377
7906,0.654841
7907,0.058029
7908,0.548966
7909,0.806941
7910,0.598242
7911,0.932398
7912,0.816521
7913,0.55927
7914,0.746162
7915,0.686481
7916,0.724774
7917,0.683766
7918,0.532324
7919,0.711806
7920,0.883517
7921,0.559668
7922,0.589883
7923,0.895859
7924,0.431664
7925,0.53995
7926,0.781929
7927,0.731951
7928,0.717961
7929,0.773917
7930,0.099151
7931,0.530099
7932,0.670217
7933,0.918783
7934,0.944951
7935,0.541306
7936,0.634405
7937,0.519798
7938,0.566598
7939,0.569334
7940,0.904367
7941,0.757141
7942,0.422956
7943,0.930168
7944,0.828768
7945,0.681585
7946,0.914547
7947,0.729334
7948,0.523117
7949,0.934278
7950,0.98471
7951,0.952762
7952,0.048652
7953,0.771599
7954,0.300894
7955,0.64392
7956,0.47228
7957,0.937398
7958,0.977659
7959,0.526474
7960,0.848468
7961,0.970278
7962,0.648348
7963,0.917291
7964,0.900777
7965,0.84705
7966,0.833205
7967,0.794683
7968,0.821575
7969,0.815527
7970,0.693579
7971,0.876532
7972,0.909078
7973,0.609904
7974,0.533305
7975,0.800845
7976,0.727789
7977,0.663423
7978,0.839391
7979,0.646863
7980,0.647493
7981,0.97656
7982,0.720775
7983,0.790837
7984,0.977726
7985,0.908101
7986,0.676349
7987,0.884356
7988,0.931035
7989,0.609795
7990,0.833812
7991,0.751723
7992,0.680737
7993,0.764879
7994,0.094174
7995,0.073023
7996,0.959385
7997,0.704216
7998,0.842526
7999,0.533571
8000,0.88053
8001,0.796775
8002,0.739173
8003,0.827044
8004,0.753
8005,0.728983
8006,0.856495
8007,0.702754
8008,0.807702
8009,0.757326
8010,0.795311
8011,0.806434
8012,0.698902
8013,0.760727
8014,0.490954
8015,0.844654
8016,0.657315
8017,0.956855
8018,0.711988
8019,0.481794
8020,0.833446
8021,0.429139
8022,0.689633
8023,0.918376
8024,0.082778
8025,0.584923
8026,0.824451
8027,0.986637
8028,0.728622
8029,0.89619
8030,0.962969
8031,0.74572
8032,0.351715
8033,0.558627
8034,0.694767
8035,0.672039
8036,0.743735
8037,0.747448
8038,0.775782
8039,0.875945
8040,0.978574
8041,0.883339
8042,0.66351
8043,0.572015
8044,0.885208
8045,0.693941
8046,0.854334
8047,0.845594
8048,0.735411
8049,0.449838
8050,0.624272
8051,0.583365
8052,0.732374
8053,0.604835
8054,0.709215
8055,0.621068
8056,0.616304
8057,0.818204
8058,0.839932
8059,0.668865
8060,0.349475
8061,0.899461
8062,0.555561
8063,0.85816
8064,0.848403
8065,0.581832
8066,0.969761
8067,0.274151
8068,0.164252
8069,0.668072
8070,0.644512
8071,0.950259
8072,0.824498
8073,0.977716
8074,0.816358
8075,0.893885
8076,0.469641
8077,0.943424
8078,0.959741
8079,0.797787
8080,0.797687
8081,0.820967
8082,0.910933
8083,0.901565
8084,0.594354
8085,0.789377
8086,0.738767
8087,0.977527
8088,0.063318
8089,0.83102
8090,0.680927
8091,0.579462
8092,0.680584
8093,0.766947
8094,0.772569
8095,0.965196
8096,0.758559
8097,0.982243
8098,0.923549
8099,0.632619
8100,0.673029
8101,0.650302
8102,0.634235
8103,0.90162
8104,0.480973
8105,0.913714
8106,0.715426
8107,0.621222
8108,0.5944
8109,0.871934
8110,0.872483
8111,0.206559
8112,0.622455
8113,0.442032
8114,0.977818
8115,0.922394
8116,0.91829
8117,0.980079
8118,0.829181
8119,0.699208
8120,0.984123
8121,0.975153
8122,0.807038
8123,0.833209
8124,0.417189
8125,0.677502
8126,0.395292
8127,0.462066
8128,0.317108
8129,0.802333
8130,0.751104
8131,0.807298
8132,0.553266
8133,0.528324
8134,0.839381
8135,0.823409
8136,0.306643
8137,0.737131
8138,0.602849
8139,0.400624
8140,0.907626
8141,0.759124
8142,0.506005
8143,0.654407
8144,0.84571
8145,0.454338
8146,0.67534
8147,0.848857
8148,0.973732
8149,0.92473
8150,0.581878
8151,0.738331
8152,0.952759
8153,0.64666
8154,0.974404
8155,0.914158
8156,0.927894
8157,0.838704
8158,0.914541
8159,0.539586
8160,0.689105
8161,0.933685
8162,0.847313
8163,0.822896
8164,0.549799
8165,0.678609
8166,0.498826
8167,0.264101
8168,0.710061
8169,0.9188
8170,0.868358
8171,0.879936
8172,0.990145
8173,0.485579
8174,0.744671
8175,0.564566
8176,0.52555
8177,0.659865
8178,0.775882
8179,0.662253
8180,0.927751
8181,0.975505
8182,0.955489
8183,0.615619
8184,0.745619
8185,0.841927
8186,0.820835
8187,0.74823
8188,0.691483
8189,0.603348
8190,0.836851
8191,0.819119
8192,0.853172
8193,0.870145
8194,0.479984
8195,0.74461
8196,0.73109
8197,0.69987
8198,0.773018
8199,0.543449
8200,0.642255
8201,0.812524
8202,0.85302
8203,0.552326
8204,0.957572
8205,0.797241
8206,0.073078
8207,0.433579
8208,0.706907
8209,0.970995
8210,0.103715
8211,0.80092
8212,0.799264
8213,0.774
8214,0.690956
8215,0.934629
8216,0.687646
8217,0.787207
8218,0.583338
8219,0.815978
8220,0.897261
8221,0.933301
8222,0.715035
8223,0.958864
8224,0.437095
8225,0.789853
8226,0.678068
8227,0.899094
8228,0.637131
8229,0.78494
8230,0.659295
8231,0.618621
8232,0.878855
8233,0.91441
8234,0.983243
8235,0.927855
8236,0.929447
8237,0.519046
8238,0.683596
8239,0.902816
8240,0.72977
8241,0.534711
8242,0.414779
8243,0.890013
8244,0.972428
8245,0.845588
8246,0.97012
8247,0.624949
8248,0.982518
8249,0.418992
8250,0.856921
8251,0.973596
8252,0.425154
8253,0.478025
8254,0.54747
8255,0.318064
8256,0.716732
8257,0.840915
8258,0.727341
8259,0.428873
8260,0.948613
8261,0.775257
8262,0.82254
8263,0.612586
8264,0.690835
8265,0.344707
8266,0.764229
8267,0.485886
8268,0.890457
8269,0.801883
8270,0.670006
8271,0.974564
8272,0.689098
8273,0.849054
8274,0.846308
8275,0.80498
8276,0.921126
8277,0.608401
8278,0.504255
8279,0.726607
8280,0.704691
8281,0.687531
8282,0.872357
8283,0.77456
8284,0.577758
8285,0.812871
8286,0.528808
8287,0.817083
8288,0.146632
8289,0.963704
8290,0.77589
8291,0.679415
8292,0.158654
8293,0.65901
8294,0.894706
8295,0.058804
8296,0.967562
8297,0.620476
8298,0.806149
8299,0.781806
8300,0.869803
8301,0.641151
8302,0.731299
8303,0.49782
8304,0.974955
8305,0.742445
8306,0.715881
8307,0.763659
8308,0.631901
8309,0.969209
8310,0.817157
8311,0.700011
8312,0.841039
8313,0.926223
8314,0.772736
8315,0.391248
8316,0.85834
8317,0.975475
8318,0.8067
8319,0.668193
8320,0.51858
8321,0.962864
8322,0.929432
8323,0.847994
8324,0.885316
8325,0.460712
8326,0.701098
8327,0.627131
8328,0.140666
8329,0.587525
8330,0.992067
8331,0.940188
8332,0.644158
8333,0.966833
8334,0.786818
8335,0.741825
8336,0.74635
8337,0.667353
8338,0.654687
8339,0.959231
8340,0.683561
8341,0.927307
8342,0.948653
8343,0.4417
8344,0.799569
8345,0.678145
8346,0.744479
8347,0.718105
8348,0.83037
8349,0.966779
8350,0.470408
8351,0.787311
8352,0.549341
8353,0.341202
8354,0.927692
8355,0.62679
8356,0.568696
8357,0.274454
8358,0.819487
8359,0.684542
8360,0.758375
8361,0.97096
8362,0.629053
8363,0.567621
8364,0.575767
8365,0.889554
8366,0.842048
8367,0.486497
8368,0.693094
8369,0.753024
8370,0.80287
8371,0.361202
8372,0.739034
8373,0.644534
8374,0.64546
8375,0.749094
8376,0.926126
8377,0.867159
8378,0.832858
8379,0.752711
8380,0.588831
8381,0.768706
8382,0.651802
8383,0.875121
8384,0.833956
8385,0.888712
8386,0.809663
8387,0.330054
8388,0.835387
8389,0.633142
8390,0.969608
8391,0.832948
8392,0.762877
8393,0.754084
8394,0.693876
8395,0.670658
8396,0.977427
8397,0.803272
8398,0.872985
8399,0.876547
8400,0.848317
8401,0.872151
8402,0.783251
8403,0.526355
8404,0.978511
8405,0.41451
8406,0.81379
8407,0.592384
8408,0.968615
8409,0.664102
8410,0.828546
8411,0.83669
8412,0.800964
8413,0.433278
8414,0.934154
8415,0.771246
8416,0.913678
8417,0.200798
8418,0.834429
8419,0.642001
8420,0.828587
8421,0.797017
8422,0.646357
8423,0.791993
8424,0.586038
8425,0.935097
8426,0.65301
8427,0.785993
8428,0.378515
8429,0.731586
8430,0.60645
8431,0.690159
8432,0.807398
8433,0.800367
8434,0.835567
8435,0.814395
8436,0.759282
8437,0.676804
8438,0.816649
8439,0.378205
8440,0.751843
8441,0.786145
8442,0.810404
8443,0.88262
8444,0.898698
8445,0.492504
8446,0.814255
8447,0.817304
8448,0.790197
8449,0.511144
8450,0.348842
8451,0.685492
8452,0.587965
8453,0.705988
8454,0.758482
8455,0.716013
8456,0.691761
8457,0.55017
8458,0.848704
8459,0.875995
8460,0.6534
8461,0.88154
8462,0.793088
8463,0.783751
8464,0.91205
8465,0.797759
8466,0.399224
8467,0.961264
8468,0.977431
8469,0.505148
8470,0.614174
8471,0.978853
8472,0.571881
8473,0.787801
8474,0.928514
8475,0.691565
8476,0.655762
8477,0.837102
8478,0.906174
8479,0.506663
8480,0.707759
8481,0.626932
8482,0.697463
8483,0.674868
8484,0.618104
8485,0.623547
8486,0.951598
8487,0.801252
8488,0.311185
8489,0.608752
8490,0.798282
8491,0.95021
8492,0.413334
8493,0.644551
8494,0.542352
8495,0.89473
8496,0.51879
8497,0.666936
8498,0.271612
8499,0.535392
8500,0.479986
8501,0.659633
8502,0.810773
8503,0.737117
8504,0.634398
8505,0.903915
8506,0.313032
8507,0.949609
8508,0.671114
8509,0.981238
8510,0.842176
8511,0.045986
8512,0.869527
8513,0.81842
8514,0.554579
8515,0.871816
8516,0.675996
8517,0.375515
8518,0.693097
8519,0.747506
8520,0.853169
8521,0.798541
8522,0.713696
8523,0.23725
8524,0.638622
8525,0.992608
8526,0.074866
8527,0.699685
8528,0.642315
8529,0.837109
8530,0.384598
8531,0.535426
8532,0.75399
8533,0.757776
8534,0.84105
8535,0.84555
8536,0.641713
8537,0.573348
8538,0.656112
8539,0.606293
8540,0.766425
8541,0.044707
8542,0.967266
8543,0.915829
8544,0.860058
8545,0.95109
8546,0.862996
8547,0.666558
8548,0.676369
8549,0.839507
8550,0.771175
8551,0.748538
8552,0.660257
8553,0.167702
8554,0.898897
8555,0.887721
8556,0.537136
8557,0.701296
8558,0.761053
8559,0.465632
8560,0.911003
8561,0.71891
8562,0.844433
8563,0.907979
8564,0.815423
8565,0.197555
8566,0.989587
8567,0.685223
8568,0.878915
8569,0.927008
8570,0.914725
8571,0.828668
8572,0.906125
8573,0.80743
8574,0.7071
8575,0.824129
8576,0.644644
8577,0.68919
8578,0.914456
8579,0.744618
8580,0.668772
8581,0.834563
8582,0.780957
8583,0.861936
8584,0.676507
8585,0.869112
8586,0.685635
8587,0.71252
8588,0.682703
8589,0.544328
8590,0.923831
8591,0.877338
8592,0.975362
8593,0.952973
8594,0.838278
8595,0.9051
8596,0.784868
8597,0.980662
8598,0.737872
8599,0.885119
8600,0.774427
8601,0.621626
8602,0.067084
8603,0.731191
8604,0.935224
8605,0.883201
8606,0.663338
8607,0.560805
8608,0.621036
8609,0.945686
8610,0.802585
8611,0.579772
8612,0.742366
8613,0.660839
8614,0.8661
8615,0.780859
8616,0.631365
8617,0.587186
8618,0.85288
8619,0.772279
8620,0.724068
8621,0.651374
8622,0.626736
8623,0.764421
8624,0.68661
8625,0.631932
8626,0.773704
8627,0.702906
8628,0.546067
8629,0.817885
8630,0.79709
8631,0.831044
8632,0.962208
8633,0.644866
8634,0.583187
8635,0.739292
8636,0.657728
8637,0.710299
8638,0.96404
8639,0.521726
8640,0.435723
8641,0.836301
8642,0.649526
8643,0.950773
8644,0.645756
8645,0.81086
8646,0.600096
8647,0.866196
8648,0.640653
8649,0.774151
8650,0.987542
8651,0.836631
8652,0.547718
8653,0.859166
8654,0.88089
8655,0.943453
8656,0.645917
8657,0.680382
8658,0.499786
8659,0.848541
8660,0.965788
8661,0.879053
8662,0.957357
8663,0.902794
8664,0.562281
8665,0.863607
8666,0.696164
8667,0.724486
8668,0.344225
8669,0.848445
8670,0.771744
8671,0.979639
8672,0.82636
8673,0.82865
8674,0.726232
8675,0.67236
8676,0.085504
8677,0.707342
8678,0.065782
8679,0.587255
8680,0.927414
8681,0.667041
8682,0.951795
8683,0.90226
8684,0.801999
8685,0.785349
8686,0.548685
8687,0.944429
8688,0.625724
8689,0.695863
8690,0.786802
8691,0.966535
8692,0.701723
8693,0.877604
8694,0.726945
8695,0.695908
8696,0.892325
8697,0.879912
8698,0.979661
8699,0.692053
8700,0.77132
8701,0.813191
8702,0.898116
8703,0.627661
8704,0.654354
8705,0.794365
8706,0.609098
8707,0.820745
8708,0.535407
8709,0.387366
8710,0.906789
8711,0.76581
8712,0.628095
8713,0.950825
8714,0.980102
8715,0.631227
8716,0.656468
8717,0.770736
8718,0.311492
8719,0.975249
8720,0.850934
8721,0.641751
8722,0.888377
8723,0.886366
8724,0.970417
8725,0.903879
8726,0.740649
8727,0.695301
8728,0.486748
8729,0.914623
8730,0.876328
8731,0.952141
8732,0.879484
8733,0.838055
8734,0.465677
8735,0.957581
8736,0.613414
8737,0.849038
8738,0.777333
8739,0.734857
8740,0.875196
8741,0.646324
8742,0.78504
8743,0.909798
8744,0.723362
8745,0.9821
8746,0.698516
8747,0.889299
8748,0.638459
8749,0.118197
8750,0.994241
8751,0.761318
8752,0.8827
8753,0.64992
8754,0.788258
8755,0.23098
8756,0.879296
8757,0.661051
8758,0.770755
8759,0.901266
8760,0.900673
8761,0.711086
8762,0.62488
8763,0.679862
8764,0.759932
8765,0.369194
8766,0.705408
8767,0.440858
8768,0.593181
8769,0.547297
8770,0.68969
8771,0.61132
8772,0.985641
8773,0.896802
8774,0.677059
8775,0.622682
8776,0.757731
8777,0.717988
8778,0.762983
8779,0.380234
8780,0.395739
8781,0.52062
8782,0.541658
8783,0.823886
8784,0.728013
8785,0.319472
8786,0.883767
8787,0.857622
8788,0.836755
8789,0.883564
8790,0.604359
8791,0.811929
8792,0.699975
8793,0.778917
8794,0.755445
8795,0.645204
8796,0.731465
8797,0.801593
8798,0.844607
8799,0.527107
8800,0.81604
8801,0.788605
8802,0.858262
8803,0.886989
8804,0.978824
8805,0.943742
8806,0.639455
8807,0.322554
8808,0.812514
8809,0.732692
8810,0.390024
8811,0.593702
8812,0.936506
8813,0.940499
8814,0.826114
8815,0.88262
8816,0.972991
8817,0.955462
8818,0.662823
8819,0.856412
8820,0.860332
8821,0.813133
8822,0.960508
8823,0.714284
8824,0.92715
8825,0.812116
8826,0.599992
8827,0.910522
8828,0.655755
8829,0.936558
8830,0.955854
8831,0.663046
8832,0.491626
8833,0.448194
8834,0.972793
8835,0.698779
8836,0.898953
8837,0.49462
8838,0.749774
8839,0.964932
8840,0.549551
8841,0.69696
8842,0.777659
8843,0.528154
8844,0.702379
8845,0.746603
8846,0.960811
8847,0.662398
8848,0.685158
8849,0.854358
8850,0.989447
8851,0.621701
8852,0.831197
8853,0.61314
8854,0.570961
8855,0.071878
8856,0.622361
8857,0.810595
8858,0.674494
8859,0.300778
8860,0.450949
8861,0.570184
8862,0.846564
8863,0.883131
8864,0.965494
8865,0.910401
8866,0.52348
8867,0.396127
8868,0.774027
8869,0.717282
8870,0.61004
8871,0.910619
8872,0.578476
8873,0.756302
8874,0.757343
8875,0.582776
8876,0.05319
8877,0.876061
8878,0.616867
8879,0.879909
8880,0.453124
8881,0.972432
8882,0.947833
8883,0.644668
8884,0.544088
8885,0.544597
8886,0.633124
8887,0.888675
8888,0.683268
8889,0.581967
8890,0.694579
8891,0.527452
8892,0.61896
8893,0.580509
8894,0.458893
8895,0.914108
8896,0.681486
8897,0.956086
8898,0.736712
8899,0.711132
8900,0.888915
8901,0.195972
8902,0.074935
8903,0.768308
8904,0.927566
8905,0.448661
8906,0.85169
8907,0.749384
8908,0.732084
8909,0.920523
8910,0.932677
8911,0.503176
8912,0.900386
8913,0.705002
8914,0.506431
8915,0.766636
8916,0.833043
8917,0.584781
8918,0.622233
8919,0.638527
8920,0.597562
8921,0.5983
8922,0.429082
8923,0.601823
8924,0.73499
8925,0.44747
8926,0.917327
8927,0.672463
8928,0.877053
8929,0.638367
8930,0.447632
8931,0.160743
8932,0.820328
8933,0.694811
8934,0.687685
8935,0.917486
8936,0.957037
8937,0.552876
8938,0.807218
8939,0.720984
8940,0.957718
8941,0.972763
8942,0.630398
8943,0.741
8944,0.917824
8945,0.764447
8946,0.822104
8947,0.958083
8948,0.685049
8949,0.860996
8950,0.985052
8951,0.95283
8952,0.741979
8953,0.552593
8954,0.965995
8955,0.657673
8956,0.528112
8957,0.622396
8958,0.766549
8959,0.66976
8960,0.75783
8961,0.943891
8962,0.837914
8963,0.975094
8964,0.542503
8965,0.770656
8966,0.977211
8967,0.420728
8968,0.834849
8969,0.823702
8970,0.865253
8971,0.46403
8972,0.888113
8973,0.821208
8974,0.577648
8975,0.94046
8976,0.684618
8977,0.189009
8978,0.697531
8979,0.801364
8980,0.549599
8981,0.802875
8982,0.795576
8983,0.735736
8984,0.734573
8985,0.700442
8986,0.880321
8987,0.644066
8988,0.525149
8989,0.731393
8990,0.837056
8991,0.845335
8992,0.834311
8993,0.632258
8994,0.683431
8995,0.68949
8996,0.66424
8997,0.258107
8998,0.981597
8999,0.826319
9000,0.571023
9001,0.822934
9002,0.902833
9003,0.840207
9004,0.950439
9005,0.243051
9006,0.933847
9007,0.891789
9008,0.667915
9009,0.73021
9010,0.763242
9011,0.807265
9012,0.457609
9013,0.798961
9014,0.470109
9015,0.643643
9016,0.967758
9017,0.740665
9018,0.728763
9019,0.332067
9020,0.664064
9021,0.744667
9022,0.718408
9023,0.680129
9024,0.945196
9025,0.649288
9026,0.920411
9027,0.098946
9028,0.965436
9029,0.091899
9030,0.891023
9031,0.718336
9032,0.662291
9033,0.850226
9034,0.885575
9035,0.77186
9036,0.152751
9037,0.556182
9038,0.717315
9039,0.974311
9040,0.824452
9041,0.935155
9042,0.962292
9043,0.765924
9044,0.665802
9045,0.931097
9046,0.738265
9047,0.72113
9048,0.730306
9049,0.727706
9050,0.834064
9051,0.814916
9052,0.722671
9053,0.7737
9054,0.652415
9055,0.448019
9056,0.973862
9057,0.788677
9058,0.623231
9059,0.657306
9060,0.734613
9061,0.66054
9062,0.987935
9063,0.784239
9064,0.752814
9065,0.761812
9066,0.688243
9067,0.04778
9068,0.79992
9069,0.665527
9070,0.984844
9071,0.635878
9072,0.619775
9073,0.810015
9074,0.456253
9075,0.956479
9076,0.453414
9077,0.54332
9078,0.798974
9079,0.481335
9080,0.565709
9081,0.830256
9082,0.697418
9083,0.83798
9084,0.767164
9085,0.609066
9086,0.60945
9087,0.922445
9088,0.831534
9089,0.899337
9090,0.966344
9091,0.085089
9092,0.055486
9093,0.734115
9094,0.756589
9095,0.993376
9096,0.755114
9097,0.397479
9098,0.812085
9099,0.693209
9100,0.659728
9101,0.965027
9102,0.673027
9103,0.408417
9104,0.811498
9105,0.072384
9106,0.843778
9107,0.920676
9108,0.770346
9109,0.702943
9110,0.657315
9111,0.735431
9112,0.468444
9113,0.856902
9114,0.757838
9115,0.148036
9116,0.727545
9117,0.864415
9118,0.905252
9119,0.535302
9120,0.551818
9121,0.966267
9122,0.57871
9123,0.967721
9124,0.923119
9125,0.992362
9126,0.98905
9127,0.461864
9128,0.806342
9129,0.909143
9130,0.853956
9131,0.511938
9132,0.580015
9133,0.787005
9134,0.927498
9135,0.857156
9136,0.649393
9137,0.90423
9138,0.916283
9139,0.696496
9140,0.873406
9141,0.692463
9142,0.589113
9143,0.749314
9144,0.965127
9145,0.810297
9146,0.583182
9147,0.744531
9148,0.187422
9149,0.868303
9150,0.987749
9151,0.547239
9152,0.812418
9153,0.958001
9154,0.914599
9155,0.592074
9156,0.562932
9157,0.70841
9158,0.97984
9159,0.839689
9160,0.96558
9161,0.682114
9162,0.481762
9163,0.708575
9164,0.975755
9165,0.4207
9166,0.645029
9167,0.48888
9168,0.909894
9169,0.885929
9170,0.549055
9171,0.822607
9172,0.656967
9173,0.696727
9174,0.807496
9175,0.871788
9176,0.887754
9177,0.709854
9178,0.72956
9179,0.620954
9180,0.871335
9181,0.606575
9182,0.66577
9183,0.938734
9184,0.928946
9185,0.587656
9186,0.759599
9187,0.803399
9188,0.792865
9189,0.771808
9190,0.7167
9191,0.456282
9192,0.68606
9193,0.329992
9194,0.852797
9195,0.711925
9196,0.79391
9197,0.426687
9198,0.420353
9199,0.637752
9200,0.803154
9201,0.612227
9202,0.867648
9203,0.852447
9204,0.883019
9205,0.460405
9206,0.321515
9207,0.910321
9208,0.612724
9209,0.889854
9210,0.64426
9211,0.697397
9212,0.963801
9213,0.314545
9214,0.642168
9215,0.858649
9216,0.607541
9217,0.844678
9218,0.663241
9219,0.597483
9220,0.647595
9221,0.382184
9222,0.805405
9223,0.889748
9224,0.440471
9225,0.834735
9226,0.794773
9227,0.621624
9228,0.668348
9229,0.971261
9230,0.903527
9231,0.830586
9232,0.971922
9233,0.053694
9234,0.839797
9235,0.707905
9236,0.751997
9237,0.444899
9238,0.630474
9239,0.723558
9240,0.608426
9241,0.858737
9242,0.506155
9243,0.985483
9244,0.736609
9245,0.495831
9246,0.83649
9247,0.617924
9248,0.516268
9249,0.665886
9250,0.773644
9251,0.496674
9252,0.76738
9253,0.825408
9254,0.88975
9255,0.923207
9256,0.980328
9257,0.378584
9258,0.982854
9259,0.974558
9260,0.470884
9261,0.736217
9262,0.707339
9263,0.871508
9264,0.568769
9265,0.541078
9266,0.919637
9267,0.808396
9268,0.860341
9269,0.634906
9270,0.992491
9271,0.887874
9272,0.974262
9273,0.596499
9274,0.810274
9275,0.570775
9276,0.628905
9277,0.932336
9278,0.777994
9279,0.892531
9280,0.774977
9281,0.863631
9282,0.671055
9283,0.942369
9284,0.904444
9285,0.894055
9286,0.899256
9287,0.072227
9288,0.599114
9289,0.925637
9290,0.876427
9291,0.638882
9292,0.874157
9293,0.878055
9294,0.72888
9295,0.797535
9296,0.870413
9297,0.596301
9298,0.905742
9299,0.600079
9300,0.970916
9301,0.484007
9302,0.269944
9303,0.68705
9304,0.89754
9305,0.185583
9306,0.845303
9307,0.162308
9308,0.763525
9309,0.823213
9310,0.425987
9311,0.717687
9312,0.614472
9313,0.92503
9314,0.899523
9315,0.893367
9316,0.720794
9317,0.664064
9318,0.695512
9319,0.874437
9320,0.69385
9321,0.939903
9322,0.73007
9323,0.450897
9324,0.750689
9325,0.72841
9326,0.925987
9327,0.800119
9328,0.725665
9329,0.971236
9330,0.77456
9331,0.652523
9332,0.755205
9333,0.739664
9334,0.405715
9335,0.795859
9336,0.697732
9337,0.664183
9338,0.909686
9339,0.787632
9340,0.883605
9341,0.813424
9342,0.803352
9343,0.721767
9344,0.397862
9345,0.584461
9346,0.740501
9347,0.445021
9348,0.78163
9349,0.757479
9350,0.731169
9351,0.609966
9352,0.657874
9353,0.679539
9354,0.919019
9355,0.73765
9356,0.671737
9357,0.913485
9358,0.901638
9359,0.673429
9360,0.464609
9361,0.649985
9362,0.641298
9363,0.564485
9364,0.706699
9365,0.806913
9366,0.791819
9367,0.69541
9368,0.746954
9369,0.72687
9370,0.842885
9371,0.86861
9372,0.63162
9373,0.528541
9374,0.821378
9375,0.849618
9376,0.802667
9377,0.752971
9378,0.960085
9379,0.915122
9380,0.488182
9381,0.890889
9382,0.872018
9383,0.703054
9384,0.804272
9385,0.915951
9386,0.654208
9387,0.950143
9388,0.965777
9389,0.448062
9390,0.34202
9391,0.60115
9392,0.833555
9393,0.951915
9394,0.975341
9395,0.584487
9396,0.40264
9397,0.665036
9398,0.169863
9399,0.675732
9400,0.962406
9401,0.848719
9402,0.942082
9403,0.228806
9404,0.983985
9405,0.704541
9406,0.796239
9407,0.896588
9408,0.889415
9409,0.836483
9410,0.962342
9411,0.688571
9412,0.976921
9413,0.895799
9414,0.662659
9415,0.969582
9416,0.872814
9417,0.664641
9418,0.74895
9419,0.720269
9420,0.927782
9421,0.761174
9422,0.528639
9423,0.918708
9424,0.687537
9425,0.730373
9426,0.832382
9427,0.908466
9428,0.969688
9429,0.954381
9430,0.98395
9431,0.950646
9432,0.82302
9433,0.718109
9434,0.763665
9435,0.439961
9436,0.654439
9437,0.458328
9438,0.815305
9439,0.692348
9440,0.809667
9441,0.680487
9442,0.837054
9443,0.801981
9444,0.931352
9445,0.536216
9446,0.778531
9447,0.881613
9448,0.625691
9449,0.568833
9450,0.965336
9451,0.960612
9452,0.104291
9453,0.955297
9454,0.538913
9455,0.965704
9456,0.932908
9457,0.911876
9458,0.923165
9459,0.750763
9460,0.842586
9461,0.78968
9462,0.731478
9463,0.820164
9464,0.68168
9465,0.817648
9466,0.906184
9467,0.725462
9468,0.736731
9469,0.914304
9470,0.913475
9471,0.048703
9472,0.799981
9473,0.625399
9474,0.583251
9475,0.953489
9476,0.783311
9477,0.793888
9478,0.953632
9479,0.959976
9480,0.524745
9481,0.770027
9482,0.88388
9483,0.633402
9484,0.535317
9485,0.736135
9486,0.091764
9487,0.751863
9488,0.963906
9489,0.667182
9490,0.611775
9491,0.854994
9492,0.56059
9493,0.79246
9494,0.689544
9495,0.686769
9496,0.399113
9497,0.686889
9498,0.623692
9499,0.798353
9500,0.985465
9501,0.864847
9502,0.381717
9503,0.744372
9504,0.669041
9505,0.509298
9506,0.759946
9507,0.598626
9508,0.983094
9509,0.48037
9510,0.692941
9511,0.726784
9512,0.64898
9513,0.878379
9514,0.91219
9515,0.623818
9516,0.58915
9517,0.451208
9518,0.853856
9519,0.673181
9520,0.925917
9521,0.804615
9522,0.646986
9523,0.612013
9524,0.547941
9525,0.902078
9526,0.685275
9527,0.939011
9528,0.912901
9529,0.922779
9530,0.916576
9531,0.698145
9532,0.835921
9533,0.555819
9534,0.70047
9535,0.561033
9536,0.53369
9537,0.780762
9538,0.895089
9539,0.749793
9540,0.952349
9541,0.665507
9542,0.791706
9543,0.425495
9544,0.625602
9545,0.90121
9546,0.850457
9547,0.826427
9548,0.814683
9549,0.656096
9550,0.70066
9551,0.923621
9552,0.984463
9553,0.679074
9554,0.659365
9555,0.94626
9556,0.62254
9557,0.681482
9558,0.619912
9559,0.621677
9560,0.903286
9561,0.780291
9562,0.644115
9563,0.980063
9564,0.713996
9565,0.756438
9566,0.958976
9567,0.836051
9568,0.677424
9569,0.916938
9570,0.623769
9571,0.920671
9572,0.935296
9573,0.830106
9574,0.710995
9575,0.438499
9576,0.729612
9577,0.803803
9578,0.886472
9579,0.895103
9580,0.556876
9581,0.878439
9582,0.833168
9583,0.598904
9584,0.984442
9585,0.791841
9586,0.617312
9587,0.675518
9588,0.976874
9589,0.883061
9590,0.391219
9591,0.939219
9592,0.508175
9593,0.610522
9594,0.934028
9595,0.601132
9596,0.62238
9597,0.244382
9598,0.819867
9599,0.858415
9600,0.719997
9601,0.740654
9602,0.695587
9603,0.743927
9604,0.553216
9605,0.718781
9606,0.679906
9607,0.401105
9608,0.784052
9609,0.755211
9610,0.821036
9611,0.526881
9612,0.982376
9613,0.659759
9614,0.632372
9615,0.7252
9616,0.899225
9617,0.897739
9618,0.881924
9619,0.662497
9620,0.595089
9621,0.457228
9622,0.88254
9623,0.878676
9624,0.81691
9625,0.666882
9626,0.985825
9627,0.816275
9628,0.950902
9629,0.248215
9630,0.482548
9631,0.947469
9632,0.80574
9633,0.873963
9634,0.805912
9635,0.853182
9636,0.922412
9637,0.664375
9638,0.805849
9639,0.578657
9640,0.630883
9641,0.706027
9642,0.555833
9643,0.614936
9644,0.649307
9645,0.777726
9646,0.508989
9647,0.730275
9648,0.617332
9649,0.956336
9650,0.630129
9651,0.981907
9652,0.900198
9653,0.600953
9654,0.967013
9655,0.620523
9656,0.957777
9657,0.682338
9658,0.616984
9659,0.78881
9660,0.764929
9661,0.468203
9662,0.971561
9663,0.575905
9664,0.971848
9665,0.627794
9666,0.854765
9667,0.908526
9668,0.692282
9669,0.495254
9670,0.843988
9671,0.7576
9672,0.747036
9673,0.873721
9674,0.781008
9675,0.598067
9676,0.84142
9677,0.976097
9678,0.879625
9679,0.570032
9680,0.083287
9681,0.443859
9682,0.813637
9683,0.654077
9684,0.64431
9685,0.827111
9686,0.796419
9687,0.873881
9688,0.901255
9689,0.059314
9690,0.786152
9691,0.816072
9692,0.885797
9693,0.889734
9694,0.732535
9695,0.842849
9696,0.723463
9697,0.537947
9698,0.721904
9699,0.676725
9700,0.613249
9701,0.224274
9702,0.696975
9703,0.891671
9704,0.547015
9705,0.972748
9706,0.461289
9707,0.356683
9708,0.625
9709,0.828611
9710,0.809269
9711,0.964324
9712,0.865062
9713,0.923948
9714,0.994428
9715,0.457048
9716,0.967137
9717,0.550266
9718,0.910357
9719,0.731061
9720,0.771257
9721,0.905945
9722,0.919072
9723,0.479479
9724,0.808308
9725,0.954906
9726,0.920851
9727,0.424498
9728,0.873217
9729,0.453973
9730,0.862704
9731,0.621791
9732,0.944654
9733,0.954501
9734,0.915332
9735,0.817177
9736,0.071053
9737,0.103899
9738,0.060112
9739,0.408344
9740,0.95774
9741,0.509388
9742,0.422775
9743,0.720276
9744,0.852607
9745,0.515831
9746,0.931481
9747,0.669102
9748,0.897154
9749,0.709355
9750,0.602159
9751,0.171615
9752,0.935897
9753,0.886618
9754,0.435867
9755,0.730792
9756,0.753192
9757,0.718152
9758,0.699626
9759,0.774407
9760,0.969071
9761,0.760364
9762,0.680467
9763,0.654856
9764,0.472256
9765,0.733582
9766,0.563309
9767,0.7481
9768,0.979778
9769,0.757434
9770,0.333629
9771,0.661318
9772,0.608474
9773,0.461964
9774,0.88654
9775,0.97309
9776,0.811523
9777,0.635085
9778,0.589716
9779,0.099397
9780,0.561667
9781,0.607784
9782,0.479053
9783,0.745311
9784,0.502653
9785,0.073932
9786,0.832474
9787,0.800596
9788,0.991442
9789,0.625614
9790,0.637639
9791,0.133744
9792,0.96532
9793,0.856818
9794,0.921138
9795,0.731896
9796,0.93252
9797,0.70723
9798,0.546817
9799,0.587036
9800,0.489604
9801,0.553281
9802,0.088705
9803,0.933887
9804,0.720051
9805,0.39031
9806,0.931929
9807,0.644611
9808,0.520007
9809,0.80626
9810,0.972769
9811,0.923582
9812,0.786917
9813,0.182412
9814,0.497691
9815,0.942638
9816,0.810765
9817,0.671555
9818,0.853339
9819,0.892109
9820,0.612008
9821,0.050244
9822,0.900514
9823,0.622258
9824,0.805876
9825,0.877766
9826,0.428113
9827,0.926955
9828,0.424759
9829,0.664049
9830,0.894379
9831,0.52777
9832,0.623951
9833,0.929963
9834,0.966127
9835,0.390022
9836,0.852186
9837,0.492323
9838,0.637921
9839,0.613222
9840,0.647142
9841,0.835788
9842,0.089153
9843,0.983766
9844,0.965637
9845,0.643185
9846,0.948317
9847,0.895906
9848,0.81264
9849,0.806316
9850,0.646407
9851,0.731824
9852,0.771387
9853,0.624926
9854,0.974106
9855,0.779492
9856,0.876599
9857,0.861968
9858,0.845243
9859,0.169439
9860,0.678494
9861,0.697799
9862,0.736446
9863,0.969053
9864,0.872088
9865,0.713165
9866,0.728106
9867,0.684635
9868,0.963569
9869,0.903775
9870,0.826238
9871,0.735282
9872,0.696366
9873,0.974038
9874,0.920099
9875,0.572114
9876,0.113673
9877,0.716736
9878,0.734992
9879,0.550239
9880,0.84061
9881,0.696434
9882,0.4063
9883,0.685988
9884,0.577115
9885,0.855611
9886,0.816312
9887,0.631598
9888,0.701309
9889,0.93562
9890,0.727636
9891,0.82332
9892,0.725946
9893,0.694571
9894,0.667574
9895,0.603994
9896,0.683014
9897,0.74895
9898,0.743942
9899,0.637012
9900,0.80002
9901,0.3382
9902,0.474411
9903,0.973787
9904,0.709583
9905,0.157552
9906,0.776262
9907,0.833226
9908,0.569253
9909,0.601573
9910,0.469918
9911,0.80031
9912,0.975425
9913,0.449097
9914,0.950247
9915,0.841264
9916,0.880573
9917,0.616087
9918,0.720007
9919,0.784819
9920,0.191282
9921,0.535788
9922,0.712545
9923,0.554755
9924,0.580505
9925,0.654058
9926,0.885305
9927,0.889379
9928,0.119139
9929,0.578332
9930,0.783398
9931,0.973539
9932,0.898433
9933,0.72408
9934,0.43108
9935,0.594186
9936,0.703548
9937,0.480002
9938,0.451402
9939,0.379151
9940,0.672663
9941,0.876103
9942,0.542522
9943,0.625942
9944,0.739267
9945,0.738036
9946,0.83318
9947,0.956133
9948,0.952872
9949,0.71501
9950,0.697908
9951,0.643435
9952,0.873685
9953,0.971408
9954,0.141608
9955,0.470579
9956,0.889014
9957,0.560951
9958,0.770403
9959,0.753701
9960,0.923173
9961,0.755547
9962,0.589191
9963,0.600795
9964,0.821196
9965,0.749254
9966,0.822331
9967,0.872477
9968,0.953255
9969,0.961848
9970,0.279649
9971,0.807961
9972,0.776468
9973,0.691859
9974,0.645983
9975,0.640738
9976,0.897437
9977,0.029702
9978,0.669914
9979,0.915889
9980,0.857912
9981,0.747005
9982,0.698338
9983,0.716072
9984,0.603457
9985,0.843987
9986,0.599831
9987,0.427212
9988,0.616115
9989,0.682354
9990,0.722374
9991,0.621449
9992,0.659358
9993,0.637347
9994,0.561789
9995,0.750703
9996,0.862171
9997,0.674203
9998,0.560073
9999,0.479418
10000,0.931731
10001,0.959114
10002,0.80644
10003,0.558768
10004,0.79029
10005,0.853546
10006,0.904196
10007,0.733798
10008,0.27325
10009,0.78462
10010,0.821809
10011,0.735004
10012,0.756041
10013,0.345967
10014,0.750291
10015,0.590034
10016,0.727062
10017,0.721844
10018,0.854262
10019,0.829373
10020,0.71906
10021,0.141689
10022,0.938163
10023,0.354752
10024,0.81572
10025,0.97723
10026,0.56698
10027,0.636965
10028,0.833785
10029,0.986619
10030,0.900078
10031,0.823293
10032,0.761743
10033,0.812034
10034,0.694028
10035,0.89379
10036,0.727514
10037,0.51015
10038,0.610025
10039,0.559576
10040,0.940012
10041,0.972917
10042,0.905301
10043,0.736454
10044,0.962649
10045,0.567085
10046,0.979157
10047,0.744164
10048,0.948641
10049,0.735822
10050,0.931464
10051,0.513341
10052,0.861503
10053,0.725671
10054,0.736862
10055,0.351593
10056,0.731312
10057,0.733784
10058,0.794456
10059,0.834306
10060,0.977765
10061,0.729641
10062,0.446795
10063,0.645365
10064,0.845201
10065,0.918867
10066,0.697291
10067,0.909785
10068,0.76218
10069,0.569036
10070,0.721834
10071,0.768175
10072,0.835045
10073,0.901936
10074,0.590483
10075,0.837669
10076,0.950465
10077,0.320879
10078,0.719549
10079,0.0993
10080,0.750378
10081,0.967979
10082,0.820864
10083,0.780849
10084,0.855339
10085,0.841426
10086,0.908734
10087,0.81601
10088,0.577865
10089,0.783896
10090,0.840399
10091,0.807874
10092,0.714708
10093,0.613145
10094,0.652951
10095,0.875696
10096,0.876385
10097,0.528031
10098,0.867997
10099,0.795093
10100,0.511171
10101,0.75289
10102,0.742567
10103,0.584821
10104,0.775114
10105,0.949155
10106,0.72946
10107,0.757552
10108,0.985254
10109,0.497294
10110,0.877065
10111,0.961718
10112,0.713165
10113,0.908367
10114,0.85238
10115,0.240492
10116,0.771592
10117,0.650083
10118,0.918295
10119,0.907894
10120,0.896222
10121,0.966032
10122,0.086632
10123,0.503369
10124,0.971955
10125,0.932549
10126,0.831013
10127,0.644417
10128,0.785403
10129,0.639129
10130,0.649352
10131,0.901057
10132,0.782732
10133,0.777173
10134,0.757145
10135,0.907056
10136,0.964695
10137,0.800625
10138,0.838596
10139,0.517524
10140,0.788307
10141,0.636656
10142,0.874474
10143,0.969454
10144,0.465907
10145,0.718032
10146,0.745863
10147,0.921538
10148,0.541531
10149,0.74775
10150,0.900404
10151,0.423272
10152,0.657862
10153,0.576167
10154,0.511559
10155,0.504728
10156,0.558125
10157,0.909539
10158,0.582452
10159,0.697906
10160,0.525757
10161,0.882668
10162,0.770677
10163,0.836197
10164,0.925736
10165,0.558893
10166,0.603071
10167,0.856335
10168,0.894081
10169,0.626446
10170,0.545629
10171,0.809234
10172,0.416377
10173,0.923477
10174,0.699978
10175,0.603538
10176,0.843707
10177,0.917244
10178,0.723393
10179,0.64313
10180,0.868164
10181,0.555949
10182,0.915188
10183,0.973506
10184,0.647725
10185,0.744703
10186,0.796638
10187,0.627197
10188,0.752066
10189,0.810764
10190,0.829509
10191,0.648661
10192,0.928964
10193,0.975957
10194,0.45462
10195,0.55191
10196,0.722024
10197,0.661524
10198,0.924128
10199,0.983788
10200,0.74692
10201,0.631329
10202,0.812391
10203,0.613428
10204,0.967946
10205,0.583281
10206,0.821877
10207,0.905041
10208,0.902088
10209,0.759718
10210,0.686205
10211,0.652318
10212,0.605448
10213,0.818552
10214,0.841509
10215,0.640523
10216,0.550311
10217,0.85971
10218,0.51951
10219,0.423676
10220,0.89725
10221,0.818549
10222,0.724259
10223,0.657241
10224,0.71783
10225,0.842534
10226,0.70022
10227,0.729374
10228,0.536941
10229,0.540394
10230,0.677718
10231,0.750726
10232,0.675349
10233,0.892219
10234,0.67063
10235,0.705658
10236,0.758489
10237,0.21065
10238,0.809386
10239,0.766084
10240,0.667408
10241,0.917323
10242,0.308179
10243,0.65221
10244,0.544804
10245,0.142224
10246,0.590519
10247,0.695905
10248,0.34711
10249,0.818615
10250,0.616364
10251,0.662566
10252,0.478676
10253,0.856701
10254,0.642965
10255,0.93331
10256,0.664625
10257,0.75024
10258,0.583542
10259,0.808702
10260,0.831276
10261,0.980475
10262,0.929267
10263,0.986779
10264,0.915148
10265,0.630948
10266,0.588365
10267,0.764203
10268,0.915499
10269,0.401025
10270,0.871632
10271,0.738835
10272,0.977335
10273,0.314255
10274,0.822668
10275,0.888331
10276,0.759304
10277,0.760031
10278,0.664722
10279,0.820937
10280,0.944504
10281,0.656946
10282,0.91739
10283,0.782941
10284,0.689071
10285,0.777758
10286,0.623935
10287,0.919436
10288,0.769891
10289,0.710879
10290,0.578486
10291,0.569751
10292,0.915346
10293,0.660028
10294,0.857503
10295,0.557236
10296,0.906262
10297,0.81323
10298,0.791488
10299,0.071508
10300,0.548225
10301,0.378646
10302,0.964372
10303,0.869321
10304,0.53605
10305,0.807343
10306,0.71066
10307,0.093631
10308,0.892526
10309,0.8948
10310,0.9185
10311,0.597068
10312,0.828571
10313,0.490681
10314,0.893784
10315,0.877227
10316,0.377193
10317,0.697391
10318,0.324321
10319,0.886586
10320,0.429923
10321,0.608321
10322,0.685954
10323,0.969189
10324,0.639819
10325,0.606613
10326,0.164638
10327,0.536891
10328,0.679991
10329,0.95611
10330,0.819662
10331,0.869914
10332,0.972352
10333,0.684217
10334,0.974427
10335,0.806332
10336,0.790924
10337,0.421233
10338,0.781633
10339,0.049002
10340,0.778467
10341,0.932183
10342,0.987104
10343,0.428261
10344,0.876444
10345,0.848575
10346,0.753502
10347,0.748004
10348,0.434367
10349,0.872376
10350,0.662912
10351,0.697457
10352,0.789912
10353,0.77605
10354,0.64442
10355,0.985253
10356,0.654756
10357,0.708231
10358,0.876105
10359,0.876571
10360,0.773411
10361,0.911442
10362,0.368188
10363,0.903673
10364,0.761768
10365,0.377813
10366,0.625288
10367,0.939027
10368,0.705606
10369,0.873877
10370,0.848929
10371,0.6318
10372,0.965377
10373,0.615195
10374,0.936828
10375,0.741697
10376,0.483104
10377,0.533107
10378,0.762357
10379,0.722791
10380,0.605797
10381,0.782722
10382,0.878118
10383,0.715088
10384,0.735671
10385,0.73858
10386,0.66928
10387,0.984642
10388,0.132156
10389,0.637675
10390,0.844187
10391,0.45884
10392,0.595906
10393,0.910695
10394,0.474834
10395,0.809327
10396,0.680551
10397,0.89006
10398,0.811369
10399,0.947965
10400,0.585692
10401,0.756042
10402,0.870703
10403,0.539573
10404,0.441284
10405,0.600305
10406,0.741583
10407,0.550862
10408,0.685118
10409,0.938016
10410,0.306089
10411,0.792181
10412,0.791653
10413,0.85676
10414,0.941368
10415,0.35301
10416,0.846539
10417,0.79558
10418,0.454752
10419,0.922275
10420,0.761731
10421,0.685645
10422,0.866369
10423,0.871255
10424,0.802809
10425,0.989173
10426,0.534799
10427,0.705902
10428,0.537623
10429,0.823597
10430,0.974461
10431,0.713348
10432,0.780523
10433,0.702027
10434,0.953665
10435,0.777885
10436,0.614011
10437,0.89765
10438,0.898139
10439,0.928922
10440,0.46307
10441,0.720564
10442,0.891803
10443,0.738023
10444,0.689243
10445,0.790411
10446,0.867971
10447,0.783681
10448,0.443232
10449,0.836692
10450,0.813896
10451,0.667255
10452,0.296679
10453,0.575817
10454,0.937168
10455,0.785281
10456,0.611132
10457,0.516038
10458,0.845248
10459,0.974845
10460,0.434367
10461,0.927719
10462,0.638034
10463,0.279002
10464,0.723133
10465,0.954136
10466,0.466781
10467,0.107376
10468,0.960009
10469,0.660419
10470,0.88192
10471,0.911847
10472,0.56209
10473,0.660504
10474,0.890982
10475,0.846809
10476,0.763255
10477,0.903952
10478,0.949226
10479,0.559305
10480,0.800853
10481,0.768397
10482,0.797126
10483,0.71281
10484,0.888976
10485,0.913387
10486,0.986008
10487,0.575407
10488,0.928618
10489,0.806576
10490,0.898922
10491,0.721743
10492,0.580908
10493,0.731906
10494,0.531451
10495,0.835272
10496,0.877513
10497,0.611617
10498,0.661416
10499,0.129707
10500,0.506936
10501,0.506144
10502,0.670752
10503,0.639779
10504,0.709936
10505,0.84195
10506,0.947409
10507,0.764472
10508,0.684665
10509,0.689725
10510,0.701225
10511,0.615591
10512,0.582668
10513,0.895923
10514,0.564556
10515,0.935629
10516,0.690678
10517,0.987482
10518,0.950998
10519,0.798219
10520,0.55319
10521,0.531591
10522,0.642072
10523,0.681485
10524,0.739711
10525,0.968564
10526,0.893047
10527,0.991381
10528,0.559567
10529,0.585331
10530,0.870349
10531,0.969392
10532,0.981122
10533,0.881599
10534,0.814996
10535,0.950738
10536,0.762856
10537,0.830453
10538,0.827706
10539,0.761785
10540,0.981703
10541,0.868807
10542,0.282055
10543,0.742738
10544,0.793747
10545,0.582895
10546,0.979101
10547,0.579649
10548,0.68829
10549,0.604766
10550,0.633516
10551,0.820962
10552,0.895779
10553,0.498004
10554,0.704925
10555,0.338058
10556,0.718069
10557,0.617655
10558,0.517878
10559,0.544139
10560,0.097514
10561,0.823295
10562,0.97617
10563,0.75026
10564,0.491492
10565,0.980707
10566,0.741113
10567,0.911756
10568,0.692062
10569,0.572964
10570,0.896023
10571,0.701284
10572,0.440667
10573,0.958565
10574,0.96221
10575,0.830089
10576,0.630308
10577,0.799798
10578,0.974144
10579,0.927366
10580,0.717554
10581,0.608905
10582,0.752828
10583,0.803719
10584,0.95325
10585,0.904425
10586,0.670292
10587,0.691662
10588,0.801577
10589,0.7577
10590,0.815847
10591,0.619298
10592,0.93519
10593,0.85503
10594,0.848486
10595,0.778739
10596,0.762341
10597,0.437166
10598,0.935933
10599,0.65425
10600,0.057549
10601,0.63282
10602,0.615732
10603,0.955846
10604,0.711447
10605,0.939412
10606,0.683527
10607,0.819381
10608,0.745691
10609,0.517181
10610,0.757906
10611,0.869451
10612,0.520506
10613,0.953866
10614,0.837322
10615,0.402887
10616,0.53579
10617,0.372289
10618,0.714619
10619,0.875025
10620,0.596659
10621,0.802229
10622,0.663236
10623,0.760299
10624,0.054544
10625,0.641261
10626,0.5164
10627,0.878321
10628,0.836643
10629,0.886395
10630,0.878853
10631,0.635169
10632,0.685129
10633,0.770446
10634,0.900079
10635,0.727622
10636,0.986297
10637,0.534485
10638,0.672702
10639,0.742574
10640,0.765264
10641,0.66524
10642,0.069761
10643,0.874367
10644,0.97449
10645,0.078208
10646,0.826366
10647,0.263068
10648,0.62187
10649,0.79426
10650,0.701577
10651,0.561018
10652,0.952524
10653,0.764472
10654,0.569625
10655,0.652123
10656,0.392588
10657,0.419574
10658,0.895657
10659,0.172333
10660,0.431912
10661,0.835812
10662,0.808864
10663,0.209664
10664,0.780775
10665,0.665852
10666,0.562582
10667,0.454634
10668,0.819403
10669,0.749811
10670,0.7887
10671,0.943966
10672,0.620681
10673,0.782974
10674,0.581434
10675,0.884759
10676,0.974974
10677,0.552463
10678,0.873876
10679,0.984497
10680,0.367336
10681,0.543916
10682,0.43251
10683,0.637761
10684,0.818067
10685,0.895668
10686,0.920903
10687,0.640027
10688,0.664238
10689,0.922679
10690,0.201322
10691,0.072799
10692,0.667198
10693,0.762935
10694,0.615155
10695,0.699204
10696,0.762421
10697,0.945802
10698,0.66458
10699,0.60294
10700,0.623825
10701,0.979802
10702,0.871414
10703,0.785833
10704,0.690702
10705,0.640678
10706,0.691231
10707,0.701735
10708,0.657859
10709,0.811318
10710,0.59044
10711,0.94189
10712,0.545975
10713,0.623275
10714,0.645392
10715,0.576511
10716,0.945957
10717,0.659593
10718,0.626566
10719,0.66196
10720,0.655227
10721,0.899902
10722,0.964565
10723,0.78971
10724,0.923002
10725,0.761596
10726,0.775325
10727,0.842241
10728,0.497271
10729,0.887558
10730,0.96561
10731,0.958985
10732,0.815878
10733,0.445442
10734,0.576037
10735,0.986957
10736,0.796172
10737,0.542889
10738,0.663736
10739,0.931988
10740,0.749978
10741,0.963695
10742,0.738287
10743,0.981184
10744,0.606021
10745,0.580231
10746,0.463623
10747,0.66837
10748,0.673638
10749,0.660222
10750,0.743006
10751,0.776133
10752,0.471704
10753,0.570335
10754,0.674427
10755,0.992331
10756,0.566148
10757,0.787024
10758,0.664966
10759,0.923232
10760,0.744637
10761,0.685257
10762,0.744031
10763,0.764149
10764,0.519703
10765,0.954034
10766,0.796171
10767,0.718237
10768,0.884019
10769,0.823919
10770,0.980159
10771,0.947242
10772,0.892042
10773,0.588884
10774,0.89874
10775,0.96837
10776,0.872747
10777,0.974469
10778,0.946891
10779,0.544455
10780,0.504116
10781,0.670866
10782,0.458186
10783,0.96442
10784,0.804701
10785,0.887954
10786,0.711638
10787,0.959872
10788,0.557269
10789,0.893669
10790,0.782178
10791,0.721613
10792,0.466746
10793,0.572355
10794,0.939338
10795,0.937317
10796,0.67107
10797,0.884669
10798,0.969666
10799,0.738667
10800,0.942717
10801,0.866974
10802,0.464708
10803,0.956994
10804,0.971582
10805,0.587789
10806,0.916517
10807,0.348024
10808,0.976945
10809,0.942502
10810,0.609952
10811,0.861093
10812,0.716132
10813,0.684264
10814,0.951033
10815,0.464144
10816,0.635057
10817,0.679715
10818,0.769255
10819,0.802025
10820,0.362658
10821,0.981618
10822,0.69205
10823,0.985548
10824,0.839622
10825,0.823114
10826,0.944724
10827,0.808253
10828,0.838553
10829,0.455098
10830,0.674456
10831,0.608501
10832,0.781142
10833,0.955165
10834,0.592321
10835,0.568429
10836,0.675526
10837,0.558475
10838,0.810066
10839,0.735833
10840,0.788322
10841,0.92643
10842,0.760702
10843,0.638171
10844,0.756936
10845,0.594716
10846,0.792496
10847,0.848092
10848,0.909582
10849,0.897283
10850,0.893936
10851,0.39989
10852,0.684155
10853,0.795323
10854,0.531187
10855,0.616756
10856,0.711005
10857,0.914734
10858,0.736777
10859,0.671614
10860,0.769564
10861,0.971456
10862,0.560938
10863,0.910842
10864,0.663236
10865,0.622663
10866,0.833229
10867,0.920792
10868,0.901463
10869,0.866397
10870,0.612958
10871,0.419255
10872,0.764047
10873,0.218162
10874,0.717929
10875,0.700477
10876,0.649903
10877,0.903723
10878,0.743433
10879,0.970513
10880,0.640418
10881,0.958805
10882,0.668195
10883,0.806762
10884,0.791854
10885,0.595927
10886,0.982667
10887,0.623823
10888,0.841772
10889,0.334392
10890,0.964779
10891,0.565394
10892,0.645308
10893,0.800398
10894,0.983811
10895,0.905254
10896,0.788457
10897,0.885396
10898,0.671106
10899,0.842822
10900,0.814645
10901,0.426967
10902,0.739195
10903,0.489226
10904,0.796009
10905,0.739183
10906,0.600881
10907,0.398899
10908,0.521849
10909,0.671924
10910,0.872968
10911,0.837615
10912,0.236073
10913,0.318423
10914,0.66109
10915,0.788657
10916,0.6454
10917,0.946704
10918,0.728417
10919,0.857091
10920,0.801471
10921,0.895893
10922,0.730639
10923,0.719527
10924,0.723788
10925,0.662167
10926,0.633385
10927,0.810579
10928,0.682691
10929,0.470153
10930,0.912516
10931,0.883756
10932,0.883049
10933,0.875306
10934,0.442953
10935,0.676998
10936,0.656141
10937,0.917627
10938,0.812735
10939,0.932571
10940,0.791816
10941,0.656654
10942,0.678169
10943,0.959424
10944,0.810142
10945,0.849633
10946,0.710756
10947,0.673122
10948,0.523166
10949,0.802338
10950,0.945685
10951,0.750914
10952,0.788243
10953,0.843951
10954,0.684582
10955,0.436723
10956,0.711746
10957,0.704246
10958,0.777651
10959,0.93208
10960,0.79344
10961,0.914787
10962,0.752385
10963,0.201312
10964,0.91328
10965,0.853172
10966,0.742757
10967,0.865827
10968,0.779167
10969,0.927255
10970,0.445902
10971,0.825036
10972,0.891449
10973,0.667453
10974,0.792601
10975,0.889422
10976,0.778719
10977,0.777876
10978,0.361165
10979,0.544096
10980,0.962605
10981,0.871576
10982,0.67117
10983,0.825721
10984,0.499319
10985,0.195835
10986,0.871985
10987,0.590355
10988,0.889709
10989,0.595552
10990,0.669481
10991,0.630461
10992,0.769636
10993,0.936358
10994,0.765755
10995,0.365666
10996,0.939137
10997,0.446646
10998,0.698865
10999,0.878182
11000,0.140902
11001,0.341301
11002,0.597247
11003,0.879149
11004,0.438043
11005,0.74518
11006,0.662872
11007,0.69304
11008,0.789576
11009,0.768747
11010,0.865282
11011,0.618393
11012,0.629487
11013,0.604396
11014,0.445802
11015,0.711032
11016,0.805348
11017,0.561468
11018,0.882234
11019,0.539471
11020,0.936744
11021,0.753757
11022,0.737908
11023,0.913439
11024,0.744114
11025,0.888358
11026,0.884211
11027,0.276582
11028,0.624662
11029,0.890287
11030,0.839352
11031,0.908606
11032,0.549538
11033,0.812412
11034,0.518669
11035,0.840773
11036,0.880598
11037,0.578143
11038,0.814012
11039,0.768305
11040,0.783748
11041,0.920672
11042,0.927363
11043,0.757543
11044,0.588039
11045,0.861985
11046,0.792471
11047,0.479747
11048,0.63769
11049,0.079206
11050,0.554271
11051,0.1737
11052,0.922584
11053,0.759914
11054,0.918527
11055,0.94589
11056,0.540391
11057,0.558967
11058,0.517741
11059,0.77355
11060,0.077688
11061,0.779692
11062,0.127014
11063,0.737475
11064,0.534671
11065,0.815999
11066,0.749164
11067,0.292305
11068,0.416837
11069,0.926942
11070,0.980835
11071,0.71185
11072,0.714698
11073,0.752962
11074,0.471273
11075,0.852526
11076,0.979752
11077,0.840587
11078,0.971836
11079,0.709167
11080,0.725018
11081,0.78714
11082,0.527774
11083,0.415812
11084,0.896743
11085,0.635176
11086,0.260787
11087,0.832854
11088,0.381245
11089,0.903062
11090,0.941981
11091,0.376427
11092,0.753253
11093,0.646495
11094,0.457065
11095,0.878554
11096,0.658239
11097,0.529512
11098,0.811555
11099,0.947356
11100,0.758753
11101,0.77329
11102,0.894855
11103,0.841844
11104,0.845487
11105,0.619694
11106,0.836728
11107,0.063642
11108,0.937082
11109,0.71498
11110,0.598447
11111,0.972305
11112,0.671418
11113,0.570979
11114,0.68496
11115,0.759328
11116,0.65099
11117,0.761441
11118,0.478227
11119,0.965006
11120,0.613086
11121,0.96208
11122,0.808503
11123,0.956623
11124,0.639094
11125,0.396217
11126,0.3401
11127,0.870704
11128,0.852669
11129,0.695774
11130,0.720477
11131,0.349342
11132,0.502078
11133,0.690017
11134,0.392951
11135,0.94711
11136,0.869464
11137,0.851026
11138,0.657932
11139,0.648959
11140,0.22806
11141,0.891657
11142,0.955484
11143,0.924954
11144,0.868376
11145,0.768557
11146,0.87741
11147,0.424281
11148,0.617585
11149,0.663882
11150,0.813085
11151,0.470887
11152,0.842707
11153,0.877125
11154,0.839464
11155,0.984293
11156,0.874212
11157,0.751648
11158,0.152171
11159,0.960714
11160,0.896379
11161,0.576329
11162,0.036842
11163,0.527709
11164,0.944686
11165,0.63183
11166,0.839731
11167,0.787573
11168,0.918833
11169,0.865707
11170,0.790488
11171,0.974596
11172,0.785728
11173,0.762388
11174,0.12185
11175,0.483155
11176,0.578476
11177,0.798273
11178,0.643352
11179,0.756045
11180,0.623727
11181,0.791854
11182,0.466201
11183,0.764886
11184,0.747145
11185,0.694243
11186,0.591418
11187,0.596617
11188,0.949533
11189,0.566864
11190,0.888766
11191,0.829805
11192,0.977581
11193,0.669247
11194,0.749227
11195,0.932253
11196,0.935363
11197,0.909317
11198,0.959381
11199,0.740204
11200,0.771059
11201,0.930643
11202,0.87113
11203,0.643988
11204,0.676078
11205,0.880093
11206,0.95456
11207,0.578675
11208,0.759406
11209,0.799763
11210,0.83452
11211,0.566638
11212,0.665453
11213,0.657918
11214,0.624299
11215,0.610721
11216,0.550337
11217,0.925105
11218,0.777117
11219,0.868979
11220,0.721322
11221,0.869633
11222,0.599277
11223,0.837053
11224,0.742255
11225,0.479684
11226,0.783636
11227,0.429571
11228,0.892066
11229,0.734305
11230,0.784136
11231,0.701775
11232,0.619938
11233,0.794959
11234,0.664633
11235,0.754494
11236,0.978796
11237,0.652496
11238,0.674878
11239,0.672807
11240,0.706868
11241,0.617877
11242,0.774299
11243,0.622424
11244,0.752333
11245,0.710879
11246,0.28747
11247,0.783065
11248,0.877175
11249,0.981101
11250,0.649756
11251,0.886701
11252,0.714211
11253,0.58367
11254,0.63256
11255,0.743332
11256,0.709423
11257,0.982168
11258,0.667581
11259,0.731709
11260,0.776152
11261,0.878646
11262,0.790782
11263,0.774908
11264,0.732948
11265,0.965608
11266,0.973258
11267,0.538713
11268,0.68507
11269,0.580826
11270,0.971993
11271,0.818079
11272,0.912405
11273,0.894481
11274,0.635282
11275,0.931833
11276,0.548976
11277,0.554824
11278,0.747797
11279,0.821005
11280,0.863458
11281,0.751764
11282,0.64154
11283,0.805734
11284,0.662254
11285,0.947238
11286,0.951639
11287,0.760381
11288,0.944115
11289,0.96344
11290,0.678013
11291,0.910078
11292,0.919374
11293,0.750624
11294,0.634474
11295,0.905397
11296,0.711642
11297,0.343809
11298,0.650547
11299,0.761441
11300,0.589076
11301,0.639535
11302,0.651842
11303,0.864876
11304,0.870217
11305,0.112029
11306,0.411613
11307,0.934402
11308,0.757294
11309,0.762376
11310,0.833956
11311,0.756613
11312,0.464065
11313,0.92471
11314,0.356859
11315,0.771255
11316,0.381638
11317,0.478524
11318,0.451668
11319,0.775273
11320,0.183754
11321,0.836332
11322,0.477785
11323,0.785747
11324,0.554204
11325,0.645798
11326,0.979305
11327,0.726876
11328,0.601937
11329,0.90983
11330,0.696209
11331,0.867865
11332,0.875369
11333,0.764654
11334,0.799138
11335,0.970243
11336,0.779317
11337,0.60868
11338,0.848747
11339,0.909954
11340,0.90508
11341,0.508606
11342,0.59396
11343,0.854713
11344,0.377827
11345,0.794664
11346,0.910767
11347,0.93935
11348,0.732025
11349,0.463709
11350,0.71165
11351,0.976924
11352,0.717955
11353,0.75711
11354,0.608269
11355,0.892979
11356,0.639688
11357,0.633272
11358,0.791374
11359,0.958844
11360,0.635246
11361,0.359276
11362,0.604968
11363,0.77614
11364,0.673103
11365,0.8709
11366,0.775343
11367,0.73853
11368,0.794148
11369,0.895554
11370,0.523477
11371,0.828889
11372,0.127269
11373,0.660614
11374,0.675741
11375,0.931555
11376,0.927391
11377,0.559295
11378,0.907592
11379,0.616747
11380,0.641524
11381,0.484725
11382,0.623849
11383,0.923342
11384,0.702206
11385,0.304616
11386,0.690633
11387,0.839914
11388,0.965857
11389,0.234122
11390,0.91887
11391,0.700309
11392,0.754137
11393,0.900384
11394,0.730413
11395,0.982168
11396,0.582594
11397,0.907336
11398,0.744842
11399,0.619231
11400,0.760012
11401,0.261288
11402,0.886461
11403,0.858366
11404,0.743633
11405,0.714326
11406,0.991705
11407,0.619866
11408,0.920931
11409,0.795657
11410,0.665482
11411,0.656925
11412,0.362732
11413,0.484656
11414,0.488437
11415,0.851539
11416,0.677336
11417,0.752552
11418,0.767279
11419,0.692214
11420,0.972044
11421,0.078651
11422,0.832373
11423,0.553427
11424,0.786227
11425,0.975941
11426,0.690696
11427,0.534119
11428,0.484615
11429,0.815629
11430,0.726224
11431,0.683162
11432,0.838492
11433,0.790256
11434,0.838532
11435,0.835558
11436,0.433453
11437,0.651924
11438,0.842625
11439,0.936306
11440,0.561131
11441,0.680301
11442,0.906745
11443,0.852456
11444,0.55207
11445,0.937139
11446,0.84429
11447,0.690863
11448,0.941522
11449,0.488664
11450,0.187913
11451,0.756184
11452,0.655031
11453,0.951304
11454,0.577518
11455,0.344763
11456,0.121387
11457,0.649252
11458,0.493154
11459,0.642096
11460,0.954561
11461,0.762376
11462,0.893081
11463,0.779552
11464,0.257765
11465,0.591199
11466,0.900208
11467,0.092465
11468,0.745762
11469,0.589337
11470,0.539572
11471,0.876055
11472,0.791502
11473,0.687457
11474,0.444896
11475,0.798852
11476,0.812701
11477,0.794928
11478,0.965122
11479,0.411826
11480,0.667894
11481,0.607554
11482,0.483047
11483,0.79833
11484,0.865163
11485,0.976331
11486,0.981605
11487,0.662711
11488,0.699314
11489,0.684151
11490,0.735646
11491,0.980447
11492,0.536105
11493,0.674329
11494,0.366706
11495,0.567103
11496,0.698688
11497,0.870444
11498,0.790414
11499,0.957313
11500,0.566738
11501,0.904421
11502,0.939508
11503,0.810434
11504,0.97068
11505,0.624865
11506,0.905274
11507,0.634184
11508,0.156966
11509,0.919079
11510,0.748544
11511,0.043623
11512,0.806361
11513,0.941944
11514,0.912238
11515,0.588335
11516,0.975501
11517,0.960236
11518,0.71354
11519,0.900229
11520,0.823327
11521,0.952499
11522,0.856129
11523,0.859041
11524,0.611303
11525,0.418921
11526,0.972866
11527,0.724352
11528,0.929174
11529,0.930373
11530,0.562557
11531,0.639546
11532,0.952622
11533,0.910959
11534,0.729869
11535,0.868902
11536,0.931451
11537,0.94556
11538,0.724152
11539,0.487361
11540,0.058087
11541,0.926482
11542,0.929372
11543,0.7445
11544,0.680773
11545,0.502673
11546,0.936228
11547,0.667052
11548,0.549696
11549,0.948929
11550,0.74224
11551,0.64707
11552,0.49184
11553,0.511872
11554,0.899405
11555,0.638468
11556,0.793288
11557,0.344262
11558,0.296447
11559,0.535124
11560,0.676387
11561,0.625956
11562,0.499645
11563,0.839893
11564,0.842975
11565,0.906572
11566,0.491425
11567,0.897036
11568,0.977804
11569,0.973696
11570,0.817322
11571,0.853302
11572,0.748508
11573,0.217282
11574,0.828151
11575,0.587974
11576,0.923642
11577,0.965983
11578,0.96844
11579,0.808651
11580,0.823222
11581,0.482714
11582,0.648897
11583,0.54685
11584,0.521406
11585,0.7953
11586,0.546753
11587,0.315137
11588,0.713109
11589,0.734344
11590,0.871536
11591,0.878084
11592,0.424928
11593,0.658848
11594,0.563708
11595,0.724226
11596,0.860583
11597,0.684513
11598,0.964189
11599,0.579687
11600,0.265108
11601,0.790962
11602,0.718138
11603,0.786925
11604,0.821731
11605,0.555936
11606,0.866758
11607,0.767026
11608,0.961989
11609,0.526729
11610,0.82334
11611,0.597319
11612,0.77411
11613,0.65294
11614,0.981977
11615,0.605427
11616,0.687581
11617,0.773407
11618,0.957505
11619,0.870042
11620,0.831531
11621,0.759191
11622,0.977814
11623,0.640505
11624,0.744673
11625,0.38832
11626,0.464327
11627,0.509591
11628,0.863225
11629,0.784597
11630,0.666779
11631,0.874194
11632,0.976495
11633,0.638513
11634,0.694277
11635,0.615672
11636,0.97349
11637,0.636156
11638,0.962214
11639,0.729749
11640,0.785979
11641,0.941401
11642,0.556223
11643,0.727905
11644,0.503224
11645,0.839825
11646,0.9176
11647,0.751235
11648,0.802809
11649,0.876193
11650,0.97464
11651,0.694785
11652,0.848801
11653,0.624414
11654,0.411503
11655,0.689891
11656,0.833116
11657,0.833569
11658,0.879039
11659,0.947463
11660,0.474019
11661,0.54917
11662,0.628652
11663,0.805804
11664,0.589284
11665,0.902128
11666,0.716942
11667,0.608074
11668,0.524681
11669,0.496268
11670,0.786977
11671,0.835071
11672,0.851336
11673,0.76004
11674,0.868331
11675,0.772258
11676,0.929012
11677,0.71662
11678,0.882593
11679,0.121103
11680,0.893116
11681,0.956242
11682,0.720054
11683,0.52332
11684,0.967683
11685,0.893924
11686,0.919789
11687,0.571916
11688,0.86237
11689,0.768718
11690,0.604615
11691,0.146673
11692,0.953302
11693,0.984939
11694,0.606209
11695,0.918937
11696,0.903884
11697,0.910956
11698,0.726575
11699,0.981591
11700,0.975555
11701,0.965505
11702,0.741586
11703,0.738488
11704,0.763371
11705,0.754649
11706,0.685735
11707,0.980893
11708,0.948738
11709,0.90423
11710,0.790751
11711,0.906203
11712,0.810525
11713,0.854534
11714,0.368653
11715,0.651902
11716,0.877589
11717,0.911854
11718,0.973953
11719,0.787049
11720,0.809173
11721,0.799957
11722,0.880283
11723,0.776634
11724,0.921664
11725,0.728769
11726,0.241641
11727,0.681426
11728,0.926853
11729,0.364899
11730,0.919091
11731,0.54548
11732,0.903792
11733,0.689163
11734,0.91187
11735,0.826779
11736,0.647644
11737,0.900413
11738,0.541093
11739,0.831869
11740,0.890446
11741,0.799526
11742,0.700461
11743,0.984068
11744,0.83321
11745,0.796501
11746,0.308191
11747,0.584522
11748,0.728293
11749,0.569735
11750,0.875501
11751,0.90117
11752,0.796021
11753,0.840072
11754,0.516926
11755,0.428856
11756,0.770867
11757,0.990003
11758,0.700877
11759,0.635595
11760,0.870465
11761,0.828356
11762,0.483918
11763,0.980053
11764,0.701131
11765,0.977431
11766,0.562436
11767,0.359498
11768,0.948824
11769,0.649243
11770,0.630893
11771,0.616122
11772,0.789516
11773,0.698501
11774,0.749947
11775,0.503874
11776,0.49033
11777,0.984321
11778,0.95901
11779,0.725861
11780,0.757225
11781,0.889437
11782,0.934096
11783,0.707348
11784,0.870245
11785,0.880848
11786,0.7332
11787,0.930053
11788,0.71214
11789,0.622657
11790,0.533131
11791,0.610896
11792,0.812841
11793,0.730997
11794,0.525876
11795,0.713555
11796,0.905333
11797,0.029444
11798,0.714648
11799,0.684901
11800,0.771163
11801,0.849961
11802,0.966812
11803,0.709563
11804,0.968524
11805,0.770429
11806,0.413507
11807,0.570693
11808,0.65347
11809,0.483728
11810,0.033186
11811,0.640421
11812,0.923335
11813,0.859412
11814,0.778992
11815,0.758414
11816,0.979271
11817,0.509482
11818,0.709127
11819,0.950246
11820,0.769749
11821,0.636275
11822,0.790595
11823,0.912773
11824,0.836938
11825,0.657466
11826,0.814279
11827,0.95095
11828,0.689117
11829,0.609998
11830,0.530778
11831,0.960218
11832,0.632517
11833,0.634749
11834,0.649857
11835,0.943954
11836,0.908745
11837,0.866433
11838,0.914206
11839,0.658184
11840,0.535441
11841,0.885814
11842,0.622299
11843,0.669414
11844,0.859838
11845,0.906095
11846,0.779572
11847,0.686721
11848,0.958623
11849,0.740772
11850,0.713465
11851,0.393202
11852,0.620937
11853,0.969272
11854,0.563418
11855,0.82155
11856,0.641119
11857,0.899223
11858,0.807115
11859,0.917915
11860,0.609993
11861,0.781007
11862,0.780662
11863,0.645874
11864,0.764496
11865,0.785142
11866,0.53342
11867,0.600373
11868,0.801437
11869,0.876558
11870,0.929237
11871,0.489565
11872,0.873283
11873,0.937045
11874,0.610412
11875,0.804003
11876,0.713305
11877,0.971373
11878,0.60957
11879,0.866436
11880,0.895439
11881,0.902802
11882,0.090573
11883,0.946091
11884,0.989093
11885,0.717452
11886,0.767894
11887,0.89723
11888,0.96668
11889,0.789519
11890,0.889568
11891,0.716422
11892,0.880494
11893,0.8104
11894,0.607885
11895,0.613818
11896,0.683369
11897,0.806611
11898,0.690441
11899,0.085143
11900,0.831171
11901,0.914698
11902,0.742301
11903,0.467832
11904,0.933917
11905,0.942633
11906,0.775491
11907,0.725277
11908,0.723761
11909,0.676029
11910,0.722341
11911,0.835535
11912,0.498604
11913,0.428336
11914,0.70311
11915,0.896291
11916,0.689552
11917,0.622288
11918,0.669999
11919,0.942753
11920,0.765001
11921,0.749063
11922,0.776237
11923,0.665745
11924,0.796031
11925,0.455774
11926,0.519748
11927,0.083622
11928,0.408214
11929,0.661946
11930,0.87847
11931,0.657629
11932,0.532179
11933,0.666461
11934,0.722222
11935,0.670585
11936,0.943866
11937,0.848061
11938,0.671943
11939,0.805599
11940,0.869436
11941,0.514841
11942,0.726291
11943,0.35789
11944,0.718097
11945,0.482715
11946,0.568171
11947,0.686076
11948,0.392184
11949,0.793075
11950,0.813827
11951,0.81409
11952,0.764905
11953,0.694583
11954,0.704529
11955,0.659094
11956,0.911858
11957,0.613184
11958,0.979501
11959,0.751787
11960,0.602003
11961,0.930301
11962,0.745401
11963,0.068256
11964,0.756793
11965,0.654689
11966,0.895067
11967,0.39071
11968,0.750417
11969,0.736383
11970,0.410695
11971,0.695368
11972,0.63053
11973,0.878093
11974,0.718579
11975,0.704152
11976,0.755679
11977,0.685444
11978,0.711239
11979,0.512564
11980,0.717387
11981,0.565541
11982,0.571837
11983,0.90617
11984,0.758814
11985,0.732529
11986,0.672346
11987,0.598411
11988,0.542009
11989,0.048707
11990,0.724625
11991,0.816218
11992,0.632339
11993,0.861327
11994,0.903352
11995,0.207888
11996,0.765233
11997,0.518726
11998,0.917696
11999,0.63101
12000,0.589748
12001,0.667815
12002,0.794522
12003,0.948109
12004,0.711835
12005,0.692545
12006,0.888967
12007,0.913679
12008,0.680166
12009,0.769723
12010,0.510034
12011,0.513269
12012,0.6464
12013,0.673836
12014,0.70643
12015,0.544407
12016,0.668604
12017,0.98901
12018,0.780201
12019,0.847861
12020,0.95216
12021,0.598773
12022,0.410079
12023,0.647545
12024,0.472159
12025,0.849368
12026,0.489344
12027,0.397505
12028,0.759916
12029,0.425213
12030,0.58813
12031,0.755185
12032,0.658755
12033,0.912672
12034,0.618776
12035,0.91885
12036,0.799717
12037,0.934493
12038,0.464841
12039,0.698342
12040,0.361589
12041,0.692722
12042,0.872599
12043,0.597495
12044,0.595029
12045,0.694262
12046,0.570655
12047,0.625975
12048,0.87709
12049,0.843865
12050,0.550025
12051,0.959907
12052,0.606678
12053,0.91219
12054,0.71623
12055,0.854625
12056,0.70051
12057,0.771496
12058,0.878351
12059,0.704945
12060,0.793682
12061,0.870475
12062,0.702537
12063,0.758424
12064,0.450353
12065,0.92359
12066,0.521658
12067,0.682091
12068,0.754567
12069,0.538704
12070,0.679835
12071,0.19092
12072,0.7599
12073,0.444913
12074,0.814836
12075,0.607791
12076,0.245552
12077,0.725664
12078,0.795607
12079,0.727095
12080,0.067303
12081,0.495618
12082,0.910528
12083,0.869725
12084,0.680155
12085,0.57155
12086,0.290811
12087,0.577206
12088,0.776662
12089,0.680635
12090,0.616909
12091,0.814064
12092,0.634421
12093,0.540434
12094,0.97283
12095,0.78686
12096,0.04551
12097,0.705703
12098,0.789324
12099,0.528504
12100,0.650515
12101,0.680073
12102,0.963851
12103,0.715518
12104,0.369846
12105,0.375957
12106,0.845899
12107,0.599952
12108,0.62951
12109,0.844558
12110,0.800345
12111,0.437214
12112,0.712567
12113,0.575454
12114,0.765644
12115,0.741667
12116,0.866182
12117,0.900676
12118,0.930048
12119,0.62946
12120,0.735065
12121,0.816395
12122,0.787117
12123,0.758738
12124,0.72736
12125,0.445549
12126,0.903582
12127,0.542413
12128,0.875104
12129,0.711375
12130,0.616728
12131,0.800509
12132,0.701362
12133,0.79404
12134,0.805264
12135,0.867673
12136,0.658473
12137,0.476074
12138,0.134402
12139,0.46621
12140,0.663209
12141,0.693799
12142,0.653121
12143,0.914137
12144,0.933456
12145,0.560926
12146,0.678258
12147,0.478033
12148,0.877306
12149,0.824824
12150,0.88674
12151,0.136236
12152,0.937742
12153,0.753101
12154,0.792683
12155,0.911196
12156,0.688125
12157,0.653777
12158,0.895388
12159,0.795121
12160,0.979918
12161,0.756505
12162,0.573115
12163,0.939867
12164,0.587014
12165,0.808648
12166,0.978034
12167,0.651419
12168,0.591309
12169,0.774942
12170,0.887516
12171,0.68866
12172,0.86938
12173,0.647763
12174,0.936117
12175,0.048196
12176,0.917478
12177,0.914287
12178,0.811131
12179,0.611822
12180,0.846735
12181,0.661479
12182,0.526264
12183,0.885197
12184,0.614044
12185,0.703569
12186,0.76722
12187,0.658778
12188,0.986053
12189,0.300365
12190,0.845793
12191,0.603051
12192,0.992497
12193,0.80981
12194,0.849376
12195,0.887859
12196,0.862391
12197,0.871492
12198,0.939518
12199,0.900449
12200,0.63979
12201,0.568731
12202,0.928059
12203,0.921896
12204,0.602503
12205,0.828909
12206,0.749059
12207,0.900147
12208,0.655652
12209,0.908712
12210,0.936509
12211,0.743128
12212,0.913897
12213,0.754028
12214,0.805561
12215,0.672126
12216,0.714287
12217,0.918637
12218,0.344209
12219,0.697501
12220,0.657159
12221,0.906497
12222,0.546233
12223,0.832232
12224,0.8651
12225,0.383288
12226,0.778309
12227,0.815917
12228,0.677933
12229,0.774027
12230,0.945848
12231,0.729858
12232,0.662129
12233,0.491553
12234,0.808927
12235,0.650129
12236,0.953053
12237,0.577028
12238,0.774825
12239,0.689299
12240,0.63909
12241,0.471016
12242,0.824122
12243,0.417672
12244,0.773642
12245,0.771755
12246,0.832843
12247,0.299866
12248,0.642821
12249,0.665256
12250,0.789695
12251,0.921177
12252,0.567284
12253,0.602863
12254,0.918594
12255,0.698606
12256,0.971854
12257,0.75196
12258,0.621611
12259,0.923287
12260,0.975957
12261,0.040873
12262,0.860761
12263,0.70146
12264,0.490679
12265,0.691545
12266,0.827977
12267,0.739186
12268,0.922149
12269,0.696277
12270,0.860922
12271,0.657645
12272,0.904142
12273,0.775714
12274,0.917634
12275,0.770728
12276,0.629854
12277,0.549915
12278,0.86542
12279,0.647807
12280,0.836754
12281,0.881423
12282,0.727087
12283,0.368297
12284,0.741889
12285,0.846027
12286,0.768355
12287,0.633942
12288,0.852605
12289,0.692479
12290,0.837893
12291,0.866351
12292,0.866154
12293,0.775382
12294,0.479841
12295,0.843232
12296,0.917296
12297,0.743421
12298,0.93483
12299,0.721152
12300,0.948075
12301,0.375128
12302,0.834675
12303,0.982553
12304,0.717668
12305,0.910068
12306,0.945566
12307,0.683641
12308,0.976309
12309,0.604804
12310,0.923892
12311,0.876965
12312,0.775512
12313,0.920502
12314,0.112508
12315,0.38184
12316,0.85306
12317,0.704318
12318,0.271695
12319,0.825971
12320,0.637522
12321,0.645785
12322,0.69539
12323,0.541744
12324,0.675177
12325,0.296097
12326,0.43323
12327,0.55527
12328,0.594942
12329,0.574748
12330,0.862834
12331,0.854421
12332,0.460437
12333,0.77642
12334,0.848657
12335,0.767863
12336,0.691413
12337,0.247088
12338,0.816134
12339,0.610819
12340,0.740938
12341,0.532516
12342,0.802802
12343,0.606114
12344,0.789816
12345,0.836674
12346,0.939401
12347,0.7966
12348,0.50883
12349,0.645857
12350,0.930335
12351,0.553889
12352,0.993096
12353,0.827357
12354,0.685416
12355,0.963447
12356,0.912665
12357,0.732635
12358,0.944435
12359,0.073629
12360,0.966447
12361,0.631846
12362,0.69192
12363,0.809509
12364,0.786149
12365,0.779453
12366,0.757119
12367,0.659573
12368,0.725043
12369,0.587612
12370,0.663643
12371,0.972205
12372,0.321678
12373,0.955003
12374,0.905531
12375,0.614656
12376,0.708638
12377,0.892671
12378,0.838234
12379,0.770494
12380,0.658719
12381,0.69349
12382,0.924365
12383,0.856324
12384,0.781803
12385,0.519329
12386,0.597302
12387,0.71313
12388,0.865914
12389,0.78875
12390,0.788336
12391,0.910187
12392,0.534625
12393,0.695774
12394,0.935226
12395,0.983226
12396,0.64772
12397,0.832834
12398,0.602697
12399,0.905613
12400,0.781032
12401,0.791521
12402,0.407343
12403,0.638376
12404,0.649439
12405,0.833627
12406,0.684908
12407,0.766747
12408,0.62522
12409,0.746563
12410,0.857771
12411,0.91654
12412,0.629339
12413,0.557374
12414,0.910306
12415,0.89901
12416,0.887668
12417,0.645326
12418,0.697192
12419,0.694223
12420,0.987661
12421,0.68196
12422,0.450237
12423,0.838376
12424,0.946521
12425,0.642382
12426,0.949426
12427,0.990673
12428,0.964959
12429,0.17702
12430,0.646082
12431,0.082081
12432,0.760296
12433,0.925261
12434,0.612044
12435,0.18259
12436,0.887541
12437,0.977975
12438,0.827154
12439,0.856357
12440,0.8698
12441,0.744397
12442,0.988515
12443,0.744114
12444,0.943475
12445,0.921388
12446,0.843288
12447,0.858269
12448,0.350927
12449,0.859205
12450,0.960347
12451,0.675487
12452,0.716038
12453,0.690079
12454,0.790824
12455,0.833551
12456,0.824086
12457,0.947121
12458,0.783753
12459,0.656548
12460,0.524886
12461,0.442705
12462,0.784189
12463,0.843629
12464,0.836167
12465,0.581171
12466,0.963556
12467,0.772418
12468,0.771025
12469,0.855884
12470,0.686198
12471,0.399429
12472,0.887838
12473,0.681611
12474,0.978344
12475,0.855512
12476,0.760886
12477,0.79739
12478,0.628212
12479,0.63578
12480,0.551244
12481,0.682125
12482,0.787513
12483,0.894459
12484,0.717252
12485,0.630152
12486,0.468484
12487,0.916026
12488,0.951855
12489,0.890284
12490,0.080433
12491,0.974313
12492,0.885184
12493,0.681242
12494,0.935947
12495,0.78246
12496,0.95648
12497,0.843755
12498,0.672352
12499,0.63465
12500,0.657293
12501,0.6231
12502,0.965478
12503,0.662176
12504,0.642571
12505,0.876729
12506,0.720216
12507,0.727589
12508,0.185457
12509,0.5486
12510,0.052362
12511,0.742655
12512,0.838568
12513,0.66339
12514,0.818564
12515,0.730251
12516,0.695697
12517,0.892269
12518,0.883159
12519,0.626923
12520,0.835712
12521,0.589419
12522,0.944195
12523,0.420024
12524,0.557653
12525,0.806286
12526,0.552395
12527,0.920188
12528,0.709008
12529,0.704547
12530,0.669008
12531,0.968593
12532,0.814505
12533,0.966975
12534,0.682281
12535,0.741727
12536,0.530221
12537,0.894785
12538,0.481347
12539,0.617614
12540,0.470923
12541,0.730285
12542,0.739823
12543,0.66283
12544,0.756922
12545,0.70828
12546,0.487787
12547,0.778488
12548,0.188838
12549,0.917111
12550,0.626132
12551,0.635104
12552,0.643223
12553,0.967102
12554,0.697429
12555,0.85959
12556,0.786834
12557,0.671106
12558,0.903956
12559,0.829799
12560,0.619182
12561,0.704543
12562,0.163373
12563,0.878742
12564,0.431791
12565,0.485163
12566,0.89682
12567,0.574597
12568,0.878828
12569,0.812914
12570,0.761162
12571,0.979983
12572,0.986993
12573,0.91975
12574,0.792995
12575,0.752521
12576,0.886066
12577,0.709075
12578,0.964767
12579,0.363612
12580,0.562554
12581,0.311206
12582,0.764797
12583,0.917018
12584,0.847316
12585,0.500992
12586,0.896802
12587,0.564733
12588,0.644221
12589,0.520311
12590,0.87687
12591,0.632032
12592,0.926279
12593,0.647682
12594,0.401951
12595,0.718597
12596,0.846557
12597,0.052547
12598,0.855235
12599,0.787885
12600,0.602631
12601,0.910249
12602,0.903592
12603,0.946274
12604,0.677536
12605,0.949279
12606,0.951464
12607,0.825246
12608,0.679357
12609,0.855187
12610,0.625847
12611,0.744686
12612,0.777938
12613,0.894818
12614,0.802705
12615,0.83195
12616,0.746161
12617,0.882568
12618,0.772862
12619,0.664994
12620,0.322467
12621,0.651911
12622,0.857415
12623,0.783926
12624,0.614497
12625,0.653026
12626,0.827783
12627,0.70635
12628,0.522895
12629,0.969442
12630,0.596248
12631,0.749968
12632,0.985313
12633,0.980706
12634,0.908262
12635,0.596333
12636,0.833132
12637,0.789697
12638,0.739435
12639,0.061999
12640,0.595811
12641,0.675348
12642,0.640015
12643,0.749443
12644,0.786713
12645,0.762483
12646,0.688177
12647,0.762637
12648,0.823151
12649,0.601558
12650,0.936283
12651,0.910286
12652,0.651485
12653,0.554831
12654,0.421053
12655,0.88524
12656,0.702801
12657,0.927266
12658,0.730692
12659,0.870668
12660,0.761467
12661,0.860518
12662,0.861416
12663,0.75855
12664,0.169844
12665,0.675311
12666,0.525495
12667,0.815528
12668,0.875813
12669,0.526851
12670,0.80467
12671,0.98639
12672,0.557655
12673,0.848318
12674,0.759262
12675,0.663885
12676,0.686449
12677,0.516603
12678,0.803849
12679,0.878135
12680,0.650807
12681,0.491842
12682,0.801318
12683,0.923643
12684,0.731991
12685,0.888341
12686,0.648556
12687,0.568642
12688,0.580224
12689,0.569229
12690,0.940427
12691,0.5762
12692,0.772898
12693,0.870221
12694,0.642931
12695,0.919205
12696,0.630235
12697,0.67716
12698,0.77211
12699,0.427891
12700,0.962481
12701,0.073117
12702,0.616756
12703,0.747331
12704,0.92443
12705,0.647781
12706,0.696751
12707,0.952137
12708,0.979212
12709,0.81774
12710,0.644267
12711,0.648077
12712,0.827595
12713,0.713997
12714,0.727447
12715,0.822831
12716,0.799202
12717,0.879639
12718,0.809348
12719,0.51592
12720,0.718203
12721,0.638979
12722,0.068897
12723,0.493114
12724,0.832164
12725,0.86937
12726,0.824343
12727,0.681627
12728,0.602152
12729,0.518283
12730,0.265214
12731,0.647611
12732,0.578847
12733,0.557423
12734,0.58719
12735,0.696771
12736,0.489655
12737,0.843017
12738,0.865327
12739,0.657277
12740,0.730536
12741,0.607624
12742,0.688091
12743,0.821578
12744,0.909268
12745,0.726757
12746,0.440683
12747,0.694526
12748,0.826443
12749,0.169006
12750,0.89637
12751,0.547944
12752,0.888614
12753,0.971922
12754,0.854834
12755,0.907329
12756,0.862594
12757,0.509924
12758,0.939884
12759,0.910647
12760,0.776821
12761,0.52121
12762,0.766539
12763,0.569865
12764,0.621006
12765,0.802368
12766,0.645988
12767,0.84497
12768,0.705508
12769,0.919176
12770,0.749198
12771,0.821682
12772,0.697138
12773,0.651676
12774,0.619625
12775,0.748273
12776,0.744276
12777,0.784882
12778,0.6572
12779,0.745188
12780,0.779182
12781,0.761424
12782,0.655752
12783,0.72431
12784,0.406943
12785,0.480752
12786,0.608496
12787,0.720277
12788,0.794854
12789,0.642939
12790,0.830203
12791,0.775188
12792,0.386931
12793,0.890492
12794,0.661985
12795,0.674571
12796,0.858759
12797,0.868642
12798,0.564003
12799,0.863642
12800,0.470541
12801,0.710413
12802,0.798271
12803,0.72986
12804,0.949974
12805,0.798862
12806,0.657075
12807,0.821984
12808,0.907032
12809,0.045924
12810,0.397411
12811,0.646677
12812,0.796616
12813,0.467773
12814,0.612961
12815,0.890228
12816,0.687463
12817,0.795135
12818,0.890587
12819,0.749854
12820,0.68904
12821,0.93579
12822,0.636207
12823,0.612259
12824,0.795277
12825,0.448954
12826,0.459173
12827,0.720832
12828,0.83406
12829,0.818714
12830,0.711586
12831,0.981864
12832,0.97703
12833,0.52252
12834,0.716692
12835,0.900714
12836,0.332655
12837,0.845015
12838,0.751393
12839,0.629583
12840,0.127553
12841,0.700904
12842,0.664736
12843,0.808018
12844,0.852272
12845,0.910495
12846,0.752592
12847,0.684087
12848,0.694518
12849,0.336312
12850,0.824567
12851,0.781031
12852,0.517903
12853,0.989458
12854,0.783716
12855,0.700032
12856,0.842517
12857,0.961697
12858,0.203486
12859,0.779291
12860,0.437642
12861,0.926157
12862,0.762969
12863,0.988638
12864,0.626149
12865,0.976972
12866,0.846375
12867,0.994746
12868,0.517949
12869,0.6023
12870,0.562614
12871,0.639783
12872,0.882679
12873,0.528483
12874,0.835119
12875,0.749407
12876,0.940823
12877,0.179796
12878,0.800358
12879,0.923306
12880,0.836831
12881,0.226283
12882,0.670377
12883,0.70176
12884,0.707435
12885,0.983807
12886,0.811711
12887,0.806539
12888,0.983446
12889,0.863018
12890,0.916126
12891,0.92062
12892,0.918763
12893,0.712571
12894,0.895484
12895,0.895009
12896,0.833002
12897,0.649491
12898,0.61114
12899,0.756634
12900,0.599786
12901,0.811793
12902,0.803935
12903,0.674907
12904,0.928179
12905,0.648572
12906,0.633843
12907,0.873574
12908,0.878864
12909,0.733419
12910,0.816063
12911,0.902842
12912,0.435366
12913,0.835493
12914,0.964759
12915,0.553316
12916,0.503118
12917,0.811881
12918,0.158968
12919,0.554392
12920,0.558075
12921,0.751034
12922,0.60248
12923,0.732259
12924,0.714005
12925,0.677783
12926,0.874711
12927,0.483095
12928,0.642685
12929,0.770315
12930,0.816762
12931,0.300122
12932,0.51687
12933,0.803943
12934,0.755804
12935,0.636512
12936,0.713926
12937,0.884414
12938,0.855548
12939,0.677531
12940,0.882853
12941,0.877903
12942,0.652718
12943,0.728654
12944,0.190655
12945,0.127913
12946,0.878828
12947,0.979214
12948,0.840863
12949,0.975904
12950,0.522247
12951,0.889583
12952,0.57636
12953,0.869532
12954,0.868208
12955,0.737162
12956,0.586321
12957,0.091932
12958,0.774098
12959,0.848588
12960,0.626379
12961,0.672423
12962,0.937326
12963,0.712393
12964,0.957585
12965,0.183338
12966,0.871964
12967,0.804308
12968,0.553689
12969,0.536359
12970,0.669597
12971,0.754251
12972,0.35362
12973,0.735654
12974,0.616718
12975,0.889829
12976,0.889661
12977,0.695487
12978,0.924504
12979,0.8887
12980,0.662802
12981,0.646209
12982,0.628731
12983,0.786797
12984,0.573793
12985,0.929991
12986,0.707172
12987,0.122604
12988,0.340865
12989,0.74741
12990,0.989206
12991,0.077174
12992,0.79154
12993,0.696259
12994,0.791626
12995,0.814138
12996,0.652409
12997,0.963647
12998,0.354359
12999,0.937716
13000,0.629824
13001,0.86631
13002,0.480498
13003,0.668493
13004,0.71172
13005,0.909103
13006,0.605348
13007,0.568955
13008,0.687204
13009,0.582916
13010,0.488657
13011,0.728825
13012,0.847265
13013,0.958435
13014,0.278134
13015,0.758586
13016,0.623947
13017,0.815223
13018,0.845214
13019,0.94741
13020,0.799295
13021,0.765232
13022,0.724067
13023,0.761671
13024,0.689545
13025,0.424516
13026,0.713067
13027,0.575829
13028,0.906575
13029,0.954275
13030,0.472976
13031,0.576129
13032,0.76939
13033,0.845766
13034,0.452834
13035,0.868987
13036,0.661736
13037,0.952721
13038,0.62737
13039,0.565846
13040,0.966614
13041,0.79122
13042,0.650789
13043,0.70166
13044,0.846725
13045,0.632667
13046,0.898887
13047,0.922829
13048,0.829273
13049,0.641351
13050,0.352503
13051,0.315453
13052,0.914815
13053,0.619615
13054,0.558498
13055,0.705683
13056,0.75192
13057,0.702869
13058,0.159108
13059,0.818194
13060,0.502511
13061,0.756081
13062,0.877921
13063,0.660238
13064,0.757116
13065,0.916332
13066,0.81779
13067,0.976428
13068,0.756108
13069,0.692855
13070,0.091553
13071,0.591141
13072,0.793324
13073,0.626454
13074,0.786027
13075,0.583423
13076,0.917811
13077,0.758313
13078,0.452714
13079,0.705478
13080,0.935254
13081,0.493203
13082,0.702282
13083,0.69926
13084,0.654685
13085,0.384183
13086,0.315556
13087,0.557401
13088,0.730007
13089,0.847694
13090,0.860887
13091,0.827725
13092,0.675363
13093,0.851712
13094,0.936963
13095,0.91709
13096,0.437309
13097,0.531506
13098,0.582476
13099,0.703561
13100,0.282119
13101,0.815644
13102,0.807126
13103,0.775887
13104,0.716067
13105,0.232677
13106,0.610609
13107,0.601125
13108,0.742953
13109,0.745203
13110,0.394887
13111,0.600803
13112,0.933819
13113,0.742543
13114,0.371622
13115,0.732982
13116,0.465266
13117,0.686717
13118,0.649249
13119,0.979381
13120,0.602633
13121,0.687392
13122,0.811252
13123,0.519168
13124,0.646842
13125,0.678978
13126,0.708079
13127,0.554476
13128,0.550848
13129,0.814475
13130,0.853879
13131,0.714554
13132,0.89789
13133,0.921707
13134,0.935953
13135,0.334573
13136,0.546286
13137,0.641736
13138,0.696398
13139,0.977196
13140,0.819086
13141,0.61723
13142,0.741369
13143,0.756474
13144,0.448751
13145,0.495997
13146,0.870348
13147,0.897903
13148,0.599438
13149,0.710138
13150,0.604139
13151,0.658372
13152,0.093888
13153,0.764539
13154,0.579575
13155,0.714954
13156,0.796624
13157,0.625971
13158,0.756034
13159,0.92567
13160,0.90808
13161,0.709505
13162,0.925161
13163,0.804253
13164,0.965975
13165,0.739051
13166,0.676312
13167,0.676475
13168,0.844785
13169,0.266085
13170,0.75173
13171,0.893774
13172,0.823968
13173,0.469485
13174,0.829308
13175,0.718008
13176,0.573795
13177,0.969377
13178,0.878042
13179,0.572587
13180,0.868803
13181,0.800199
13182,0.474672
13183,0.783335
13184,0.922101
13185,0.610538
13186,0.36399
13187,0.90947
13188,0.89818
13189,0.783518
13190,0.283016
13191,0.811343
13192,0.608388
13193,0.960979
13194,0.624698
13195,0.549499
13196,0.648179
13197,0.807452
13198,0.638909
13199,0.981424
13200,0.893125
13201,0.954299
13202,0.890359
13203,0.91618
13204,0.808901
13205,0.856427
13206,0.949283
13207,0.498582
13208,0.580667
13209,0.742172
13210,0.490603
13211,0.681112
13212,0.762976
13213,0.713691
13214,0.769761
13215,0.714006
13216,0.828584
13217,0.55495
13218,0.888922
13219,0.913317
13220,0.68026
13221,0.9153
13222,0.666161
13223,0.976269
13224,0.864089
13225,0.685995
13226,0.801921
13227,0.6439
13228,0.713199
13229,0.556711
13230,0.6137
13231,0.364756
13232,0.685359
13233,0.862243
13234,0.665956
13235,0.838392
13236,0.598322
13237,0.694707
13238,0.948685
13239,0.643865
13240,0.931305
13241,0.668492
13242,0.499339
13243,0.816086
13244,0.896331
13245,0.640958
13246,0.883131
13247,0.674404
13248,0.885796
13249,0.707951
13250,0.44118
13251,0.718274
13252,0.524779
13253,0.720316
13254,0.590867
13255,0.867999
13256,0.698007
13257,0.667042
13258,0.935681
13259,0.787104
13260,0.877612
13261,0.912317
13262,0.446983
13263,0.9148
13264,0.956456
13265,0.728549
13266,0.827877
13267,0.506409
13268,0.821485
13269,0.686448
13270,0.142522
13271,0.646574
13272,0.907873
13273,0.714294
13274,0.471558
13275,0.521978
13276,0.845234
13277,0.703628
13278,0.839615
13279,0.522953
13280,0.59725
13281,0.883761
13282,0.779924
13283,0.425411
13284,0.665163
13285,0.59221
13286,0.16825
13287,0.496921
13288,0.952031
13289,0.072403
13290,0.644163
13291,0.73717
13292,0.697123
13293,0.881944
13294,0.617554
13295,0.956318
13296,0.855121
13297,0.724221
13298,0.84763
13299,0.717743
13300,0.95757
13301,0.830149
13302,0.964892
13303,0.705517
13304,0.990588
13305,0.7365
13306,0.54422
13307,0.963794
13308,0.447283
13309,0.76617
13310,0.983967
13311,0.855239
13312,0.091684
13313,0.831188
13314,0.633689
13315,0.838735
13316,0.5012
13317,0.946047
13318,0.444279
13319,0.908928
13320,0.562565
13321,0.126053
13322,0.097996
13323,0.942958
13324,0.175812
13325,0.61936
13326,0.78388
13327,0.611449
13328,0.565442
13329,0.816802
13330,0.794399
13331,0.962656
13332,0.992196
13333,0.886208
13334,0.87666
13335,0.674881
13336,0.915238
13337,0.451427
13338,0.721312
13339,0.951275
13340,0.707749
13341,0.679526
13342,0.759327
13343,0.471885
13344,0.51311
13345,0.740079
13346,0.746105
13347,0.835103
13348,0.535377
13349,0.643366
13350,0.624214
13351,0.705136
13352,0.851226
13353,0.886787
13354,0.552
13355,0.735177
13356,0.834775
13357,0.494454
13358,0.656968
13359,0.352299
13360,0.7233
13361,0.804999
13362,0.839754
13363,0.618546
13364,0.79388
13365,0.983436
13366,0.626821
13367,0.602703
13368,0.683062
13369,0.638387
13370,0.489358
13371,0.615813
13372,0.86907
13373,0.512073
13374,0.799234
13375,0.913378
13376,0.752095
13377,0.651762
13378,0.528315
13379,0.942001
13380,0.093743
13381,0.919305
13382,0.924711
13383,0.790896
13384,0.50714
13385,0.577572
13386,0.816112
13387,0.825463
13388,0.832693
13389,0.860975
13390,0.06263
13391,0.038491
13392,0.699431
13393,0.9581
13394,0.975567
13395,0.796596
13396,0.898077
13397,0.461282
13398,0.695985
13399,0.75822
13400,0.841916
13401,0.664365
13402,0.725257
13403,0.653112
13404,0.749736
13405,0.740329
13406,0.914507
13407,0.964683
13408,0.753694
13409,0.550909
13410,0.779488
13411,0.959585
13412,0.785413
13413,0.88026
13414,0.430508
13415,0.90912
13416,0.461227
13417,0.843739
13418,0.539656
13419,0.90374
13420,0.864188
13421,0.302212
13422,0.880356
13423,0.619082
13424,0.921778
13425,0.699713
13426,0.752341
13427,0.381977
13428,0.625659
13429,0.861506
13430,0.924933
13431,0.403899
13432,0.675835
13433,0.876518
13434,0.465065
13435,0.944456
13436,0.663578
13437,0.796671
13438,0.516328
13439,0.811995
13440,0.801305
13441,0.628912
13442,0.176009
13443,0.81271
13444,0.576578
13445,0.595264
13446,0.95042
13447,0.948076
13448,0.96083
13449,0.686149
13450,0.885569
13451,0.681285
13452,0.956867
13453,0.550185
13454,0.649113
13455,0.804825
13456,0.043464
13457,0.893931
13458,0.738857
13459,0.756653
13460,0.615652
13461,0.644269
13462,0.608423
13463,0.608714
13464,0.486003
13465,0.394818
13466,0.541974
13467,0.620906
13468,0.776411
13469,0.570842
13470,0.967585
13471,0.950322
13472,0.714815
13473,0.592526
13474,0.563572
13475,0.717601
13476,0.475014
13477,0.906071
13478,0.609802
13479,0.756552
13480,0.497327
13481,0.92237
13482,0.335512
13483,0.873173
13484,0.46141
13485,0.837724
13486,0.817108
13487,0.766226
13488,0.48511
13489,0.645501
13490,0.82049
13491,0.664384
13492,0.969023
13493,0.79528
13494,0.627027
13495,0.510532
13496,0.76878
13497,0.692991
13498,0.804708
13499,0.683865
13500,0.943094
13501,0.789179
13502,0.978089
13503,0.906423
13504,0.734389
13505,0.665193
13506,0.711857
13507,0.772725
13508,0.106738
13509,0.882069
13510,0.838367
13511,0.65557
13512,0.801171
13513,0.897086
13514,0.695702
13515,0.788271
13516,0.685575
13517,0.881122
13518,0.555484
13519,0.587437
13520,0.448212
13521,0.633584
13522,0.856623
13523,0.616653
13524,0.474716
13525,0.585684
13526,0.923406
13527,0.842116
13528,0.390545
13529,0.755333
13530,0.887169
13531,0.411536
13532,0.847139
13533,0.703223
13534,0.708824
13535,0.051627
13536,0.879375
13537,0.473359
13538,0.295785
13539,0.948353
13540,0.852214
13541,0.65838
13542,0.839402
13543,0.931781
13544,0.913345
13545,0.768275
13546,0.850815
13547,0.501375
13548,0.312596
13549,0.756843
13550,0.925568
13551,0.695027
13552,0.62262
13553,0.829586
13554,0.781368
13555,0.731096
13556,0.498205
13557,0.937767
13558,0.86557
13559,0.777999
13560,0.960074
13561,0.902558
13562,0.970603
13563,0.73002
13564,0.058891
13565,0.465707
13566,0.732667
13567,0.758204
13568,0.988003
13569,0.901438
13570,0.67715
13571,0.812899
13572,0.957706
13573,0.551769
13574,0.789055
13575,0.779691
13576,0.694876
13577,0.827838
13578,0.583047
13579,0.905
13580,0.265621
13581,0.702061
13582,0.953496
13583,0.367909
13584,0.517553
13585,0.955737
13586,0.814187
13587,0.95427
13588,0.702409
13589,0.89612
13590,0.53208
13591,0.768523
13592,0.675239
13593,0.055504
13594,0.955622
13595,0.984831
13596,0.858725
13597,0.895864
13598,0.332839
13599,0.554945
13600,0.697922
13601,0.793411
13602,0.885982
13603,0.673051
13604,0.74204
13605,0.800076
13606,0.822967
13607,0.834313
13608,0.781208
13609,0.881521
13610,0.719993
13611,0.348228
13612,0.745665
13613,0.841105
13614,0.64604
13615,0.789856
13616,0.915111
13617,0.748493
13618,0.639732
13619,0.759739
13620,0.928789
13621,0.79805
13622,0.946589
13623,0.707525
13624,0.824374
13625,0.579823
13626,0.972534
13627,0.613463
13628,0.944513
13629,0.767006
13630,0.609563
13631,0.988134
13632,0.678137
13633,0.483057
13634,0.936358
13635,0.753853
13636,0.807551
13637,0.743804
13638,0.731016
13639,0.691763
13640,0.845422
13641,0.692728
13642,0.722353
13643,0.670464
13644,0.598451
13645,0.758538
13646,0.299827
13647,0.505042
13648,0.48573
13649,0.853521
13650,0.580507
13651,0.760184
13652,0.595977
13653,0.890608
13654,0.738778
13655,0.705125
13656,0.522981
13657,0.628072
13658,0.908717
13659,0.535591
13660,0.621533
13661,0.538816
13662,0.747229
13663,0.545917
13664,0.968936
13665,0.557069
13666,0.70103
13667,0.72141
13668,0.750046
13669,0.826486
13670,0.66802
13671,0.654359
13672,0.922899
13673,0.786927
13674,0.579682
13675,0.946041
13676,0.858578
13677,0.945556
13678,0.60022
13679,0.862
13680,0.695384
13681,0.359823
13682,0.575345
13683,0.056611
13684,0.911715
13685,0.77546
13686,0.835578
13687,0.438238
13688,0.804986
13689,0.97896
13690,0.969538
13691,0.525384
13692,0.956732
13693,0.607725
13694,0.716946
13695,0.650452
13696,0.398169
13697,0.672892
13698,0.980675
13699,0.587212
13700,0.939542
13701,0.780217
13702,0.667782
13703,0.407787
13704,0.815506
13705,0.513324
13706,0.816999
13707,0.060599
13708,0.856114
13709,0.824631
13710,0.771785
13711,0.547067
13712,0.52297
13713,0.842405
13714,0.940473
13715,0.869223
13716,0.908578
13717,0.971223
13718,0.670556
13719,0.804295
13720,0.838485
13721,0.688008
13722,0.932874
13723,0.963909
13724,0.968567
13725,0.986726
13726,0.227124
13727,0.656504
13728,0.50311
13729,0.703242
13730,0.994268
13731,0.730042
13732,0.984666
13733,0.95052
13734,0.971767
13735,0.975259
13736,0.89592
13737,0.974484
13738,0.794977
13739,0.667697
13740,0.167708
13741,0.9509
13742,0.159129
13743,0.495058
13744,0.444679
13745,0.613914
13746,0.942571
13747,0.207061
13748,0.665635
13749,0.883763
13750,0.809738
13751,0.911007
13752,0.807792
13753,0.608945
13754,0.767227
13755,0.581779
13756,0.521222
13757,0.189625
13758,0.783031
13759,0.94102
13760,0.652485
13761,0.806839
13762,0.898649
13763,0.476043
13764,0.825494
13765,0.646969
13766,0.984553
13767,0.614235
13768,0.674498
13769,0.658613
13770,0.903875
13771,0.89
13772,0.619557
13773,0.83345
13774,0.662703
13775,0.925917
13776,0.734259
13777,0.655605
13778,0.813021
13779,0.711526
13780,0.946728
13781,0.959977
13782,0.554873
13783,0.897486
13784,0.930416
13785,0.90626
13786,0.715052
13787,0.741141
13788,0.637883
13789,0.672936
13790,0.117901
13791,0.906577
13792,0.802515
13793,0.646749
13794,0.780227
13795,0.892656
13796,0.569463
13797,0.922414
13798,0.521685
13799,0.730796
13800,0.708042
13801,0.954012
13802,0.801862
13803,0.747147
13804,0.941538
13805,0.569812
13806,0.967249
13807,0.705552
13808,0.514775
13809,0.684429
13810,0.314667
13811,0.934307
13812,0.822346
13813,0.704521
13814,0.601785
13815,0.931137
13816,0.74553
13817,0.716762
13818,0.8574
13819,0.886715
13820,0.692771
13821,0.706222
13822,0.625075
13823,0.757128
13824,0.886768
13825,0.758721
13826,0.744284
13827,0.913479
13828,0.574566
13829,0.986202
13830,0.715065
13831,0.812879
13832,0.553389
13833,0.733428
13834,0.930159
13835,0.925989
13836,0.818834
13837,0.983048
13838,0.988842
13839,0.758991
13840,0.825737
13841,0.849218
13842,0.943646
13843,0.669816
13844,0.462797
13845,0.751315
13846,0.923455
13847,0.454932
13848,0.609924
13849,0.517525
13850,0.574781
13851,0.828454
13852,0.922584
13853,0.950353
13854,0.535012
13855,0.828697
13856,0.878413
13857,0.384115
13858,0.764618
13859,0.753556
13860,0.832753
13861,0.768806
13862,0.827642
13863,0.921196
13864,0.953627
13865,0.727041
13866,0.842561
13867,0.713462
13868,0.877106
13869,0.714252
13870,0.523551
13871,0.820214
13872,0.630128
13873,0.924772
13874,0.922038
13875,0.848502
13876,0.591463
13877,0.765436
13878,0.93954
13879,0.621631
13880,0.984593
13881,0.920178
13882,0.936743
13883,0.87861
13884,0.766953
13885,0.784333
13886,0.783883
13887,0.972383
13888,0.116206
13889,0.606298
13890,0.76017
13891,0.756736
13892,0.970588
13893,0.784559
13894,0.963582
13895,0.924961
13896,0.858338
13897,0.501553
13898,0.504124
13899,0.888237
13900,0.834789
13901,0.696906
13902,0.612209
13903,0.694618
13904,0.641402
13905,0.463657
13906,0.504855
13907,0.952663
13908,0.677885
13909,0.860448
13910,0.725456
13911,0.768114
13912,0.700203
13913,0.802704
13914,0.9773
13915,0.821808
13916,0.815729
13917,0.593388
13918,0.933701
13919,0.91719
13920,0.814585
13921,0.486866
13922,0.139638
13923,0.529982
13924,0.724889
13925,0.787131
13926,0.498711
13927,0.616769
13928,0.732517
13929,0.693771
13930,0.595089
13931,0.779104
13932,0.811692
13933,0.762239
13934,0.937277
13935,0.725933
13936,0.745315
13937,0.974178
13938,0.709654
13939,0.886607
13940,0.817425
13941,0.504212
13942,0.629702
13943,0.83833
13944,0.635399
13945,0.766981
13946,0.628755
13947,0.65547
13948,0.70324
13949,0.677871
13950,0.694844
13951,0.577198
13952,0.989963
13953,0.700537
13954,0.994451
13955,0.549337
13956,0.418557
13957,0.963664
13958,0.895307
13959,0.595395
13960,0.685733
13961,0.644867
13962,0.492737
13963,0.799199
13964,0.685193
13965,0.874076
13966,0.983493
13967,0.81025
13968,0.651093
13969,0.715563
13970,0.83906
13971,0.808042
13972,0.773154
13973,0.337639
13974,0.331897
13975,0.74857
13976,0.979161
13977,0.79424
13978,0.822161
13979,0.492267
13980,0.958198
13981,0.763973
13982,0.620447
13983,0.700544
13984,0.78625
13985,0.827329
13986,0.664086
13987,0.551805
13988,0.389684
13989,0.628223
13990,0.907837
13991,0.845046
13992,0.766078
13993,0.501306
13994,0.919411
13995,0.873011
13996,0.988248
13997,0.823661
13998,0.653379
13999,0.591723
14000,0.642604
14001,0.700543
14002,0.711579
14003,0.758947
14004,0.638857
14005,0.902455
14006,0.849546
14007,0.408963
14008,0.847915
14009,0.993543
14010,0.96919
14011,0.766044
14012,0.568284
14013,0.702997
14014,0.719089
14015,0.82106
14016,0.740609
14017,0.746918
14018,0.951832
14019,0.484463
14020,0.579618
14021,0.748105
14022,0.983151
14023,0.485158
14024,0.650912
14025,0.60407
14026,0.979406
14027,0.707343
14028,0.957203
14029,0.82076
14030,0.94024
14031,0.526438
14032,0.705896
14033,0.862744
14034,0.97223
14035,0.97121
14036,0.757088
14037,0.408955
14038,0.614055
14039,0.477277
14040,0.943243
14041,0.641802
14042,0.702599
14043,0.743511
14044,0.860886
14045,0.347091
14046,0.884156
14047,0.84586
14048,0.206775
14049,0.967901
14050,0.052773
14051,0.765333
14052,0.527321
14053,0.763636
14054,0.73099
14055,0.766573
14056,0.954392
14057,0.564163
14058,0.893771
14059,0.472639
14060,0.12526
14061,0.69623
14062,0.805786
14063,0.417575
14064,0.96533
14065,0.880246
14066,0.4273
14067,0.357583
14068,0.858866
14069,0.643396
14070,0.666469
14071,0.654987
14072,0.992314
14073,0.697174
14074,0.067215
14075,0.720639
14076,0.581286
14077,0.645988
14078,0.831546
14079,0.578342
14080,0.840915
14081,0.882129
14082,0.987682
14083,0.87273
14084,0.696575
14085,0.913659
14086,0.235646
14087,0.935339
14088,0.846303
14089,0.449946
14090,0.873786
14091,0.576455
14092,0.911176
14093,0.774125
14094,0.674972
14095,0.87616
14096,0.834905
14097,0.636213
14098,0.778081
14099,0.83839
14100,0.468036
14101,0.928869
14102,0.384494
14103,0.616914
14104,0.837273
14105,0.795074
14106,0.745065
14107,0.9893
14108,0.628201
14109,0.561081
14110,0.831383
14111,0.757955
14112,0.979561
14113,0.485332
14114,0.696079
14115,0.899026
14116,0.633185
14117,0.948839
14118,0.738566
14119,0.892633
14120,0.487092
14121,0.951681
14122,0.950304
14123,0.835608
14124,0.774463
14125,0.267473
14126,0.839021
14127,0.725865
14128,0.631517
14129,0.85964
14130,0.432285
14131,0.666759
14132,0.556599
14133,0.203277
14134,0.811391
14135,0.772777
14136,0.683278
14137,0.768149
14138,0.918967
14139,0.75139
14140,0.952444
14141,0.861578
14142,0.525135
14143,0.589811
14144,0.849464
14145,0.348344
14146,0.656436
14147,0.685074
14148,0.759574
14149,0.95127
14150,0.917576
14151,0.774991
14152,0.820242
14153,0.067337
14154,0.907805
14155,0.855723
14156,0.529174
14157,0.583228
14158,0.703651
14159,0.952328
14160,0.358942
14161,0.657103
14162,0.204185
14163,0.171766
14164,0.925137
14165,0.647041
14166,0.9205
14167,0.684148
14168,0.587232
14169,0.650536
14170,0.949966
14171,0.332796
14172,0.837947
14173,0.9306
14174,0.690684
14175,0.594762
14176,0.86935
14177,0.844015
14178,0.357542
14179,0.451658
14180,0.834287
14181,0.106369
14182,0.841809
14183,0.87818
14184,0.822039
14185,0.699253
14186,0.937092
14187,0.887396
14188,0.528818
14189,0.926877
14190,0.72128
14191,0.840708
14192,0.958628
14193,0.962431
14194,0.615062
14195,0.709258
14196,0.981092
14197,0.2294
14198,0.88918
14199,0.886158
14200,0.851958
14201,0.914724
14202,0.643989
14203,0.846974
14204,0.822414
14205,0.867247
14206,0.639493
14207,0.396913
14208,0.370604
14209,0.856332
14210,0.830042
14211,0.979665
14212,0.742159
14213,0.613457
14214,0.610417
14215,0.511324
14216,0.526281
14217,0.564618
14218,0.987474
14219,0.843517
14220,0.935118
14221,0.722896
14222,0.720766
14223,0.814174
14224,0.798516
14225,0.982908
14226,0.687453
14227,0.683225
14228,0.69048
14229,0.499642
14230,0.525752
14231,0.810895
14232,0.928356
14233,0.832122
14234,0.679593
14235,0.884494
14236,0.688624
14237,0.921562
14238,0.541204
14239,0.621514
14240,0.648438
14241,0.926984
14242,0.688388
14243,0.969934
14244,0.651118
14245,0.637466
14246,0.972697
14247,0.541277
14248,0.898793
14249,0.830362
14250,0.850108
14251,0.668002
14252,0.691946
14253,0.59012
14254,0.82631
14255,0.964357
14256,0.929132
14257,0.476991
14258,0.969323
14259,0.504674
14260,0.628887
14261,0.494137
14262,0.908984
14263,0.95298
14264,0.687929
14265,0.693548
14266,0.456284
14267,0.886136
14268,0.77133
14269,0.982118
14270,0.794773
14271,0.916252
14272,0.885348
14273,0.876827
14274,0.430013
14275,0.855867
14276,0.848601
14277,0.351487
14278,0.570094
14279,0.974666
14280,0.990187
14281,0.655535
14282,0.895113
14283,0.951013
14284,0.899126
14285,0.791196
14286,0.861626
14287,0.77028
14288,0.337546
14289,0.886802
14290,0.582531
14291,0.801575
14292,0.655615
14293,0.565676
14294,0.724002
14295,0.639176
14296,0.062269
14297,0.771008
14298,0.513741
14299,0.862078
14300,0.556546
14301,0.990457
14302,0.911654
14303,0.800626
14304,0.946977
14305,0.866751
14306,0.964477
14307,0.641273
14308,0.955028
14309,0.523762
14310,0.97651
14311,0.630095
14312,0.671618
14313,0.857257
14314,0.804759
14315,0.637645
14316,0.848241
14317,0.656206
14318,0.723169
14319,0.741752
14320,0.538814
14321,0.854292
14322,0.853565
14323,0.855404
14324,0.62176
14325,0.777057
14326,0.681634
14327,0.746554
14328,0.62845
14329,0.87467
14330,0.147393
14331,0.299789
14332,0.647236
14333,0.97074
14334,0.771346
14335,0.537589
14336,0.764722
14337,0.849091
14338,0.836522
14339,0.82674
14340,0.772495
14341,0.443995
14342,0.860165
14343,0.649004
14344,0.203519
14345,0.698575
14346,0.618601
14347,0.855218
14348,0.582606
14349,0.91644
14350,0.049611
14351,0.65158
14352,0.475526
14353,0.801149
14354,0.833103
14355,0.105874
14356,0.894424
14357,0.92497
14358,0.645555
14359,0.526235
14360,0.964745
14361,0.821454
14362,0.925517
14363,0.507594
14364,0.114717
14365,0.902133
14366,0.793702
14367,0.852273
14368,0.598889
14369,0.68593
14370,0.743439
14371,0.860654
14372,0.767196
14373,0.387028
14374,0.790532
14375,0.575387
14376,0.534364
14377,0.878063
14378,0.2138
14379,0.746518
14380,0.727958
14381,0.95234
14382,0.627371
14383,0.579866
14384,0.558657
14385,0.487818
14386,0.31557
14387,0.873802
14388,0.895642
14389,0.737914
14390,0.810861
14391,0.365035
14392,0.711638
14393,0.401152
14394,0.753603
14395,0.474033
14396,0.594644
14397,0.661042
14398,0.860772
14399,0.650982
14400,0.628706
14401,0.298576
14402,0.741362
14403,0.986319
14404,0.823835
14405,0.597479
14406,0.704181
14407,0.976313
14408,0.927406
14409,0.929539
14410,0.326642
14411,0.986121
14412,0.693448
14413,0.785072
14414,0.960548
14415,0.731368
14416,0.977529
14417,0.530611
14418,0.51249
14419,0.75254
14420,0.813225
14421,0.70551
14422,0.832087
14423,0.867162
14424,0.966678
14425,0.801716
14426,0.908039
14427,0.727395
14428,0.365528
14429,0.785189
14430,0.535569
14431,0.058529
14432,0.737014
14433,0.754952
14434,0.29267
14435,0.735413
14436,0.363578
14437,0.92828
14438,0.736024
14439,0.776732
14440,0.624897
14441,0.812215
14442,0.816658
14443,0.780136
14444,0.646035
14445,0.549051
14446,0.779125
14447,0.897735
14448,0.787325
14449,0.956608
14450,0.825904
14451,0.913854
14452,0.826454
14453,0.350904
14454,0.972479
14455,0.750769
14456,0.262236
14457,0.881224
14458,0.689416
14459,0.443182
14460,0.717337
14461,0.441342
14462,0.905692
14463,0.637032
14464,0.804563
14465,0.891768
14466,0.698979
14467,0.383024
14468,0.919219
14469,0.702443
14470,0.870188
14471,0.875271
14472,0.822722
14473,0.568364
14474,0.799194
14475,0.483428
14476,0.617364
14477,0.653
14478,0.805982
14479,0.793634
14480,0.954308
14481,0.767997
14482,0.742208
14483,0.871674
14484,0.492549
14485,0.635611
14486,0.960278
14487,0.882436
14488,0.044368
14489,0.737177
14490,0.674979
14491,0.854722
14492,0.78696
14493,0.976738
14494,0.77739
14495,0.742503
14496,0.587627
14497,0.987979
14498,0.679251
14499,0.748125
14500,0.704572
14501,0.720745
14502,0.969068
14503,0.878107
14504,0.766097
14505,0.587303
14506,0.732415
14507,0.638054
14508,0.975093
14509,0.751848
14510,0.741009
14511,0.70294
14512,0.637932
14513,0.517998
14514,0.565839
14515,0.565577
14516,0.784768
14517,0.675042
14518,0.925309
14519,0.722642
14520,0.719742
14521,0.773419
14522,0.841023
14523,0.817646
14524,0.537154
14525,0.051707
14526,0.935083
14527,0.722245
14528,0.501094
14529,0.817158
14530,0.648126
14531,0.685894
14532,0.743964
14533,0.881851
14534,0.83813
14535,0.25034
14536,0.482686
14537,0.948784
14538,0.690912
14539,0.857659
14540,0.445738
14541,0.724485
14542,0.547208
14543,0.893123
14544,0.657283
14545,0.879934
14546,0.588135
14547,0.613594
14548,0.479922
14549,0.52338
14550,0.823954
14551,0.878854
14552,0.785465
14553,0.552194
14554,0.88033
14555,0.779114
14556,0.859611
14557,0.768053
14558,0.626709
14559,0.636472
14560,0.745339
14561,0.828505
14562,0.657799
14563,0.190901
14564,0.749889
14565,0.945894
14566,0.796788
14567,0.637752
14568,0.826554
14569,0.620386
14570,0.919757
14571,0.923245
14572,0.852859
14573,0.919907
14574,0.722508
14575,0.782551
14576,0.845182
14577,0.846955
14578,0.896087
14579,0.63458
14580,0.324787
14581,0.956273
14582,0.748738
14583,0.858226
14584,0.791767
14585,0.636941
14586,0.984848
14587,0.902614
14588,0.467346
14589,0.536434
14590,0.935447
14591,0.831867
14592,0.82706
14593,0.172863
14594,0.684828
14595,0.420944
14596,0.796208
14597,0.716139
14598,0.589323
14599,0.741589
14600,0.359738
14601,0.634645
14602,0.886555
14603,0.609554
14604,0.681957
14605,0.623747
14606,0.670844
14607,0.857372
14608,0.495896
14609,0.711272
14610,0.843478
14611,0.523023
14612,0.675736
14613,0.814501
14614,0.944758
14615,0.448732
14616,0.879635
14617,0.867253
14618,0.722429
14619,0.738089
14620,0.930189
14621,0.755123
14622,0.811165
14623,0.784075
14624,0.793405
14625,0.719742
14626,0.699142
14627,0.122459
14628,0.768687
14629,0.64518
14630,0.807804
14631,0.246513
14632,0.6546
14633,0.7834
14634,0.619176
14635,0.891301
14636,0.825538
14637,0.716633
14638,0.389715
14639,0.843368
14640,0.712149
14641,0.654203
14642,0.829095
14643,0.894873
14644,0.802463
14645,0.844531
14646,0.877338
14647,0.969822
14648,0.815909
14649,0.966813
14650,0.934516
14651,0.242222
14652,0.477586
14653,0.623091
14654,0.953515
14655,0.120576
14656,0.939173
14657,0.958147
14658,0.384967
14659,0.614443
14660,0.898739
14661,0.835715
14662,0.974627
14663,0.914265
14664,0.672423
14665,0.556347
14666,0.918225
14667,0.795023
14668,0.85878
14669,0.673025
14670,0.8244
14671,0.926408
14672,0.404888
14673,0.496235
14674,0.907092
14675,0.984111
14676,0.961256
14677,0.444112
14678,0.54086
14679,0.713781
14680,0.712797
14681,0.760487
14682,0.804701
14683,0.720132
14684,0.794343
14685,0.682732
14686,0.645577
14687,0.901158
14688,0.975924
14689,0.865961
14690,0.921831
14691,0.850006
14692,0.583598
14693,0.750892
14694,0.61271
14695,0.625812
14696,0.844192
14697,0.537033
14698,0.437034
14699,0.776915
14700,0.775193
14701,0.378814
14702,0.706894
14703,0.556205
14704,0.677423
14705,0.590799
14706,0.541186
14707,0.69525
14708,0.716746
14709,0.835299
14710,0.737346
14711,0.667258
14712,0.908262
14713,0.781062
14714,0.255197
14715,0.781116
14716,0.765104
14717,0.594249
14718,0.448487
14719,0.651977
14720,0.59159
14721,0.841926
14722,0.655651
14723,0.825765
14724,0.604773
14725,0.649917
14726,0.411605
14727,0.818567
14728,0.175943
14729,0.978065
14730,0.634118
14731,0.828547
14732,0.857056
14733,0.746011
14734,0.449754
14735,0.95272
14736,0.919359
14737,0.8507
14738,0.968525
14739,0.919082
14740,0.758273
14741,0.687504
14742,0.857564
14743,0.916962
14744,0.753129
14745,0.771221
14746,0.712839
14747,0.615622
14748,0.64682
14749,0.958118
14750,0.805216
14751,0.94642
14752,0.819788
14753,0.328089
14754,0.057365
14755,0.972473
14756,0.869208
14757,0.769235
14758,0.90366
14759,0.579151
14760,0.804702
14761,0.403737
14762,0.569822
14763,0.869316
14764,0.83962
14765,0.752007
14766,0.670754
14767,0.65344
14768,0.951872
14769,0.592889
14770,0.456833
14771,0.952872
14772,0.795905
14773,0.957741
14774,0.93716
14775,0.705591
14776,0.653313
14777,0.628068
14778,0.543997
14779,0.68802
14780,0.618373
14781,0.65752
14782,0.75664
14783,0.562681
14784,0.780099
14785,0.815005
14786,0.702224
14787,0.777016
14788,0.823642
14789,0.548065
14790,0.698387
14791,0.902943
14792,0.903438
14793,0.478195
14794,0.801139
14795,0.914891
14796,0.846662
14797,0.844111
14798,0.875276
14799,0.729254
14800,0.758473
14801,0.875002
14802,0.871073
14803,0.492464
14804,0.639016
14805,0.570523
14806,0.893672
14807,0.538476
14808,0.614037
14809,0.952006
14810,0.939272
14811,0.766471
14812,0.827683
14813,0.764836
14814,0.669541
14815,0.586706
14816,0.87554
14817,0.765221
14818,0.931468
14819,0.592141
14820,0.928991
14821,0.37605
14822,0.734177
14823,0.625012
14824,0.707374
14825,0.638051
14826,0.530698
14827,0.978912
14828,0.681838
14829,0.990742
14830,0.962665
14831,0.716421
14832,0.960839
14833,0.676831
14834,0.73131
14835,0.60575
14836,0.878072
14837,0.617399
14838,0.652936
14839,0.848298
14840,0.743118
14841,0.488935
14842,0.805125
14843,0.89434
14844,0.44221
14845,0.633518
14846,0.621663
14847,0.915977
14848,0.776341
14849,0.432002
14850,0.98642
14851,0.982919
14852,0.721015
14853,0.958512
14854,0.571776
14855,0.984635
14856,0.088271
14857,0.441995
14858,0.381754
14859,0.768731
14860,0.84795
14861,0.908656
14862,0.587222
14863,0.765451
14864,0.604761
14865,0.759756
14866,0.451144
14867,0.095251
14868,0.801653
14869,0.48442
14870,0.915976
14871,0.838762
14872,0.372427
14873,0.767102
14874,0.666717
14875,0.855846
14876,0.488965
14877,0.546862
14878,0.673514
14879,0.839891
14880,0.801027
14881,0.915343
14882,0.841637
14883,0.197342
14884,0.683942
14885,0.862846
14886,0.499747
14887,0.584848
14888,0.925198
14889,0.183107
14890,0.665897
14891,0.758516
14892,0.626108
14893,0.73852
14894,0.618127
14895,0.976298
14896,0.916001
14897,0.953549
14898,0.942105
14899,0.90898
14900,0.745818
14901,0.521128
14902,0.675124
14903,0.625783
14904,0.692442
14905,0.72998
14906,0.69623
14907,0.560872
14908,0.933304
14909,0.751742
14910,0.981824
14911,0.76263
14912,0.824708
14913,0.813731
14914,0.889044
14915,0.541281
14916,0.853385
14917,0.993589
14918,0.656841
14919,0.752731
14920,0.883956
14921,0.840628
14922,0.788509
14923,0.636616
14924,0.831311
14925,0.82726
14926,0.925512
14927,0.935464
14928,0.822294
14929,0.754763
14930,0.458812
14931,0.69173
14932,0.628653
14933,0.956697
14934,0.487975
14935,0.651014
14936,0.669892
14937,0.48194
14938,0.622905
14939,0.569919
14940,0.912539
14941,0.975131
14942,0.61664
14943,0.87821
14944,0.726821
14945,0.540399
14946,0.544266
14947,0.412249
14948,0.725386
14949,0.647481
14950,0.740434
14951,0.863551
14952,0.824355
14953,0.522061
14954,0.949126
14955,0.905143
14956,0.459928
14957,0.717661
14958,0.722921
14959,0.339052
14960,0.65546
14961,0.679377
14962,0.538649
14963,0.861825
14964,0.808793
14965,0.629705
14966,0.680842
14967,0.754431
14968,0.921011
14969,0.648603
14970,0.85535
14971,0.659966
14972,0.876138
14973,0.950041
14974,0.631041
14975,0.588316
14976,0.751978
14977,0.817685
14978,0.592506
14979,0.540887
14980,0.67728
14981,0.884409
14982,0.594464
14983,0.780989
14984,0.772663
14985,0.984326
14986,0.739602
14987,0.893544
14988,0.722808
14989,0.765391
14990,0.8219
14991,0.837668
14992,0.520841
14993,0.897354
14994,0.968886
14995,0.911768
14996,0.502446
14997,0.951746
14998,0.749706
14999,0.416953
15000,0.914342
15001,0.641672
15002,0.822131
15003,0.819751
15004,0.608737
15005,0.916716
15006,0.735288
15007,0.839417
15008,0.857569
15009,0.605949
15010,0.416142
15011,0.728649
15012,0.80131
15013,0.325008
15014,0.686766
15015,0.85433
15016,0.774376
15017,0.594901
15018,0.987392
15019,0.793026
15020,0.549861
15021,0.847333
15022,0.76198
15023,0.769603
15024,0.875294
15025,0.772808
15026,0.641736
15027,0.652453
15028,0.771587
15029,0.519597
15030,0.655226
15031,0.579177
15032,0.70237
15033,0.662004
15034,0.764142
15035,0.594972
15036,0.976189
15037,0.695267
15038,0.797136
15039,0.633185
15040,0.629192
15041,0.914963
15042,0.585539
15043,0.498443
15044,0.368939
15045,0.380145
15046,0.729404
15047,0.757737
15048,0.655998
15049,0.871039
15050,0.707686
15051,0.8922
15052,0.672473
15053,0.91364
15054,0.798222
15055,0.426287
15056,0.764025
15057,0.762814
15058,0.591671
15059,0.94724
15060,0.175698
15061,0.799131
15062,0.570168
15063,0.865651
15064,0.946137
15065,0.860695
15066,0.692969
15067,0.938326
15068,0.910872
15069,0.662574
15070,0.726716
15071,0.80364
15072,0.135809
15073,0.83251
15074,0.896402
15075,0.574969
15076,0.26615
15077,0.909192
15078,0.956238
15079,0.694265
15080,0.719419
15081,0.776876
15082,0.609206
15083,0.925417
15084,0.877987
15085,0.603819
15086,0.712258
15087,0.752628
15088,0.407419
15089,0.955245
15090,0.847362
15091,0.86719
15092,0.711776
15093,0.646602
15094,0.970491
15095,0.7804
15096,0.975062
15097,0.773897
15098,0.784491
15099,0.682926
15100,0.813699
15101,0.085202
15102,0.667932
15103,0.654365
15104,0.831894
15105,0.52419
15106,0.616657
15107,0.934974
15108,0.511627
15109,0.673315
15110,0.879507
15111,0.77503
15112,0.859519
15113,0.757075
15114,0.906649
15115,0.733053
15116,0.661779
15117,0.891701
15118,0.875015
15119,0.742858
15120,0.626645
15121,0.909617
15122,0.993775
15123,0.553961
15124,0.506995
15125,0.616299
15126,0.871697
15127,0.678462
15128,0.890146
15129,0.776983
15130,0.756175
15131,0.549806
15132,0.707131
15133,0.825505
15134,0.602496
15135,0.50326
15136,0.728164
15137,0.644349
15138,0.751002
15139,0.968131
15140,0.784806
15141,0.598621
15142,0.486464
15143,0.673812
15144,0.855553
15145,0.58692
15146,0.642896
15147,0.635373
15148,0.632017
15149,0.926704
15150,0.737156
15151,0.938369
15152,0.862571
15153,0.447266
15154,0.896607
15155,0.599808
15156,0.789648
15157,0.610639
15158,0.755747
15159,0.877353
15160,0.901337
15161,0.967074
15162,0.558591
15163,0.70815
15164,0.550028
15165,0.544828
15166,0.735952
15167,0.469902
15168,0.683058
15169,0.679478
15170,0.885675
15171,0.990528
15172,0.092836
15173,0.991586
15174,0.954402
15175,0.809911
15176,0.509969
15177,0.090167
15178,0.50947
15179,0.850941
15180,0.914772
15181,0.637902
15182,0.742188
15183,0.453409
15184,0.591258
15185,0.857983
15186,0.790535
15187,0.492612
15188,0.840387
15189,0.723424
15190,0.871534
15191,0.602261
15192,0.617462
15193,0.873883
15194,0.913092
15195,0.787372
15196,0.720348
15197,0.687699
15198,0.392218
15199,0.952719
15200,0.840453
15201,0.87111
15202,0.729008
15203,0.672629
15204,0.793819
15205,0.949551
15206,0.731586
15207,0.707653
15208,0.549819
15209,0.973132
15210,0.548108
15211,0.631864
15212,0.904821
15213,0.49413
15214,0.977838
15215,0.983789
15216,0.444403
15217,0.65059
15218,0.684055
15219,0.160141
15220,0.592474
15221,0.823728
15222,0.831843
15223,0.902455
15224,0.767557
15225,0.325533
15226,0.81947
15227,0.799769
15228,0.532461
15229,0.981518
15230,0.575623
15231,0.555337
15232,0.696049
15233,0.426721
15234,0.864354
15235,0.896044
15236,0.821847
15237,0.935247
15238,0.739476
15239,0.872754
15240,0.79306
15241,0.852416
15242,0.67646
15243,0.958261
15244,0.800117
15245,0.864012
15246,0.62264
15247,0.914389
15248,0.874973
15249,0.819713
15250,0.574897
15251,0.456456
15252,0.706958
15253,0.57646
15254,0.589861
15255,0.375551
15256,0.465604
15257,0.817817
15258,0.74406
15259,0.917851
15260,0.658518
15261,0.806146
15262,0.727823
15263,0.53116
15264,0.441211
15265,0.720079
15266,0.444371
15267,0.962061
15268,0.209507
15269,0.826569
15270,0.627758
15271,0.802796
15272,0.562034
15273,0.59671
15274,0.80353
15275,0.791986
15276,0.307023
15277,0.354401
15278,0.695601
15279,0.868264
15280,0.847095
15281,0.919482
15282,0.763503
15283,0.973279
15284,0.652565
15285,0.515896
15286,0.609676
15287,0.78192
15288,0.679493
15289,0.518307
15290,0.429225
15291,0.894398
15292,0.764283
15293,0.552288
15294,0.764202
15295,0.801492
15296,0.952123
15297,0.916201
15298,0.981902
15299,0.979616
15300,0.747774
15301,0.8618
15302,0.846231
15303,0.705543
15304,0.878909
15305,0.641444
15306,0.696211
15307,0.918186
15308,0.083621
15309,0.743835
15310,0.549746
15311,0.796578
15312,0.783572
15313,0.509379
15314,0.616614
15315,0.082632
15316,0.476808
15317,0.942079
15318,0.544473
15319,0.635247
15320,0.971349
15321,0.847499
15322,0.597517
15323,0.91968
15324,0.573314
15325,0.610466
15326,0.820712
15327,0.669142
15328,0.653295
15329,0.567358
15330,0.746695
15331,0.057724
15332,0.809575
15333,0.571899
15334,0.685377
15335,0.065749
15336,0.611864
15337,0.571609
15338,0.929482
15339,0.922496
15340,0.647874
15341,0.280581
15342,0.70576
15343,0.7426
15344,0.850182
15345,0.720197
15346,0.620091
15347,0.678923
15348,0.961052
15349,0.817158
15350,0.770836
15351,0.975891
15352,0.673539
15353,0.672689
15354,0.680872
15355,0.696889
15356,0.409459
15357,0.9714
15358,0.653022
15359,0.809746
15360,0.531621
15361,0.465297
15362,0.486364
15363,0.70644
15364,0.577009
15365,0.810843
15366,0.927246
15367,0.660288
15368,0.69236
15369,0.749293
15370,0.623384
15371,0.55371
15372,0.893311
15373,0.838014
15374,0.339871
15375,0.979063
15376,0.901152
15377,0.931689
15378,0.059316
15379,0.90341
15380,0.741815
15381,0.694338
15382,0.524107
15383,0.890981
15384,0.75453
15385,0.968673
15386,0.583547
15387,0.473909
15388,0.936391
15389,0.680113
15390,0.529139
15391,0.737856
15392,0.922272
15393,0.536982
15394,0.880082
15395,0.788355
15396,0.711413
15397,0.760115
15398,0.808045
15399,0.183057
15400,0.774941
15401,0.721949
15402,0.747346
15403,0.839557
15404,0.710494
15405,0.919359
15406,0.437507
15407,0.819521
15408,0.831164
15409,0.936961
15410,0.857695
15411,0.273063
15412,0.678654
15413,0.985713
15414,0.666196
15415,0.484409
15416,0.43155
15417,0.654796
15418,0.520722
15419,0.8074
15420,0.570878
15421,0.966063
15422,0.816366
15423,0.750835
15424,0.069669
15425,0.251129
15426,0.910322
15427,0.413977
15428,0.630041
15429,0.91788
15430,0.123521
15431,0.6527
15432,0.899913
15433,0.04646
15434,0.641848
15435,0.98922
15436,0.693221
15437,0.571615
15438,0.612045
15439,0.811085
15440,0.70758
15441,0.38045
15442,0.409604
15443,0.596246
15444,0.655768
15445,0.789818
15446,0.668371
15447,0.749854
15448,0.95839
15449,0.735204
15450,0.194604
15451,0.687432
15452,0.715945
15453,0.918728
15454,0.902748
15455,0.61389
15456,0.606027
15457,0.82538
15458,0.850561
15459,0.75628
15460,0.844169
15461,0.711776
15462,0.53151
15463,0.58447
15464,0.846231
15465,0.438786
15466,0.820738
15467,0.679133
15468,0.332844
15469,0.907475
15470,0.921542
15471,0.792459
15472,0.853879
15473,0.94065
15474,0.969896
15475,0.668152
15476,0.713237
15477,0.790639
15478,0.809641
15479,0.935597
15480,0.821378
15481,0.621236
15482,0.790663
15483,0.856592
15484,0.462626
15485,0.953165
15486,0.750914
15487,0.523123
15488,0.822039
15489,0.430324
15490,0.690673
15491,0.669344
15492,0.618138
15493,0.711057
15494,0.649779
15495,0.440329
15496,0.531955
15497,0.948967
15498,0.063806
15499,0.911821
15500,0.572135
15501,0.730434
15502,0.704997
15503,0.092222
15504,0.413976
15505,0.447616
15506,0.46852
15507,0.693182
15508,0.409224
15509,0.972516
15510,0.344099
15511,0.946109
15512,0.582829
15513,0.882873
15514,0.666767
15515,0.537647
15516,0.538288
15517,0.60862
15518,0.973532
15519,0.899627
15520,0.359534
15521,0.739044
15522,0.923179
15523,0.970855
15524,0.867131
15525,0.593314
15526,0.946323
15527,0.836395
15528,0.603853
15529,0.778098
15530,0.844304
15531,0.807311
15532,0.760599
15533,0.415134
15534,0.779148
15535,0.847308
15536,0.964085
15537,0.89973
15538,0.738427
15539,0.536604
15540,0.979238
15541,0.693111
15542,0.728483
15543,0.85087
15544,0.546093
15545,0.076219
15546,0.706767
15547,0.621554
15548,0.616959
15549,0.816664
15550,0.664133
15551,0.890769
15552,0.609314
15553,0.899991
15554,0.524503
15555,0.694843
15556,0.827461
15557,0.077896
15558,0.061189
15559,0.936734
15560,0.375354
15561,0.783795
15562,0.746463
15563,0.744675
15564,0.687353
15565,0.805163
15566,0.890667
15567,0.787428
15568,0.908549
15569,0.562515
15570,0.475053
15571,0.884865
15572,0.846033
15573,0.558268
15574,0.986705
15575,0.829742
15576,0.636668
15577,0.852853
15578,0.9359
15579,0.898506
15580,0.654603
15581,0.581891
15582,0.914302
15583,0.987263
15584,0.537732
15585,0.620575
15586,0.128911
15587,0.611397
15588,0.726096
15589,0.91127
15590,0.334828
15591,0.864526
15592,0.942172
15593,0.800721
15594,0.811424
15595,0.751766
15596,0.766012
15597,0.630033
15598,0.437489
15599,0.438592
15600,0.564896
15601,0.876962
15602,0.870628
15603,0.655376
15604,0.921011
15605,0.650608
15606,0.843239
15607,0.968699
15608,0.941687
15609,0.59641
15610,0.873763
15611,0.657229
15612,0.908322
15613,0.640421
15614,0.305925
15615,0.794313
15616,0.505533
15617,0.600683
15618,0.913761
15619,0.882803
15620,0.643155
15621,0.379232
15622,0.719008
15623,0.970344
15624,0.75587
15625,0.289656
15626,0.823057
15627,0.968413
15628,0.311459
15629,0.878523
15630,0.795391
15631,0.797511
15632,0.404392
15633,0.914425
15634,0.918816
15635,0.52351
15636,0.692556
15637,0.575294
15638,0.464461
15639,0.920778
15640,0.95891
15641,0.717795
15642,0.804386
15643,0.422228
15644,0.728254
15645,0.81776
15646,0.79554
15647,0.122767
15648,0.930285
15649,0.850774
15650,0.882428
15651,0.906475
15652,0.790245
15653,0.790992
15654,0.363287
15655,0.912508
15656,0.776928
15657,0.851174
15658,0.576404
15659,0.595348
15660,0.942336
15661,0.541408
15662,0.993868
15663,0.676976
15664,0.635927
15665,0.500908
15666,0.990393
15667,0.673354
15668,0.943511
15669,0.856706
15670,0.773329
15671,0.910639
15672,0.605427
15673,0.467688
15674,0.990659
15675,0.968834
15676,0.485162
15677,0.676304
15678,0.797103
15679,0.826741
15680,0.885162
15681,0.61913
15682,0.940888
15683,0.548689
15684,0.74895
15685,0.799985
15686,0.947523
15687,0.921975
15688,0.749852
15689,0.894705
15690,0.680605
15691,0.961523
15692,0.879012
15693,0.628824
15694,0.802733
15695,0.626543
15696,0.954621
15697,0.902755
15698,0.59673
15699,0.698899
15700,0.093404
15701,0.809416
15702,0.652609
15703,0.889907
15704,0.648288
15705,0.77707
15706,0.774217
15707,0.985966
15708,0.988422
15709,0.805953
15710,0.696589
15711,0.987151
15712,0.771393
15713,0.921605
15714,0.755718
15715,0.638903
15716,0.828546
15717,0.955047
15718,0.922987
15719,0.71512
15720,0.497782
15721,0.883276
15722,0.41845
15723,0.469718
15724,0.859589
15725,0.843154
15726,0.664736
15727,0.865728
15728,0.783262
15729,0.953437
15730,0.687869
15731,0.446213
15732,0.772105
15733,0.382876
15734,0.836781
15735,0.490493
15736,0.941271
15737,0.451827
15738,0.629444
15739,0.578691
15740,0.689091
15741,0.611515
15742,0.854304
15743,0.8665
15744,0.878674
15745,0.88116
15746,0.716935
15747,0.726822
15748,0.964297
15749,0.941177
15750,0.944385
15751,0.549186
15752,0.538912
15753,0.602156
15754,0.93422
15755,0.527625
15756,0.819698
15757,0.781419
15758,0.734783
15759,0.687011
15760,0.859922
15761,0.875709
15762,0.50076
15763,0.880375
15764,0.816101
15765,0.966583
15766,0.926309
15767,0.360131
15768,0.753404
15769,0.490034
15770,0.847672
15771,0.85646
15772,0.682775
15773,0.78057
15774,0.780744
15775,0.466074
15776,0.88361
15777,0.524845
15778,0.198463
15779,0.594221
15780,0.49762
15781,0.918782
15782,0.842426
15783,0.818468
15784,0.567216
15785,0.583064
15786,0.948913
15787,0.780705
15788,0.665524
15789,0.955436
15790,0.715005
15791,0.8216
15792,0.969147
15793,0.684984
15794,0.533207
15795,0.83891
15796,0.603621
15797,0.753784
15798,0.820505
15799,0.589816
15800,0.576886
15801,0.706377
15802,0.799583
15803,0.902836
15804,0.725173
15805,0.864105
15806,0.690481
15807,0.568885
15808,0.7618
15809,0.529795
15810,0.909819
15811,0.923344
15812,0.504321
15813,0.546321
15814,0.801207
15815,0.793719
15816,0.654283
15817,0.846255
15818,0.813303
15819,0.931315
15820,0.903992
15821,0.669523
15822,0.823678
15823,0.757753
15824,0.957308
15825,0.856147
15826,0.546187
15827,0.321759
15828,0.935852
15829,0.946508
15830,0.823793
15831,0.663727
15832,0.16761
15833,0.593326
15834,0.864422
15835,0.979302
15836,0.841515
15837,0.599269
15838,0.764728
15839,0.869995
15840,0.732524
15841,0.487721
15842,0.724445
15843,0.664255
15844,0.590406
15845,0.370871
15846,0.816808
15847,0.616967
15848,0.920913
15849,0.671379
15850,0.573541
15851,0.756313
15852,0.772633
15853,0.455036
15854,0.511861
15855,0.891592
15856,0.808909
15857,0.722618
15858,0.175629
15859,0.57179
15860,0.832887
15861,0.581524
15862,0.824916
15863,0.574557
15864,0.924813
15865,0.71378
15866,0.242221
15867,0.449797
15868,0.939446
15869,0.968869
15870,0.683559
15871,0.877721
15872,0.831027
15873,0.910212
15874,0.67526
15875,0.987364
15876,0.881557
15877,0.777902
15878,0.953283
15879,0.677465
15880,0.663415
15881,0.927306
15882,0.731357
15883,0.687518
15884,0.424421
15885,0.781058
15886,0.531548
15887,0.850594
15888,0.794555
15889,0.868565
15890,0.557571
15891,0.610157
15892,0.983102
15893,0.740575
15894,0.269049
15895,0.497995
15896,0.656987
15897,0.98209
15898,0.780756
15899,0.493788
15900,0.812484
15901,0.446096
15902,0.514677
15903,0.651455
15904,0.86467
15905,0.984745
15906,0.549386
15907,0.982206
15908,0.224869
15909,0.937253
15910,0.611465
15911,0.63491
15912,0.43662
15913,0.92702
15914,0.989981
15915,0.871114
15916,0.691441
15917,0.687217
15918,0.971893
15919,0.439734
15920,0.896679
15921,0.824528
15922,0.746552
15923,0.927174
15924,0.906363
15925,0.621154
15926,0.6309
15927,0.789842
15928,0.511522
15929,0.758198
15930,0.473785
15931,0.709569
15932,0.970462
15933,0.895534
15934,0.465593
15935,0.978265
15936,0.67538
15937,0.85457
15938,0.773961
15939,0.706146
15940,0.682149
15941,0.61994
15942,0.432371
15943,0.8794
15944,0.977268
15945,0.856474
15946,0.582071
15947,0.880953
15948,0.093499
15949,0.988349
15950,0.600234
15951,0.928495
15952,0.803419
15953,0.762583
15954,0.923722
15955,0.741988
15956,0.420533
15957,0.257998
15958,0.836363
15959,0.95855
15960,0.733458
15961,0.78872
15962,0.410197
15963,0.751463
15964,0.726732
15965,0.914283
15966,0.857197
15967,0.957627
15968,0.957595
15969,0.806128
15970,0.902428
15971,0.575007
15972,0.599787
15973,0.963827
15974,0.672953
15975,0.821547
15976,0.8904
15977,0.771016
15978,0.773462
15979,0.329975
15980,0.944155
15981,0.929992
15982,0.71327
15983,0.589288
15984,0.706588
15985,0.977053
15986,0.7051
15987,0.654716
15988,0.620045
15989,0.523546
15990,0.887794
15991,0.466867
15992,0.495705
15993,0.947047
15994,0.739985
15995,0.927176
15996,0.718338
15997,0.883867
15998,0.892448
15999,0.88272
16000,0.865549
16001,0.904744
16002,0.642216
16003,0.369573
16004,0.630614
16005,0.824682
16006,0.845221
16007,0.778071
16008,0.84417
16009,0.705748
16010,0.912057
16011,0.682885
16012,0.728941
16013,0.878099
16014,0.772399
16015,0.504201
16016,0.740334
16017,0.92328
16018,0.591262
16019,0.05434
16020,0.883354
16021,0.963018
16022,0.871752
16023,0.707743
16024,0.955033
16025,0.620516
16026,0.513278
16027,0.583431
16028,0.734705
16029,0.959145
16030,0.871112
16031,0.656886
16032,0.613347
16033,0.834656
16034,0.968263
16035,0.499148
16036,0.800788
16037,0.725313
16038,0.494611
16039,0.656447
16040,0.732211
16041,0.745294
16042,0.73112
16043,0.640674
16044,0.6315
16045,0.519785
16046,0.885612
16047,0.544963
16048,0.908778
16049,0.796682
16050,0.53508
16051,0.596674
16052,0.661454
16053,0.866302
16054,0.502824
16055,0.778918
16056,0.715795
16057,0.740467
16058,0.552635
16059,0.7366
16060,0.762757
16061,0.756123
16062,0.512606
16063,0.909919
16064,0.923236
16065,0.406106
16066,0.842404
16067,0.736355
16068,0.604459
16069,0.970965
16070,0.976499
16071,0.898359
16072,0.851465
16073,0.605313
16074,0.852872
16075,0.106499
16076,0.860458
16077,0.89704
16078,0.150012
16079,0.772429
16080,0.732904
16081,0.061393
16082,0.59077
16083,0.950455
16084,0.787613
16085,0.905746
16086,0.738321
16087,0.520485
16088,0.250928
16089,0.771386
16090,0.426207
16091,0.643131
16092,0.781103
16093,0.491081
16094,0.441863
16095,0.73607
16096,0.734205
16097,0.825731
16098,0.6735
16099,0.929594
16100,0.858808
16101,0.831575
16102,0.400406
16103,0.675738
16104,0.539395
16105,0.473261
16106,0.716778
16107,0.92151
16108,0.713611
16109,0.718005
16110,0.793139
16111,0.660108
16112,0.740068
16113,0.844483
16114,0.903179
16115,0.718232
16116,0.749051
16117,0.094992
16118,0.92033
16119,0.68173
16120,0.823587
16121,0.846019
16122,0.854021
16123,0.896451
16124,0.839218
16125,0.803726
16126,0.747372
16127,0.647862
16128,0.656369
16129,0.729788
16130,0.634588
16131,0.765264
16132,0.676572
16133,0.822391
16134,0.722411
16135,0.70874
16136,0.479895
16137,0.171847
16138,0.833163
16139,0.642453
16140,0.689312
16141,0.634817
16142,0.92696
16143,0.673376
16144,0.518544
16145,0.961272
16146,0.797077
16147,0.584969
16148,0.512756
16149,0.171888
16150,0.713423
16151,0.577989
16152,0.948097
16153,0.269372
16154,0.694096
16155,0.637148
16156,0.484632
16157,0.840948
16158,0.835351
16159,0.777753
16160,0.738569
16161,0.972361
16162,0.827665
16163,0.840393
16164,0.81067
16165,0.44561
16166,0.825654
16167,0.365408
16168,0.752527
16169,0.938279
16170,0.629401
16171,0.386392
16172,0.934687
16173,0.717857
16174,0.873116
16175,0.816668
16176,0.650859
16177,0.598133
16178,0.705305
16179,0.574768
16180,0.838275
16181,0.761736
16182,0.74774
16183,0.872584
16184,0.78751
16185,0.699134
16186,0.523781
16187,0.82094
16188,0.936928
16189,0.381645
16190,0.592727
16191,0.895236
16192,0.904917
16193,0.535661
16194,0.763258
16195,0.674821
16196,0.15534
16197,0.933742
16198,0.807857
16199,0.83415
16200,0.624867
16201,0.689365
16202,0.611921
16203,0.957416
16204,0.81964
16205,0.483957
16206,0.916218
16207,0.848923
16208,0.76962
16209,0.575104
16210,0.978176
16211,0.553635
16212,0.76081
16213,0.666962
16214,0.680062
16215,0.963313
16216,0.803003
16217,0.342611
16218,0.823474
16219,0.861472
16220,0.573273
16221,0.903271
16222,0.919113
16223,0.962091
16224,0.257207
16225,0.690899
16226,0.902499
16227,0.953524
16228,0.796371
16229,0.825103
16230,0.815181
16231,0.717209
16232,0.618605
16233,0.571545
16234,0.447301
16235,0.933509
16236,0.769111
16237,0.234499
16238,0.92732
16239,0.893896
16240,0.685063
16241,0.858763
16242,0.830183
16243,0.400818
16244,0.838951
16245,0.644936
16246,0.769513
16247,0.806085
16248,0.615347
16249,0.981767
16250,0.590183
16251,0.707198
16252,0.888098
16253,0.865296
16254,0.665741
16255,0.803876
16256,0.669924
16257,0.844059
16258,0.971086
16259,0.552851
16260,0.550602
16261,0.612326
16262,0.601429
16263,0.972732
16264,0.613754
16265,0.668962
16266,0.755408
16267,0.697315
16268,0.778773
16269,0.915434
16270,0.622989
16271,0.633189
16272,0.532921
16273,0.937313
16274,0.43001
16275,0.927297
16276,0.953038
16277,0.499414
16278,0.124017
16279,0.075325
16280,0.613441
16281,0.757971
16282,0.62913
16283,0.597821
16284,0.866094
16285,0.735246
16286,0.640406
16287,0.581968
16288,0.83434
16289,0.47635
16290,0.963112
16291,0.948737
16292,0.463711
16293,0.925755
16294,0.77037
16295,0.386365
16296,0.77361
16297,0.576145
16298,0.543972
16299,0.686884
16300,0.550358
16301,0.831068
16302,0.919013
16303,0.616098
16304,0.870462
16305,0.92813
16306,0.608169
16307,0.859675
16308,0.259373
16309,0.597338
16310,0.463703
16311,0.878588
16312,0.417805
16313,0.393315
16314,0.412771
16315,0.552536
16316,0.810575
16317,0.765697
16318,0.624777
16319,0.552786
16320,0.526771
16321,0.727961
16322,0.603276
16323,0.890729
16324,0.919969
16325,0.724927
16326,0.702774
16327,0.807359
16328,0.97398
16329,0.716732
16330,0.718316
16331,0.898106
16332,0.204964
16333,0.659751
16334,0.442691
16335,0.867566
16336,0.08355
16337,0.899198
16338,0.947943
16339,0.619226
16340,0.811923
16341,0.817344
16342,0.922592
16343,0.764287
16344,0.700219
16345,0.731006
16346,0.847133
16347,0.798547
16348,0.84976
16349,0.76207
16350,0.748876
16351,0.844684
16352,0.549314
16353,0.779245
16354,0.771981
16355,0.738791
16356,0.766173
16357,0.940657
16358,0.786339
16359,0.799573
16360,0.838722
16361,0.64163
16362,0.792148
16363,0.720931
16364,0.683848
16365,0.287343
16366,0.682
16367,0.714993
16368,0.626381
16369,0.872574
16370,0.915291
16371,0.907324
16372,0.904123
16373,0.958345
16374,0.82171
16375,0.970411
16376,0.852947
16377,0.641452
16378,0.630295
16379,0.928983
16380,0.813899
16381,0.952004
16382,0.698808
16383,0.814213
16384,0.082658
16385,0.755138
16386,0.68959
16387,0.563666
16388,0.645622
16389,0.750286
16390,0.97475
16391,0.85732
16392,0.959929
16393,0.680086
16394,0.61092
16395,0.440225
16396,0.718098
16397,0.940098
16398,0.590055
16399,0.88904
16400,0.915989
16401,0.741715
16402,0.523416
16403,0.721706
16404,0.720914
16405,0.0684
16406,0.912637
16407,0.650343
16408,0.988201
16409,0.812728
16410,0.409758
16411,0.830736
16412,0.677287
16413,0.743516
16414,0.930023
16415,0.643567
16416,0.970415
16417,0.226089
16418,0.473704
16419,0.673199
16420,0.675927
16421,0.782737
16422,0.92755
16423,0.769121
16424,0.584249
16425,0.890087
16426,0.614806
16427,0.780367
16428,0.919385
16429,0.634389
16430,0.504305
16431,0.624221
16432,0.778291
16433,0.707694
16434,0.836804
16435,0.866739
16436,0.82793
16437,0.768087
16438,0.798942
16439,0.246333
16440,0.377145
16441,0.647466
16442,0.97787
16443,0.790043
16444,0.157982
16445,0.596685
16446,0.890421
16447,0.620937
16448,0.90279
16449,0.888133
16450,0.684903
16451,0.788634
16452,0.740865
16453,0.902138
16454,0.839502
16455,0.445059
16456,0.824309
16457,0.614742
16458,0.94457
16459,0.696821
16460,0.779374
16461,0.062122
16462,0.622184
16463,0.676255
16464,0.522786
16465,0.980649
16466,0.989579
16467,0.884203
16468,0.67863
16469,0.720119
16470,0.776355
16471,0.916049
16472,0.48269
16473,0.620524
16474,0.764638
16475,0.608612
16476,0.964157
16477,0.96919
16478,0.810254
16479,0.725615
16480,0.967271
16481,0.960936
16482,0.770038
16483,0.863351
16484,0.496162
16485,0.764636
16486,0.831439
16487,0.56998
16488,0.779983
16489,0.925157
16490,0.978806
16491,0.848678
16492,0.818856
16493,0.701708
16494,0.916016
16495,0.69976
16496,0.826495
16497,0.969591
16498,0.422456
16499,0.930395
16500,0.621982
16501,0.689178
16502,0.723467
16503,0.600353
16504,0.518538
16505,0.582144
16506,0.937007
16507,0.762889
16508,0.612425
16509,0.5891
16510,0.054523
16511,0.370532
16512,0.902326
16513,0.879414
16514,0.627556
16515,0.92312
16516,0.41837
16517,0.70263
16518,0.89189
16519,0.74452
16520,0.661187
16521,0.294104
16522,0.684586
16523,0.772779
16524,0.622455
16525,0.633058
16526,0.713385
16527,0.810904
16528,0.693844
16529,0.646693
16530,0.741952
16531,0.618769
16532,0.975499
16533,0.901155
16534,0.843376
16535,0.685215
16536,0.808323
16537,0.937313
16538,0.637376
16539,0.591302
16540,0.679253
16541,0.848883
16542,0.850976
16543,0.806503
16544,0.675174
16545,0.622036
16546,0.413395
16547,0.978562
16548,0.684913
16549,0.687482
16550,0.656373
16551,0.69054
16552,0.681895
16553,0.662787
16554,0.496637
16555,0.971771
16556,0.132811
16557,0.9778
16558,0.85756
16559,0.462562
16560,0.625542
16561,0.784763
16562,0.696187
16563,0.822101
16564,0.747663
16565,0.496915
16566,0.975178
16567,0.652674
16568,0.982185
16569,0.655065
16570,0.941884
16571,0.673223
16572,0.735078
16573,0.913889
16574,0.58458
16575,0.372305
16576,0.756735
16577,0.405382
16578,0.703722
16579,0.813318
16580,0.717158
16581,0.567579
16582,0.781095
16583,0.747232
16584,0.529896
16585,0.639179
16586,0.887232
16587,0.956235
16588,0.424987
16589,0.324567
16590,0.556583
16591,0.388732
16592,0.79186
16593,0.988986
16594,0.915815
16595,0.910361
16596,0.588932
16597,0.8035
16598,0.7889
16599,0.788881
16600,0.519414
16601,0.796895
16602,0.466229
16603,0.795791
16604,0.904677
16605,0.670177
16606,0.839136
16607,0.884928
16608,0.750121
16609,0.917929
16610,0.81951
16611,0.905573
16612,0.643946
16613,0.888504
16614,0.87279
16615,0.813274
16616,0.593994
16617,0.100674
16618,0.941553
16619,0.117118
16620,0.733633
16621,0.949965
16622,0.679177
16623,0.154468
16624,0.676232
16625,0.48148
16626,0.871277
16627,0.070039
16628,0.682786
16629,0.591924
16630,0.991596
16631,0.619105
16632,0.495389
16633,0.903732
16634,0.722804
16635,0.705402
16636,0.786165
16637,0.939152
16638,0.693375
16639,0.676367
16640,0.641974
16641,0.828965
16642,0.993651
16643,0.635517
16644,0.953588
16645,0.53671
16646,0.972164
16647,0.926691
16648,0.929577
16649,0.744638
16650,0.526655
16651,0.750704
16652,0.805994
16653,0.987966
16654,0.984194
16655,0.615279
16656,0.883246
16657,0.261144
16658,0.446232
16659,0.859272
16660,0.620837
16661,0.81005
16662,0.429949
16663,0.568918
16664,0.835506
16665,0.82762
16666,0.521459
16667,0.949804
16668,0.843461
16669,0.650358
16670,0.889585
16671,0.734279
16672,0.676108
16673,0.517991
16674,0.659154
16675,0.895986
16676,0.889445
16677,0.562019
16678,0.071295
16679,0.785363
16680,0.737905
16681,0.721253
16682,0.456732
16683,0.736186
16684,0.776026
16685,0.596778
16686,0.517408
16687,0.634192
16688,0.570402
16689,0.654561
16690,0.858599
16691,0.846287
16692,0.675834
16693,0.369311
16694,0.492832
16695,0.811049
16696,0.933031
16697,0.886497
16698,0.635333
16699,0.617305
16700,0.362579
16701,0.485217
16702,0.39263
16703,0.934349
16704,0.816182
16705,0.755293
16706,0.863839
16707,0.822405
16708,0.526788
16709,0.955855
16710,0.276776
16711,0.923714
16712,0.822533
16713,0.360429
16714,0.797024
16715,0.718146
16716,0.929927
16717,0.716937
16718,0.652262
16719,0.64394
16720,0.938382
16721,0.779708
16722,0.523065
16723,0.497455
16724,0.699216
16725,0.862192
16726,0.850628
16727,0.733498
16728,0.869483
16729,0.840836
16730,0.965461
16731,0.820906
16732,0.711407
16733,0.14456
16734,0.892721
16735,0.695837
16736,0.752494
16737,0.580764
16738,0.63016
16739,0.76867
16740,0.861895
16741,0.849817
16742,0.483119
16743,0.696272
16744,0.968684
16745,0.887397
16746,0.982158
16747,0.462482
16748,0.655558
16749,0.514367
16750,0.958471
16751,0.738598
16752,0.885224
16753,0.840651
16754,0.691335
16755,0.670904
16756,0.845876
16757,0.485309
16758,0.672313
16759,0.64945
16760,0.655986
16761,0.748728
16762,0.975018
16763,0.634858
16764,0.974763
16765,0.424556
16766,0.738462
16767,0.621216
16768,0.722159
16769,0.760186
16770,0.886611
16771,0.716195
16772,0.57181
16773,0.873127
16774,0.421994
16775,0.854757
16776,0.500207
16777,0.766751
16778,0.89588
16779,0.935506
16780,0.685296
16781,0.763687
16782,0.854163
16783,0.704188
16784,0.683843
16785,0.774629
16786,0.963248
16787,0.28579
16788,0.960973
16789,0.632994
16790,0.782493
16791,0.863644
16792,0.570179
16793,0.944655
16794,0.595073
16795,0.782668
16796,0.905843
16797,0.777314
16798,0.539146
16799,0.61847
16800,0.956854
16801,0.93945
16802,0.746697
16803,0.973011
16804,0.876303
16805,0.971195
16806,0.668092
16807,0.924258
16808,0.485463
16809,0.627845
16810,0.913406
16811,0.79269
16812,0.775558
16813,0.523739
16814,0.891171
16815,0.810829
16816,0.990482
16817,0.711309
16818,0.883373
16819,0.946169
16820,0.716496
16821,0.679406
16822,0.978153
16823,0.656747
16824,0.916442
16825,0.471542
16826,0.772397
16827,0.659391
16828,0.674638
16829,0.670257
16830,0.793229
16831,0.522103
16832,0.607987
16833,0.658666
16834,0.874049
16835,0.771885
16836,0.827335
16837,0.986175
16838,0.76685
16839,0.686154
16840,0.512
16841,0.818041
16842,0.922227
16843,0.582856
16844,0.86772
16845,0.523901
16846,0.910561
16847,0.757425
16848,0.756296
16849,0.424276
16850,0.824352
16851,0.874239
16852,0.343445
16853,0.519865
16854,0.761699
16855,0.670686
16856,0.615908
16857,0.817827
16858,0.713646
16859,0.339278
16860,0.89849
16861,0.88643
16862,0.727327
16863,0.765442
16864,0.861851
16865,0.522418
16866,0.88798
16867,0.925256
16868,0.544367
16869,0.691237
16870,0.892927
16871,0.64749
16872,0.93016
16873,0.864262
16874,0.669434
16875,0.427564
16876,0.552451
16877,0.651888
16878,0.565313
16879,0.820801
16880,0.39568
16881,0.70704
16882,0.836552
16883,0.614189
16884,0.866055
16885,0.685215
16886,0.745685
16887,0.719788
16888,0.375971
16889,0.529992
16890,0.878999
16891,0.719606
16892,0.876255
16893,0.37443
16894,0.88685
16895,0.782942
16896,0.984239
16897,0.839358
16898,0.905777
16899,0.558584
16900,0.566579
16901,0.585735
16902,0.695748
16903,0.741799
16904,0.832034
16905,0.517985
16906,0.876066
16907,0.168969
16908,0.784497
16909,0.14752
16910,0.827982
16911,0.656177
16912,0.737169
16913,0.043827
16914,0.751165
16915,0.636326
16916,0.591259
16917,0.901305
16918,0.631431
16919,0.572198
16920,0.656926
16921,0.569706
16922,0.630595
16923,0.928152
16924,0.698318
16925,0.657367
16926,0.645939
16927,0.73271
16928,0.759724
16929,0.798068
16930,0.51918
16931,0.861057
16932,0.971623
16933,0.922515
16934,0.651634
16935,0.874384
16936,0.940372
16937,0.761284
16938,0.732253
16939,0.897582
16940,0.726682
16941,0.765445
16942,0.885542
16943,0.946374
16944,0.947533
16945,0.940021
16946,0.728826
16947,0.917705
16948,0.828055
16949,0.892889
16950,0.667341
16951,0.062899
16952,0.908315
16953,0.766046
16954,0.749992
16955,0.980873
16956,0.903511
16957,0.732046
16958,0.900751
16959,0.897302
16960,0.517686
16961,0.698
16962,0.877656
16963,0.889014
16964,0.811405
16965,0.799949
16966,0.857872
16967,0.533147
16968,0.912302
16969,0.813467
16970,0.824093
16971,0.98428
16972,0.900164
16973,0.865955
16974,0.67183
16975,0.766912
16976,0.918842
16977,0.226457
16978,0.647259
16979,0.75129
16980,0.86376
16981,0.79529
16982,0.868021
16983,0.817129
16984,0.648317
16985,0.563752
16986,0.757751
16987,0.661502
16988,0.666717
16989,0.877648
16990,0.78402
16991,0.806359
16992,0.71253
16993,0.681798
16994,0.832124
16995,0.743311
16996,0.964121
16997,0.487334
16998,0.534826
16999,0.570946
17000,0.736101
17001,0.335875
17002,0.801635
17003,0.586963
17004,0.795467
17005,0.347785
17006,0.593489
17007,0.942747
17008,0.82024
17009,0.831001
17010,0.797448
17011,0.896567
17012,0.770824
17013,0.943583
17014,0.74257
17015,0.985805
17016,0.969539
17017,0.593045
17018,0.738281
17019,0.706565
17020,0.616731
17021,0.465896
17022,0.971916
17023,0.510961
17024,0.751068
17025,0.667164
17026,0.728376
17027,0.890859
17028,0.902026
17029,0.825167
17030,0.149012
17031,0.255371
17032,0.786338
17033,0.825537
17034,0.827775
17035,0.394307
17036,0.575069
17037,0.50715
17038,0.900741
17039,0.562425
17040,0.611813
17041,0.985193
17042,0.536114
17043,0.233218
17044,0.392241
17045,0.563958
17046,0.779912
17047,0.52229
17048,0.55037
17049,0.935865
17050,0.750848
17051,0.866476
17052,0.647225
17053,0.642034
17054,0.654179
17055,0.552178
17056,0.823584
17057,0.867868
17058,0.57234
17059,0.482457
17060,0.754993
17061,0.717005
17062,0.928734
17063,0.918994
17064,0.677
17065,0.721553
17066,0.307867
17067,0.495131
17068,0.61875
17069,0.76216
17070,0.056126
17071,0.488755
17072,0.887282
17073,0.879428
17074,0.882382
17075,0.83383
17076,0.803789
17077,0.936076
17078,0.782784
17079,0.76438
17080,0.980513
17081,0.807259
17082,0.108026
17083,0.844626
17084,0.798414
17085,0.631277
17086,0.871715
17087,0.858495
17088,0.901129
17089,0.701878
17090,0.805538
17091,0.690484
17092,0.915952
17093,0.744644
17094,0.745437
17095,0.931777
17096,0.90588
17097,0.760283
17098,0.939594
17099,0.983006
17100,0.731849
17101,0.54622
17102,0.976404
17103,0.653432
17104,0.83733
17105,0.097401
17106,0.444942
17107,0.452321
17108,0.714121
17109,0.960771
17110,0.764958
17111,0.75144
17112,0.81559
17113,0.810771
17114,0.75879
17115,0.603847
17116,0.81703
17117,0.769533
17118,0.942171
17119,0.691583
17120,0.977771
17121,0.460704
17122,0.806901
17123,0.694667
17124,0.717415
17125,0.969023
17126,0.705183
17127,0.928967
17128,0.549855
17129,0.818022
17130,0.974613
17131,0.518919
17132,0.841101
17133,0.758622
17134,0.700616
17135,0.709768
17136,0.465183
17137,0.651882
17138,0.398908
17139,0.81496
17140,0.972384
17141,0.674902
17142,0.581525
17143,0.151313
17144,0.851613
17145,0.736849
17146,0.928018
17147,0.558065
17148,0.476707
17149,0.48155
17150,0.690096
17151,0.89374
17152,0.665126
17153,0.858807
17154,0.776188
17155,0.59316
17156,0.981956
17157,0.722577
17158,0.89117
17159,0.782503
17160,0.960539
17161,0.702632
17162,0.605621
17163,0.630009
17164,0.923087
17165,0.462028
17166,0.609777
17167,0.97721
17168,0.863188
17169,0.775433
17170,0.325717
17171,0.582535
17172,0.504514
17173,0.87914
17174,0.810645
17175,0.638066
17176,0.896392
17177,0.68816
17178,0.610737
17179,0.712214
17180,0.795636
17181,0.747806
17182,0.892461
17183,0.620934
17184,0.716542
17185,0.882115
17186,0.866352
17187,0.805102
17188,0.391399
17189,0.836188
17190,0.918997
17191,0.759366
17192,0.831293
17193,0.860256
17194,0.719552
17195,0.786901
17196,0.758478
17197,0.675195
17198,0.54745
17199,0.635316
17200,0.844292
17201,0.717015
17202,0.735133
17203,0.973315
17204,0.526437
17205,0.410307
17206,0.831544
17207,0.687338
17208,0.764131
17209,0.578102
17210,0.457176
17211,0.781498
17212,0.694189
17213,0.938456
17214,0.963241
17215,0.778184
17216,0.464366
17217,0.938178
17218,0.961949
17219,0.285613
17220,0.96143
17221,0.746273
17222,0.703873
17223,0.971627
17224,0.824922
17225,0.971722
17226,0.614926
17227,0.844687
17228,0.100971
17229,0.671404
17230,0.500998
17231,0.402022
17232,0.734797
17233,0.878286
17234,0.818093
17235,0.498041
17236,0.860968
17237,0.765195
17238,0.78426
17239,0.902891
17240,0.831318
17241,0.879876
17242,0.779642
17243,0.734315
17244,0.587231
17245,0.800854
17246,0.734223
17247,0.985732
17248,0.542486
17249,0.942346
17250,0.633376
17251,0.827949
17252,0.636639
17253,0.885535
17254,0.792973
17255,0.931309
17256,0.437603
17257,0.653874
17258,0.801226
17259,0.360614
17260,0.665891
17261,0.701104
17262,0.537756
17263,0.691051
17264,0.743555
17265,0.946183
17266,0.601844
17267,0.809456
17268,0.830504
17269,0.802923
17270,0.678625
17271,0.825276
17272,0.663214
17273,0.64114
17274,0.083163
17275,0.890251
17276,0.957967
17277,0.985827
17278,0.992435
17279,0.15036
17280,0.889066
17281,0.835875
17282,0.72157
17283,0.550821
17284,0.728017
17285,0.656882
17286,0.811887
17287,0.983705
17288,0.765475
17289,0.732456
17290,0.81397
17291,0.838662
17292,0.863861
17293,0.237073
17294,0.68229
17295,0.502715
17296,0.70528
17297,0.871178
17298,0.455614
17299,0.745788
17300,0.152046
17301,0.604043
17302,0.636597
17303,0.781504
17304,0.661883
17305,0.579153
17306,0.981076
17307,0.928343
17308,0.460755
17309,0.792172
17310,0.697926
17311,0.744778
17312,0.903457
17313,0.7649
17314,0.942293
17315,0.798272
17316,0.933047
17317,0.852654
17318,0.879791
17319,0.95309
17320,0.88915
17321,0.469347
17322,0.930082
17323,0.94265
17324,0.975392
17325,0.967451
17326,0.735176
17327,0.502177
17328,0.718378
17329,0.608177
17330,0.970004
17331,0.516222
17332,0.905167
17333,0.812019
17334,0.964246
17335,0.6214
17336,0.947325
17337,0.839522
17338,0.709947
17339,0.745897
17340,0.427675
17341,0.854769
17342,0.83449
17343,0.842135
17344,0.417062
17345,0.888406
17346,0.981341
17347,0.758278
17348,0.861945
17349,0.662621
17350,0.938173
17351,0.260427
17352,0.876307
17353,0.83391
17354,0.987734
17355,0.923438
17356,0.990761
17357,0.859373
17358,0.667989
17359,0.069883
17360,0.897521
17361,0.827035
17362,0.778819
17363,0.52454
17364,0.956692
17365,0.901885
17366,0.696917
17367,0.672334
17368,0.659448
17369,0.519831
17370,0.768438
17371,0.676004
17372,0.459264
17373,0.327369
17374,0.832151
17375,0.687895
17376,0.158135
17377,0.450341
17378,0.460803
17379,0.722672
17380,0.414509
17381,0.606525
17382,0.658707
17383,0.134074
17384,0.913861
17385,0.8231
17386,0.655164
17387,0.753045
17388,0.841396
17389,0.472702
17390,0.543129
17391,0.747355
17392,0.40829
17393,0.847915
17394,0.895304
17395,0.890979
17396,0.984791
17397,0.840397
17398,0.722547
17399,0.54468
17400,0.771988
17401,0.804614
17402,0.874553
17403,0.66101
17404,0.873063
17405,0.804244
17406,0.906609
17407,0.55737
17408,0.843809
17409,0.425857
17410,0.49458
17411,0.843161
17412,0.74821
17413,0.727468
17414,0.758986
17415,0.61632
17416,0.787765
17417,0.587973
17418,0.687356
17419,0.789212
17420,0.861528
17421,0.717689
17422,0.515008
17423,0.809767
17424,0.592369
17425,0.702978
17426,0.913061
17427,0.885727
17428,0.798107
17429,0.883658
17430,0.696167
17431,0.440403
17432,0.96788
17433,0.905797
17434,0.645964
17435,0.950557
17436,0.549293
17437,0.046913
17438,0.961706
17439,0.333685
17440,0.841221
17441,0.839204
17442,0.689344
17443,0.353257
17444,0.800066
17445,0.653495
17446,0.892056
17447,0.637004
17448,0.532911
17449,0.985972
17450,0.957749
17451,0.466065
17452,0.57641
17453,0.66993
17454,0.807578
17455,0.716399
17456,0.563206
17457,0.653128
17458,0.778634
17459,0.928981
17460,0.784382
17461,0.767348
17462,0.25378
17463,0.080698
17464,0.665003
17465,0.37684
17466,0.956986
17467,0.96264
17468,0.818489
17469,0.983557
17470,0.936772
17471,0.967794
17472,0.917586
17473,0.731105
17474,0.441173
17475,0.731585
17476,0.37461
17477,0.806392
17478,0.97956
17479,0.822919
17480,0.521847
17481,0.950289
17482,0.709197
17483,0.984897
17484,0.976067
17485,0.890679
17486,0.537606
17487,0.960529
17488,0.872731
17489,0.957148
17490,0.476726
17491,0.966601
17492,0.903822
17493,0.893098
17494,0.753696
17495,0.739838
17496,0.691987
17497,0.901612
17498,0.745987
17499,0.873514
17500,0.797752
17501,0.907627
17502,0.549704
17503,0.629169
17504,0.731796
17505,0.703701
17506,0.849571
17507,0.576205
17508,0.883471
17509,0.82969
17510,0.802324
17511,0.826997
17512,0.960525
17513,0.739856
17514,0.782858
17515,0.500592
17516,0.874001
17517,0.492594
17518,0.573087
17519,0.900929
17520,0.828414
17521,0.736516
17522,0.696156
17523,0.895092
17524,0.185196
17525,0.926628
17526,0.876827
17527,0.697855
17528,0.66584
17529,0.569876
17530,0.888667
17531,0.912027
17532,0.432421
17533,0.964543
17534,0.782627
17535,0.812061
17536,0.963192
17537,0.81778
17538,0.460215
17539,0.681687
17540,0.73053
17541,0.738784
17542,0.754467
17543,0.568758
17544,0.757684
17545,0.93213
17546,0.777084
17547,0.774898
17548,0.912313
17549,0.864971
17550,0.482665
17551,0.844304
17552,0.73597
17553,0.923459
17554,0.93525
17555,0.885139
17556,0.96318
17557,0.869228
17558,0.253534
17559,0.682895
17560,0.93879
17561,0.874066
17562,0.723355
17563,0.926312
17564,0.91278
17565,0.489594
17566,0.819494
17567,0.678259
17568,0.959778
17569,0.870885
17570,0.335374
17571,0.747225
17572,0.701982
17573,0.704643
17574,0.887644
17575,0.848899
17576,0.922911
17577,0.967617
17578,0.578174
17579,0.357578
17580,0.97121
17581,0.938485
17582,0.970287
17583,0.872469
17584,0.817862
17585,0.728661
17586,0.56189
17587,0.736686
17588,0.873
17589,0.846282
17590,0.684331
17591,0.593848
17592,0.902933
17593,0.702548
17594,0.692607
17595,0.758457
17596,0.67669
17597,0.884962
17598,0.626339
17599,0.783403
17600,0.401682
17601,0.462528
17602,0.614736
17603,0.533949
17604,0.523486
17605,0.652628
17606,0.860502
17607,0.707866
17608,0.904052
17609,0.782098
17610,0.39417
17611,0.701242
17612,0.779287
17613,0.617373
17614,0.589404
17615,0.849573
17616,0.94633
17617,0.132106
17618,0.146029
17619,0.766765
17620,0.952115
17621,0.892197
17622,0.525317
17623,0.500175
17624,0.427118
17625,0.820431
17626,0.987745
17627,0.823443
17628,0.890092
17629,0.669396
17630,0.751924
17631,0.871775
17632,0.661529
17633,0.608448
17634,0.169709
17635,0.082888
17636,0.687599
17637,0.716188
17638,0.799148
17639,0.857332
17640,0.792553
17641,0.689376
17642,0.755522
17643,0.818257
17644,0.726402
17645,0.789662
17646,0.975311
17647,0.658843
17648,0.426946
17649,0.381884
17650,0.835168
17651,0.925776
17652,0.653068
17653,0.779207
17654,0.685276
17655,0.943092
17656,0.900873
17657,0.894347
17658,0.973209
17659,0.90646
17660,0.55427
17661,0.910437
17662,0.730831
17663,0.899415
17664,0.696998
17665,0.616645
17666,0.669296
17667,0.773747
17668,0.876227
17669,0.599063
17670,0.414749
17671,0.738324
17672,0.819514
17673,0.445697
17674,0.947046
17675,0.897888
17676,0.675083
17677,0.813375
17678,0.899245
17679,0.670491
17680,0.508507
17681,0.827018
17682,0.85905
17683,0.812072
17684,0.488824
17685,0.717828
17686,0.901852
17687,0.74742
17688,0.710293
17689,0.059398
17690,0.928813
17691,0.754831
17692,0.798789
17693,0.61615
17694,0.481787
17695,0.779809
17696,0.566977
17697,0.770414
17698,0.166553
17699,0.959063
17700,0.882594
17701,0.869428
17702,0.764361
17703,0.944062
17704,0.773399
17705,0.589076
17706,0.65317
17707,0.875162
17708,0.551029
17709,0.858689
17710,0.613517
17711,0.933827
17712,0.837886
17713,0.606001
17714,0.843364
17715,0.688003
17716,0.73852
17717,0.66932
17718,0.619082
17719,0.823855
17720,0.556101
17721,0.815058
17722,0.933655
17723,0.950289
17724,0.485351
17725,0.93029
17726,0.834717
17727,0.931346
17728,0.737805
17729,0.067568
17730,0.824649
17731,0.75104
17732,0.069709
17733,0.616547
17734,0.776537
17735,0.903275
17736,0.691321
17737,0.750308
17738,0.802236
17739,0.189189
17740,0.975635
17741,0.933787
17742,0.558897
17743,0.905108
17744,0.831425
17745,0.614882
17746,0.48712
17747,0.937397
17748,0.89475
17749,0.154371
17750,0.674983
17751,0.898074
17752,0.842899
17753,0.75374
17754,0.994588
17755,0.837051
17756,0.747175
17757,0.887618
17758,0.878277
17759,0.576524
17760,0.762726
17761,0.772811
17762,0.759888
17763,0.453488
17764,0.773854
17765,0.555161
17766,0.973045
17767,0.590108
17768,0.426812
17769,0.819645
17770,0.98217
17771,0.775407
17772,0.397129
17773,0.56106
17774,0.637567
17775,0.896189
17776,0.812512
17777,0.974903
17778,0.691564
17779,0.63256
17780,0.925435
17781,0.741514
17782,0.830915
17783,0.547634
17784,0.701456
17785,0.82579
17786,0.527992
17787,0.880597
17788,0.818353
17789,0.869285
17790,0.324068
17791,0.563378
17792,0.713803
17793,0.494576
17794,0.753143
17795,0.630477
17796,0.447532
17797,0.652936
17798,0.656416
17799,0.919143
17800,0.573714
17801,0.902463
17802,0.746682
17803,0.548143
17804,0.60371
17805,0.701453
17806,0.46568
17807,0.60226
17808,0.496637
17809,0.786506
17810,0.839326
17811,0.915898
17812,0.937152
17813,0.755898
17814,0.574312
17815,0.898946
17816,0.863165
17817,0.675748
17818,0.978882
17819,0.619425
17820,0.744896
17821,0.769616
17822,0.674914
17823,0.065777
17824,0.707419
17825,0.568353
17826,0.883013
17827,0.810049
17828,0.957327
17829,0.753082
17830,0.570033
17831,0.924244
17832,0.769928
17833,0.954697
17834,0.827853
17835,0.5777
17836,0.509387
17837,0.557159
17838,0.673238
17839,0.477109
17840,0.971828
17841,0.85357
17842,0.533933
17843,0.820132
17844,0.782319
17845,0.597875
17846,0.746502
17847,0.297093
17848,0.704076
17849,0.949094
17850,0.853717
17851,0.945969
17852,0.73251
17853,0.581704
17854,0.833488
17855,0.493312
17856,0.808097
17857,0.49065
17858,0.872407
17859,0.466394
17860,0.705072
17861,0.907431
17862,0.832821
17863,0.89927
17864,0.858384
17865,0.912392
17866,0.619698
17867,0.794906
17868,0.94156
17869,0.807326
17870,0.788458
17871,0.57223
17872,0.987554
17873,0.916698
17874,0.699743
17875,0.781012
17876,0.851207
17877,0.284369
17878,0.667943
17879,0.69843
17880,0.468539
17881,0.960315
17882,0.984717
17883,0.552466
17884,0.591852
17885,0.077852
17886,0.57829
17887,0.854866
17888,0.696519
17889,0.8731
17890,0.7557
17891,0.775933
17892,0.714756
17893,0.385888
17894,0.69869
17895,0.671804
17896,0.557955
17897,0.644648
17898,0.676903
17899,0.928697
17900,0.665636
17901,0.928743
17902,0.892003
17903,0.262176
17904,0.88325
17905,0.495507
17906,0.531473
17907,0.598193
17908,0.469937
17909,0.906459
17910,0.339482
17911,0.715483
17912,0.904025
17913,0.942614
17914,0.223155
17915,0.390206
17916,0.72054
17917,0.941232
17918,0.983158
17919,0.86609
17920,0.846048
17921,0.692219
17922,0.903754
17923,0.861878
17924,0.961251
17925,0.829059
17926,0.888222
17927,0.565256
17928,0.820238
17929,0.784932
17930,0.809172
17931,0.762925
17932,0.467153
17933,0.08065
17934,0.969885
17935,0.614605
17936,0.690589
17937,0.851951
17938,0.880611
17939,0.640106
17940,0.657109
17941,0.850918
17942,0.772069
17943,0.294973
17944,0.772413
17945,0.580314
17946,0.963024
17947,0.662408
17948,0.797547
17949,0.449886
17950,0.651475
17951,0.891263
17952,0.653031
17953,0.810593
17954,0.742548
17955,0.537446
17956,0.703886
17957,0.697092
17958,0.580001
17959,0.857837
17960,0.537703
17961,0.656079
17962,0.746093
17963,0.689834
17964,0.634639
17965,0.843256
17966,0.717544
17967,0.649011
17968,0.871287
17969,0.56414
17970,0.512161
17971,0.931212
17972,0.95079
17973,0.75283
17974,0.947408
17975,0.718956
17976,0.454159
17977,0.661355
17978,0.951395
17979,0.623881
17980,0.571185
17981,0.871863
17982,0.674644
17983,0.896491
17984,0.903866
17985,0.468199
17986,0.669833
17987,0.909005
17988,0.928753
17989,0.11926
17990,0.86873
17991,0.940787
17992,0.857833
17993,0.626039
17994,0.890793
17995,0.582471
17996,0.185844
17997,0.736231
17998,0.370913
17999,0.795085
18000,0.619158
18001,0.880898
18002,0.835533
18003,0.933122
18004,0.769277
18005,0.673083
18006,0.981057
18007,0.536067
18008,0.501021
18009,0.970161
18010,0.836068
18011,0.950093
18012,0.726591
18013,0.821869
18014,0.456187
18015,0.968217
18016,0.61747
18017,0.949929
18018,0.992023
18019,0.932513
18020,0.84065
18021,0.260293
18022,0.843762
18023,0.686104
18024,0.618914
18025,0.507837
18026,0.60777
18027,0.208007
18028,0.434819
18029,0.881812
18030,0.768701
18031,0.961493
18032,0.723336
18033,0.797837
18034,0.231214
18035,0.651915
18036,0.721159
18037,0.457017
18038,0.885345
18039,0.738614
18040,0.785341
18041,0.83193
18042,0.930602
18043,0.738475
18044,0.843293
18045,0.617148
18046,0.9716
18047,0.792729
18048,0.658955
18049,0.778965
18050,0.539662
18051,0.841481
18052,0.59394
18053,0.803518
18054,0.752336
18055,0.918014
18056,0.041713
18057,0.754501
18058,0.500881
18059,0.749965
18060,0.948436
18061,0.986392
18062,0.739639
18063,0.716624
18064,0.58687
18065,0.452197
18066,0.622918
18067,0.853048
18068,0.869672
18069,0.908715
18070,0.202986
18071,0.95629
18072,0.91109
18073,0.682843
18074,0.749341
18075,0.94755
18076,0.870823
18077,0.884043
18078,0.865503
18079,0.815755
18080,0.73824
18081,0.781491
18082,0.883603
18083,0.575939
18084,0.979298
18085,0.842181
18086,0.845643
18087,0.562064
18088,0.447211
18089,0.550966
18090,0.862112
18091,0.85403
18092,0.742586
18093,0.643806
18094,0.538909
18095,0.976394
18096,0.850061
18097,0.767217
18098,0.918958
18099,0.853988
18100,0.88267
18101,0.691907
18102,0.927122
18103,0.878546
18104,0.83759
18105,0.783318
18106,0.725309
18107,0.593296
18108,0.798533
18109,0.715941
18110,0.779889
18111,0.677216
18112,0.858854
18113,0.648744
18114,0.948731
18115,0.905561
18116,0.75316
18117,0.915999
18118,0.542116
18119,0.805863
18120,0.713085
18121,0.679221
18122,0.777556
18123,0.648103
18124,0.606424
18125,0.805422
18126,0.456919
18127,0.814195
18128,0.607415
18129,0.606211
18130,0.658144
18131,0.852354
18132,0.944779
18133,0.514537
18134,0.91605
18135,0.837106
18136,0.955927
18137,0.852516
18138,0.764949
18139,0.933161
18140,0.10565
18141,0.797645
18142,0.876392
18143,0.901343
18144,0.84166
18145,0.050503
18146,0.258207
18147,0.897921
18148,0.597263
18149,0.925713
18150,0.636764
18151,0.943369
18152,0.777787
18153,0.881109
18154,0.961222
18155,0.567929
18156,0.619047
18157,0.706034
18158,0.52393
18159,0.744823
18160,0.08675
18161,0.789698
18162,0.594957
18163,0.934354
18164,0.690235
18165,0.526268
18166,0.740821
18167,0.777371
18168,0.701991
18169,0.66137
18170,0.621206
18171,0.50088
18172,0.659311
18173,0.562658
18174,0.760136
18175,0.779344
18176,0.957946
18177,0.59089
18178,0.951519
18179,0.946078
18180,0.925868
18181,0.665799
18182,0.052414
18183,0.938165
18184,0.752138
18185,0.616825
18186,0.806789
18187,0.676693
18188,0.720172
18189,0.686768
18190,0.085421
18191,0.740307
18192,0.650165
18193,0.582989
18194,0.753657
18195,0.455783
18196,0.545325
18197,0.950669
18198,0.901641
18199,0.573385
18200,0.733358
18201,0.961968
18202,0.829212
18203,0.597167
18204,0.62481
18205,0.305937
18206,0.946949
18207,0.487162
18208,0.880922
18209,0.785596
18210,0.88242
18211,0.053643
18212,0.889362
18213,0.953996
18214,0.766528
18215,0.65963
18216,0.526024
18217,0.905254
18218,0.748968
18219,0.922252
18220,0.825215
18221,0.961081
18222,0.688196
18223,0.775164
18224,0.401617
18225,0.556058
18226,0.743874
18227,0.644658
18228,0.871533
18229,0.544407
18230,0.626231
18231,0.968517
18232,0.8899
18233,0.825011
18234,0.758641
18235,0.807439
18236,0.772919
18237,0.774762
18238,0.567337
18239,0.468819
18240,0.573665
18241,0.658203
18242,0.607147
18243,0.960225
18244,0.854968
18245,0.681944
18246,0.615323
18247,0.736714
18248,0.729355
18249,0.91241
18250,0.790915
18251,0.967693
18252,0.762918
18253,0.619109
18254,0.578985
18255,0.79748
18256,0.647726
18257,0.831239
18258,0.88801
18259,0.75909
18260,0.091932
18261,0.64778
18262,0.748541
18263,0.869399
18264,0.753631
18265,0.838185
18266,0.227437
18267,0.746384
18268,0.76858
18269,0.527008
18270,0.733936
18271,0.974866
18272,0.912485
18273,0.76238
18274,0.641573
18275,0.378669
18276,0.840427
18277,0.176468
18278,0.957992
18279,0.554323
18280,0.648748
18281,0.883113
18282,0.65405
18283,0.486987
18284,0.721106
18285,0.724932
18286,0.710459
18287,0.658693
18288,0.648017
18289,0.700466
18290,0.724904
18291,0.465308
18292,0.882407
18293,0.517055
18294,0.774925
18295,0.582385
18296,0.917225
18297,0.674005
18298,0.821573
18299,0.669295
18300,0.973417
18301,0.663059
18302,0.566306
18303,0.723225
18304,0.807979
18305,0.844722
18306,0.307251
18307,0.82969
18308,0.597563
18309,0.974444
18310,0.793704
18311,0.868579
18312,0.623596
18313,0.820643
18314,0.657631
18315,0.954542
18316,0.463304
18317,0.455085
18318,0.786661
18319,0.820121
18320,0.980326
18321,0.040938
18322,0.907395
18323,0.659918
18324,0.718828
18325,0.512507
18326,0.799437
18327,0.644007
18328,0.724616
18329,0.923295
18330,0.759719
18331,0.628535
18332,0.983305
18333,0.760597
18334,0.814168
18335,0.398828
18336,0.724844
18337,0.635299
18338,0.639003
18339,0.778028
18340,0.600182
18341,0.969882
18342,0.852717
18343,0.86533
18344,0.866782
18345,0.909993
18346,0.857377
18347,0.655806
18348,0.408069
18349,0.384601
18350,0.690633
18351,0.949134
18352,0.437874
18353,0.88784
18354,0.438711
18355,0.928144
18356,0.734245
18357,0.808514
18358,0.897194
18359,0.749553
18360,0.910982
18361,0.432928
18362,0.899269
18363,0.706297
18364,0.1345
18365,0.920209
18366,0.605138
18367,0.581993
18368,0.660172
18369,0.623446
18370,0.582111
18371,0.631819
18372,0.843642
18373,0.881498
18374,0.676456
18375,0.832426
18376,0.631981
18377,0.867658
18378,0.673684
18379,0.754632
18380,0.878725
18381,0.910657
18382,0.985451
18383,0.527006
18384,0.499002
18385,0.838282
18386,0.679679
18387,0.753783
18388,0.155229
18389,0.785913
18390,0.074998
18391,0.432962
18392,0.764394
18393,0.807734
18394,0.639298
18395,0.986058
18396,0.589249
18397,0.526267
18398,0.712541
18399,0.566742
18400,0.611562
18401,0.345369
18402,0.208192
18403,0.658447
18404,0.842607
18405,0.873329
18406,0.967043
18407,0.945681
18408,0.632558
18409,0.590076
18410,0.922877
18411,0.831476
18412,0.649579
18413,0.827749
18414,0.718754
18415,0.730273
18416,0.962239
18417,0.802965
18418,0.22131
18419,0.977541
18420,0.207432
18421,0.830172
18422,0.966259
18423,0.670469
18424,0.966386
18425,0.549087
18426,0.977299
18427,0.889494
18428,0.768566
18429,0.580216
18430,0.713314
18431,0.812022
18432,0.540408
18433,0.878931
18434,0.772274
18435,0.654766
18436,0.935137
18437,0.902064
18438,0.60066
18439,0.77082
18440,0.858021
18441,0.632088
18442,0.926362
18443,0.715872
18444,0.831807
18445,0.743986
18446,0.986521
18447,0.816467
18448,0.582967
18449,0.486185
18450,0.328669
18451,0.5187
18452,0.305314
18453,0.84059
18454,0.752735
18455,0.688958
18456,0.74066
18457,0.781209
18458,0.884682
18459,0.838358
18460,0.902158
18461,0.923994
18462,0.710013
18463,0.636594
18464,0.758667
18465,0.667557
18466,0.707479
18467,0.972804
18468,0.540133
18469,0.772365
18470,0.940957
18471,0.757305
18472,0.784368
18473,0.715931
18474,0.630039
18475,0.500107
18476,0.192696
18477,0.511818
18478,0.54752
18479,0.397842
18480,0.33333
18481,0.945415
18482,0.953605
18483,0.963783
18484,0.829417
18485,0.892274
18486,0.704454
18487,0.798901
18488,0.788456
18489,0.821459
18490,0.843442
18491,0.537194
18492,0.500265
18493,0.408902
18494,0.547546
18495,0.83116
18496,0.726843
18497,0.726097
18498,0.647824
18499,0.111263
18500,0.654393
18501,0.703625
18502,0.736746
18503,0.838004
18504,0.686921
18505,0.701073
18506,0.850262
18507,0.432145
18508,0.978959
18509,0.661577
18510,0.980039
18511,0.27211
18512,0.745477
18513,0.819897
18514,0.986428
18515,0.575043
18516,0.331969
18517,0.942674
18518,0.605954
18519,0.56103
18520,0.796462
18521,0.517211
18522,0.709682
18523,0.668494
18524,0.44455
18525,0.442319
18526,0.9026
18527,0.98596
18528,0.871852
18529,0.359866
18530,0.642452
18531,0.360358
18532,0.867506
18533,0.818113
18534,0.901515
18535,0.885321
18536,0.433989
18537,0.080128
18538,0.603328
18539,0.738505
18540,0.857471
18541,0.938341
18542,0.458188
18543,0.405656
18544,0.700608
18545,0.764571
18546,0.974465
18547,0.773616
18548,0.454867
18549,0.832827
18550,0.82654
18551,0.745405
18552,0.972962
18553,0.610702
18554,0.876175
18555,0.469613
18556,0.68146
18557,0.748699
18558,0.710196
18559,0.727467
18560,0.882419
18561,0.614269
18562,0.793285
18563,0.958533
18564,0.066846
18565,0.574092
18566,0.967327
18567,0.845623
18568,0.696379
18569,0.963665
18570,0.113614
18571,0.623399
18572,0.631757
18573,0.947361
18574,0.278816
18575,0.597652
18576,0.875512
18577,0.141145
18578,0.94619
18579,0.650426
18580,0.601492
18581,0.52175
18582,0.753389
18583,0.788259
18584,0.08485
18585,0.775561
18586,0.646575
18587,0.943204
18588,0.562261
18589,0.91494
18590,0.758
18591,0.859075
18592,0.725234
18593,0.65251
18594,0.534125
18595,0.822388
18596,0.866466
18597,0.485788
18598,0.910838
18599,0.820939
18600,0.75267
18601,0.544452
18602,0.923079
18603,0.676852
18604,0.775655
18605,0.895262
18606,0.801465
18607,0.879075
18608,0.669581
18609,0.759522
18610,0.934083
18611,0.960553
18612,0.834604
18613,0.78934
18614,0.247013
18615,0.859095
18616,0.904878
18617,0.594665
18618,0.877897
18619,0.942654
18620,0.919322
18621,0.54508
18622,0.663193
18623,0.851668
18624,0.621486
18625,0.795509
18626,0.834703
18627,0.918653
18628,0.72315
18629,0.66105
18630,0.750227
18631,0.946235
18632,0.356188
18633,0.703169
18634,0.80627
18635,0.866489
18636,0.355712
18637,0.88692
18638,0.838144
18639,0.13823
18640,0.831054
18641,0.79461
18642,0.623914
18643,0.448736
18644,0.903116
18645,0.957894
18646,0.708272
18647,0.075732
18648,0.652802
18649,0.96974
18650,0.461432
18651,0.815612
18652,0.792282
18653,0.891424
18654,0.66578
18655,0.823594
18656,0.734064
18657,0.413762
18658,0.636794
18659,0.811554
18660,0.423846
18661,0.913281
18662,0.610074
18663,0.974206
18664,0.576973
18665,0.767496
18666,0.831809
18667,0.883558
18668,0.79436
18669,0.688873
18670,0.655771
18671,0.74317
18672,0.654034
18673,0.55906
18674,0.721763
18675,0.071363
18676,0.897269
18677,0.381585
18678,0.714499
18679,0.992626
18680,0.893409
18681,0.706011
18682,0.788201
18683,0.641509
18684,0.078794
18685,0.932347
18686,0.74738
18687,0.60835
18688,0.713731
18689,0.515265
18690,0.232319
18691,0.874138
18692,0.564783
18693,0.784788
18694,0.645811
18695,0.740052
18696,0.962677
18697,0.798963
18698,0.610982
18699,0.928696
18700,0.812317
18701,0.456261
18702,0.967721
18703,0.966134
18704,0.746237
18705,0.83959
18706,0.436782
18707,0.459246
18708,0.54731
18709,0.77089
18710,0.716242
18711,0.769869
18712,0.912
18713,0.793419
18714,0.590489
18715,0.847112
18716,0.890364
18717,0.798692
18718,0.631132
18719,0.701592
18720,0.93886
18721,0.981968
18722,0.731681
18723,0.681556
18724,0.821022
18725,0.67175
18726,0.4905
18727,0.92288
18728,0.899106
18729,0.826025
18730,0.898424
18731,0.846368
18732,0.674215
18733,0.881404
18734,0.569492
18735,0.865922
18736,0.821747
18737,0.917475
18738,0.244202
18739,0.782592
18740,0.783988
18741,0.702594
18742,0.946712
18743,0.95978
18744,0.798317
18745,0.564156
18746,0.791563
18747,0.087851
18748,0.762133
18749,0.907973
18750,0.888201
18751,0.900763
18752,0.537795
18753,0.956833
18754,0.824985
18755,0.353975
18756,0.824217
18757,0.901297
18758,0.794885
18759,0.841898
18760,0.782561
18761,0.977905
18762,0.768174
18763,0.859862
18764,0.65552
18765,0.443011
18766,0.650043
18767,0.551695
18768,0.709231
18769,0.858241
18770,0.913271
18771,0.328042
18772,0.599914
18773,0.759294
18774,0.880439
18775,0.970511
18776,0.818794
18777,0.901848
18778,0.467629
18779,0.799746
18780,0.583659
18781,0.910544
18782,0.585548
18783,0.062829
18784,0.573736
18785,0.440794
18786,0.851478
18787,0.820904
18788,0.465179
18789,0.745344
18790,0.635081
18791,0.85781
18792,0.723602
18793,0.800842
18794,0.672851
18795,0.907351
18796,0.795058
18797,0.651696
18798,0.363588
18799,0.859122
18800,0.773884
18801,0.90564
18802,0.384541
18803,0.682691
18804,0.917092
18805,0.960213
18806,0.369581
18807,0.974225
18808,0.835683
18809,0.81133
18810,0.883341
18811,0.971757
18812,0.753536
18813,0.745428
18814,0.628668
18815,0.749942
18816,0.892048
18817,0.860547
18818,0.480159
18819,0.937941
18820,0.922482
18821,0.588088
18822,0.85737
18823,0.924242
18824,0.219875
18825,0.696114
18826,0.132222
18827,0.899245
18828,0.69243
18829,0.192669
18830,0.594617
18831,0.820953
18832,0.705369
18833,0.957006
18834,0.548842
18835,0.697801
18836,0.802883
18837,0.614277
18838,0.829871
18839,0.756829
18840,0.786304
18841,0.912881
18842,0.542685
18843,0.820749
18844,0.569776
18845,0.642539
18846,0.735526
18847,0.895295
18848,0.673147
18849,0.809542
18850,0.405654
18851,0.050644
18852,0.626105
18853,0.844926
18854,0.92936
18855,0.574516
18856,0.902426
18857,0.762192
18858,0.793113
18859,0.694065
18860,0.627073
18861,0.738537
18862,0.935578
18863,0.798778
18864,0.047071
18865,0.746984
18866,0.524705
18867,0.62693
18868,0.975583
18869,0.669921
18870,0.924625
18871,0.674639
18872,0.810999
18873,0.934162
18874,0.885724
18875,0.84967
18876,0.830928
18877,0.866484
18878,0.975712
18879,0.855628
18880,0.750795
18881,0.904042
18882,0.562586
18883,0.5355
18884,0.927262
18885,0.986792
18886,0.526461
18887,0.929707
18888,0.710651
18889,0.912152
18890,0.945867
18891,0.635556
18892,0.491127
18893,0.875262
18894,0.100592
18895,0.753529
18896,0.775119
18897,0.748849
18898,0.584659
18899,0.365116
18900,0.85799
18901,0.938901
18902,0.829655
18903,0.951844
18904,0.845153
18905,0.583349
18906,0.870263
18907,0.777505
18908,0.968537
18909,0.703586
18910,0.770236
18911,0.691843
18912,0.067794
18913,0.875333
18914,0.542684
18915,0.421974
18916,0.255093
18917,0.790038
18918,0.088722
18919,0.876564
18920,0.794565
18921,0.431725
18922,0.563071
18923,0.612536
18924,0.161297
18925,0.686553
18926,0.85242
18927,0.977858
18928,0.928835
18929,0.796465
18930,0.852961
18931,0.66884
18932,0.90054
18933,0.935452
18934,0.858178
18935,0.90666
18936,0.850515
18937,0.865584
18938,0.971449
18939,0.615085
18940,0.119241
18941,0.708184
18942,0.936214
18943,0.58547
18944,0.951355
18945,0.875864
18946,0.111746
18947,0.910905
18948,0.813958
18949,0.686523
18950,0.844243
18951,0.672855
18952,0.671765
18953,0.68474
18954,0.567277
18955,0.744583
18956,0.927942
18957,0.681052
18958,0.581229
18959,0.392464
18960,0.896385
18961,0.53443
18962,0.980403
18963,0.800527
18964,0.931033
18965,0.72767
18966,0.660643
18967,0.663077
18968,0.483737
18969,0.351466
18970,0.309345
18971,0.87426
18972,0.646856
18973,0.238787
18974,0.97627
18975,0.887298
18976,0.480323
18977,0.842346
18978,0.69965
18979,0.748796
18980,0.825818
18981,0.639783
18982,0.767031
18983,0.63486
18984,0.87634
18985,0.71576
18986,0.810434
18987,0.929188
18988,0.080552
18989,0.902041
18990,0.589985
18991,0.729954
18992,0.536762
18993,0.835405
18994,0.747601
18995,0.902735
18996,0.813289
18997,0.73297
18998,0.606868
18999,0.719949
19000,0.580178
19001,0.080382
19002,0.860003
19003,0.714263
19004,0.974803
19005,0.702404
19006,0.775043
19007,0.16032
19008,0.787549
19009,0.640187
19010,0.191558
19011,0.546908
19012,0.748314
19013,0.501416
19014,0.973886
19015,0.608445
19016,0.697818
19017,0.630006
19018,0.855331
19019,0.737585
19020,0.879826
19021,0.621538
19022,0.838916
19023,0.952507
19024,0.91659
19025,0.713319
19026,0.684441
19027,0.777264
19028,0.785265
19029,0.729994
19030,0.792726
19031,0.631283
19032,0.72614
19033,0.824686
19034,0.966305
19035,0.691722
19036,0.810998
19037,0.891943
19038,0.631249
19039,0.599817
19040,0.784887
19041,0.639508
19042,0.693169
19043,0.794874
19044,0.792763
19045,0.749149
19046,0.187645
19047,0.668937
19048,0.652912
19049,0.675467
19050,0.552856
19051,0.900293
19052,0.590231
19053,0.951429
19054,0.466649
19055,0.975798
19056,0.361132
19057,0.966506
19058,0.732138
19059,0.869764
19060,0.916872
19061,0.810175
19062,0.71253
19063,0.731167
19064,0.858876
19065,0.937738
19066,0.828573
19067,0.842133
19068,0.94668
19069,0.944108
19070,0.81844
19071,0.405614
19072,0.935872
19073,0.672203
19074,0.980963
19075,0.701131
19076,0.975119
19077,0.770098
19078,0.980298
19079,0.624649
19080,0.952734
19081,0.609887
19082,0.4858
19083,0.952042
19084,0.703764
19085,0.897185
19086,0.703271
19087,0.911338
19088,0.631951
19089,0.874685
19090,0.737602
19091,0.348415
19092,0.709379
19093,0.737709
19094,0.940903
19095,0.459499
19096,0.525584
19097,0.967673
19098,0.554648
19099,0.736962
19100,0.843075
19101,0.746036
19102,0.722982
19103,0.903994
19104,0.645611
19105,0.870985
19106,0.749808
19107,0.711273
19108,0.57388
19109,0.70463
19110,0.407576
19111,0.725209
19112,0.911929
19113,0.626084
19114,0.625733
19115,0.417152
19116,0.844067
19117,0.902917
19118,0.843985
19119,0.56834
19120,0.852068
19121,0.573407
19122,0.988108
19123,0.903067
19124,0.991474
19125,0.623801
19126,0.824721
19127,0.957179
19128,0.953699
19129,0.75155
19130,0.610605
19131,0.947911
19132,0.986744
19133,0.592356
19134,0.822805
19135,0.680541
19136,0.660138
19137,0.592607
19138,0.719446
19139,0.774314
19140,0.752702
19141,0.911155
19142,0.625692
19143,0.922432
19144,0.964768
19145,0.676955
19146,0.645737
19147,0.832578
19148,0.90151
19149,0.760686
19150,0.746076
19151,0.765806
19152,0.924403
19153,0.717758
19154,0.399676
19155,0.062283
19156,0.675143
19157,0.707511
19158,0.940502
19159,0.907074
19160,0.673281
19161,0.995821
19162,0.724256
19163,0.842343
19164,0.741937
19165,0.647175
19166,0.82651
19167,0.896388
19168,0.94138
19169,0.775535
19170,0.675811
19171,0.654917
19172,0.990396
19173,0.63533
19174,0.953142
19175,0.986771
19176,0.619485
19177,0.916495
19178,0.741797
19179,0.771463
19180,0.875599
19181,0.915386
19182,0.908218
19183,0.938118
19184,0.695562
19185,0.628345
19186,0.647793
19187,0.880013
19188,0.976985
19189,0.65878
19190,0.635638
19191,0.918015
19192,0.891691
19193,0.886185
19194,0.887469
19195,0.580981
19196,0.883773
19197,0.933511
19198,0.854615
19199,0.675498
19200,0.588656
19201,0.630364
19202,0.763555
19203,0.734805
19204,0.657721
19205,0.900319
19206,0.90673
19207,0.721216
19208,0.885601
19209,0.681667
19210,0.976414
19211,0.698812
19212,0.606105
19213,0.765828
19214,0.970562
19215,0.882405
19216,0.561837
19217,0.594061
19218,0.56126
19219,0.860595
19220,0.054024
19221,0.733431
19222,0.652822
19223,0.930781
19224,0.846218
19225,0.639612
19226,0.487423
19227,0.690101
19228,0.647211
19229,0.857674
19230,0.616889
19231,0.960405
19232,0.836149
19233,0.66403
19234,0.955842
19235,0.97874
19236,0.873531
19237,0.558334
19238,0.972026
19239,0.944646
19240,0.979004
19241,0.906834
19242,0.979711
19243,0.760506
19244,0.893016
19245,0.935525
19246,0.787294
19247,0.839046
19248,0.821002
19249,0.648257
19250,0.990293
19251,0.780976
19252,0.622555
19253,0.582711
19254,0.68708
19255,0.884325
19256,0.929317
19257,0.896635
19258,0.633275
19259,0.935986
19260,0.641864
19261,0.566564
19262,0.483977
19263,0.681279
19264,0.847267
19265,0.86036
19266,0.674585
19267,0.619799
19268,0.587223
19269,0.569434
19270,0.417537
19271,0.867753
19272,0.915906
19273,0.603718
19274,0.834267
19275,0.53266
19276,0.784868
19277,0.972206
19278,0.788363
19279,0.637808
19280,0.558594
19281,0.255018
19282,0.851345
19283,0.605815
19284,0.835034
19285,0.921418
19286,0.641084
19287,0.506271
19288,0.660962
19289,0.808931
19290,0.738874
19291,0.753048
19292,0.80971
19293,0.940947
19294,0.523499
19295,0.610279
19296,0.806718
19297,0.937508
19298,0.250018
19299,0.668049
19300,0.851894
19301,0.724648
19302,0.980498
19303,0.946579
19304,0.602103
19305,0.972411
19306,0.757212
19307,0.721022
19308,0.671732
19309,0.84411
19310,0.726059
19311,0.308917
19312,0.956412
19313,0.265195
19314,0.806801
19315,0.874311
19316,0.7412
19317,0.879805
19318,0.834803
19319,0.775693
19320,0.828263
19321,0.707147
19322,0.837594
19323,0.405524
19324,0.630335
19325,0.88237
19326,0.921822
19327,0.787569
19328,0.624446
19329,0.770578
19330,0.737748
19331,0.755313
19332,0.864115
19333,0.933621
19334,0.734494
19335,0.910591
19336,0.472893
19337,0.662005
19338,0.944175
19339,0.942938
19340,0.986952
19341,0.774993
19342,0.940553
19343,0.607701
19344,0.734606
19345,0.860272
19346,0.6521
19347,0.797853
19348,0.938599
19349,0.982288
19350,0.907327
19351,0.729064
19352,0.348261
19353,0.37432
19354,0.869823
19355,0.946877
19356,0.92982
19357,0.815021
19358,0.653545
19359,0.852613
19360,0.057455
19361,0.912425
19362,0.46486
19363,0.89525
19364,0.815157
19365,0.695393
19366,0.882429
19367,0.271942
19368,0.857042
19369,0.44517
19370,0.868803
19371,0.676375
19372,0.6642
19373,0.847301
19374,0.789253
19375,0.650242
19376,0.63967
19377,0.533772
19378,0.730385
19379,0.964665
19380,0.703937
19381,0.565966
19382,0.521095
19383,0.97023
19384,0.329825
19385,0.652541
19386,0.918473
19387,0.969472
19388,0.763736
19389,0.897896
19390,0.82394
19391,0.955169
19392,0.792394
19393,0.723502
19394,0.593319
19395,0.871496
19396,0.332474
19397,0.695502
19398,0.99034
19399,0.690204
19400,0.91144
19401,0.928847
19402,0.681003
19403,0.733861
19404,0.785559
19405,0.965391
19406,0.945507
19407,0.940816
19408,0.833879
19409,0.760803
19410,0.061378
19411,0.708003
19412,0.860531
19413,0.722465
19414,0.971075
19415,0.317257
19416,0.567153
19417,0.863833
19418,0.514734
19419,0.698603
19420,0.630003
19421,0.878006
19422,0.844472
19423,0.451639
19424,0.559018
19425,0.670933
19426,0.579078
19427,0.867441
19428,0.952474
19429,0.743884
19430,0.502372
19431,0.705645
19432,0.924972
19433,0.635112
19434,0.823869
19435,0.66021
19436,0.630484
19437,0.711301
19438,0.775876
19439,0.487231
19440,0.68717
19441,0.860495
19442,0.789675
19443,0.592157
19444,0.708891
19445,0.807692
19446,0.844093
19447,0.809378
19448,0.638185
19449,0.860365
19450,0.709585
19451,0.591032
19452,0.93143
19453,0.483452
19454,0.848975
19455,0.796918
19456,0.603558
19457,0.914326
19458,0.744786
19459,0.566988
19460,0.754134
19461,0.789473
19462,0.686834
19463,0.62963
19464,0.723713
19465,0.845752
19466,0.940876
19467,0.712692
19468,0.436253
19469,0.875944
19470,0.624756
19471,0.99137
19472,0.865369
19473,0.635956
19474,0.90953
19475,0.879589
19476,0.974545
19477,0.750713
19478,0.529047
19479,0.62324
19480,0.357556
19481,0.435556
19482,0.67125
19483,0.874175
19484,0.676192
19485,0.884056
19486,0.705154
19487,0.660449
19488,0.666537
19489,0.152693
19490,0.688203
19491,0.770885
19492,0.924347
19493,0.723642
19494,0.744507
19495,0.646437
19496,0.777868
19497,0.912686
19498,0.394505
19499,0.85859
19500,0.678092
19501,0.716303
19502,0.673076
19503,0.445608
19504,0.676371
19505,0.0775
19506,0.672956
19507,0.78379
19508,0.748489
19509,0.6455
19510,0.619604
19511,0.625188
19512,0.76942
19513,0.587962
19514,0.617989
19515,0.72584
19516,0.693363
19517,0.710633
19518,0.637053
19519,0.862509
19520,0.455216
19521,0.699361
19522,0.875191
19523,0.603595
19524,0.974367
19525,0.320436
19526,0.971716
19527,0.871722
19528,0.656213
19529,0.752382
19530,0.665159
19531,0.579748
19532,0.887749
19533,0.571081
19534,0.923987
19535,0.602117
19536,0.7466
19537,0.95453
19538,0.40255
19539,0.430453
19540,0.723199
19541,0.885151
19542,0.383182
19543,0.96648
19544,0.061842
19545,0.54095
19546,0.094545
19547,0.634359
19548,0.340786
19549,0.923757
19550,0.665996
19551,0.673576
19552,0.755319
19553,0.975187
19554,0.738311
19555,0.920756
19556,0.860964
19557,0.757753
19558,0.763442
19559,0.521899
19560,0.047532
19561,0.81547
19562,0.790324
19563,0.917376
19564,0.537593
19565,0.544193
19566,0.588552
19567,0.773465
19568,0.689437
19569,0.531218
19570,0.740713
19571,0.96239
19572,0.899397
19573,0.867427
19574,0.783425
19575,0.706802
19576,0.920022
19577,0.85861
19578,0.768435
19579,0.588464
19580,0.438094
19581,0.615032
19582,0.777625
19583,0.7902
19584,0.917021
19585,0.177985
19586,0.690505
19587,0.45731
19588,0.845279
19589,0.920639
19590,0.932478
19591,0.953054
19592,0.752798
19593,0.958493
19594,0.835412
19595,0.863241
19596,0.530736
19597,0.86761
19598,0.865871
19599,0.234494
19600,0.886369
19601,0.757828
19602,0.854383
19603,0.904852
19604,0.782417
19605,0.82041
19606,0.993471
19607,0.564766
19608,0.959492
19609,0.821285
19610,0.748395
19611,0.949916
19612,0.497113
19613,0.988014
19614,0.703543
19615,0.876861
19616,0.801813
19617,0.947456
19618,0.886789
19619,0.811848
19620,0.654553
19621,0.672264
19622,0.939821
19623,0.721054
19624,0.734058
19625,0.888549
19626,0.940926
19627,0.667845
19628,0.665966
19629,0.509697
19630,0.773527
19631,0.881821
19632,0.889782
19633,0.775334
19634,0.774346
19635,0.856636
19636,0.804481
19637,0.418334
19638,0.92116
19639,0.602887
19640,0.801063
19641,0.769212
19642,0.627281
19643,0.888933
19644,0.928194
19645,0.860423
19646,0.695616
19647,0.8109
19648,0.740589
19649,0.890088
19650,0.558179
19651,0.780783
19652,0.754727
19653,0.900157
19654,0.928379
19655,0.739345
19656,0.934184
19657,0.921654
19658,0.034519
19659,0.531228
19660,0.472193
19661,0.592911
19662,0.787199
19663,0.954223
19664,0.814594
19665,0.756235
19666,0.767457
19667,0.768664
19668,0.664485
19669,0.968719
19670,0.444079
19671,0.570644
19672,0.884718
19673,0.536012
19674,0.445802
19675,0.966005
19676,0.602101
19677,0.735745
19678,0.678982
19679,0.836843
19680,0.651282
19681,0.969782
19682,0.834247
19683,0.329527
19684,0.778346
19685,0.618049
19686,0.874209
19687,0.846734
19688,0.680565
19689,0.775997
19690,0.713262
19691,0.468983
19692,0.763825
19693,0.970802
19694,0.803643
19695,0.981436
19696,0.729661
19697,0.987159
19698,0.795829
19699,0.862162
19700,0.11313
19701,0.76764
19702,0.493925
19703,0.923056
19704,0.845183
19705,0.956637
19706,0.904037
19707,0.982261
19708,0.901161
19709,0.839553
19710,0.761374
19711,0.516058
19712,0.461155
19713,0.823773
19714,0.90848
19715,0.412187
19716,0.875753
19717,0.81057
19718,0.815062
19719,0.64061
19720,0.639681
19721,0.945544
19722,0.840908
19723,0.260517
19724,0.535893
19725,0.857382
19726,0.959305
19727,0.552195
19728,0.3875
19729,0.915458
19730,0.874141
19731,0.878221
19732,0.564584
19733,0.329443
19734,0.962931
19735,0.707628
19736,0.702806
19737,0.315651
19738,0.894247
19739,0.655363
19740,0.59052
19741,0.481416
19742,0.765662
19743,0.881459
19744,0.106876
19745,0.812172
19746,0.618129
19747,0.195243
19748,0.712377
19749,0.464472
19750,0.782797
19751,0.857229
19752,0.173667
19753,0.672379
19754,0.432348
19755,0.837437
19756,0.984015
19757,0.695289
19758,0.112329
19759,0.852175
19760,0.903565
19761,0.979207
19762,0.857562
19763,0.518175
19764,0.369696
19765,0.690792
19766,0.778631
19767,0.674525
19768,0.584928
19769,0.907331
19770,0.579803
19771,0.752625
19772,0.922204
19773,0.987377
19774,0.095409
19775,0.866477
19776,0.965587
19777,0.567115
19778,0.582099
19779,0.760107
19780,0.759192
19781,0.904279
19782,0.955606
19783,0.863688
19784,0.829323
19785,0.680832
19786,0.730049
19787,0.751337
19788,0.501429
19789,0.35273
19790,0.88876
19791,0.814561
19792,0.610316
19793,0.854488
19794,0.622625
19795,0.936361
19796,0.585057
19797,0.086734
19798,0.794565
19799,0.774336
19800,0.823924
19801,0.689556
19802,0.969878
19803,0.582201
19804,0.670979
19805,0.047163
19806,0.406965
19807,0.438804
19808,0.904641
19809,0.617393
19810,0.578927
19811,0.568716
19812,0.674178
19813,0.989466
19814,0.663468
19815,0.778394
19816,0.308224
19817,0.64976
19818,0.810464
19819,0.475623
19820,0.407126
19821,0.683474
19822,0.725195
19823,0.935801
19824,0.343386
19825,0.743387
19826,0.482667
19827,0.852748
19828,0.842066
19829,0.986884
19830,0.864419
19831,0.858386
19832,0.817387
19833,0.739882
19834,0.671284
19835,0.789242
19836,0.93394
19837,0.807444
19838,0.906483
19839,0.766999
19840,0.821084
19841,0.594129
19842,0.516572
19843,0.687756
19844,0.700273
19845,0.677039
19846,0.620708
19847,0.741491
19848,0.469373
19849,0.719792
19850,0.737123
19851,0.507972
19852,0.687424
19853,0.45383
19854,0.827966
19855,0.695325
19856,0.855532
19857,0.671235
19858,0.761227
19859,0.468069
19860,0.434753
19861,0.968763
19862,0.557665
19863,0.719663
19864,0.88175
19865,0.604565
19866,0.634888
19867,0.876384
19868,0.988821
19869,0.596382
19870,0.951326
19871,0.420679
19872,0.797087
19873,0.737879
19874,0.607615
19875,0.930394
19876,0.772039
19877,0.716715
19878,0.899429
19879,0.944887
19880,0.662457
19881,0.544007
19882,0.93246
19883,0.070594
19884,0.986485
19885,0.842363
19886,0.970637
19887,0.908028
19888,0.761998
19889,0.694486
19890,0.765978
19891,0.944709
19892,0.984836
19893,0.856678
19894,0.635738
19895,0.649583
19896,0.792667
19897,0.937379
19898,0.971712
19899,0.717031
19900,0.761761
19901,0.438575
19902,0.801098
19903,0.349313
19904,0.972682
19905,0.750389
19906,0.928582
19907,0.908425
19908,0.848435
19909,0.861902
19910,0.319186
19911,0.52152
19912,0.602353
19913,0.836886
19914,0.926139
19915,0.728182
19916,0.872847
19917,0.970006
19918,0.86062
19919,0.835272
19920,0.689047
19921,0.733822
19922,0.701629
19923,0.355205
19924,0.71573
19925,0.722967
19926,0.614771
19927,0.817066
19928,0.904598
19929,0.687465
19930,0.776259
19931,0.674075
19932,0.65662
19933,0.689978
19934,0.93631
19935,0.767007
19936,0.86615
19937,0.585052
19938,0.849765
19939,0.968061
19940,0.821122
19941,0.616814
19942,0.645513
19943,0.818941
19944,0.75942
19945,0.924469
19946,0.511246
19947,0.985768
19948,0.862687
19949,0.838003
19950,0.659417
19951,0.894211
19952,0.622242
19953,0.677241
19954,0.873275
19955,0.754411
19956,0.962996
19957,0.572404
19958,0.947532
19959,0.717068
19960,0.980967
19961,0.869346
19962,0.785029
19963,0.781558
19964,0.960616
19965,0.641866
19966,0.567286
19967,0.973659
19968,0.783064
19969,0.690542
19970,0.687389
19971,0.54278
19972,0.911291
19973,0.682201
19974,0.512302
19975,0.784487
19976,0.935682
19977,0.893713
19978,0.978441
19979,0.95079
19980,0.879169
19981,0.628156
19982,0.589062
19983,0.930119
19984,0.908776
19985,0.79488
19986,0.696724
19987,0.736995
19988,0.654069
19989,0.90458
19990,0.701319
19991,0.938771
19992,0.98864
19993,0.846786
19994,0.728167
19995,0.912422
19996,0.66677
19997,0.921598
19998,0.675647
19999,0.989171
20000,0.779495
20001,0.819362
20002,0.666666
20003,0.637372
20004,0.723355
20005,0.490843
20006,0.798288
20007,0.902276
20008,0.896502
20009,0.75892
20010,0.527156
20011,0.396207
20012,0.888016
20013,0.868136
20014,0.857689
20015,0.843349
20016,0.50664
20017,0.687021
20018,0.598336
20019,0.607743
20020,0.696132
20021,0.944195
20022,0.888496
20023,0.663345
20024,0.960136
20025,0.486041
20026,0.784774
20027,0.954562
20028,0.674501
20029,0.768121
20030,0.680336
20031,0.898129
20032,0.788824
20033,0.468182
20034,0.504464
20035,0.921666
20036,0.690591
20037,0.671698
20038,0.790085
20039,0.858768
20040,0.722432
20041,0.950103
20042,0.302755
20043,0.581282
20044,0.495215
20045,0.677919
20046,0.911166
20047,0.694095
20048,0.70316
20049,0.883762
20050,0.944708
20051,0.92279
20052,0.42625
20053,0.880859
20054,0.699154
20055,0.629147
20056,0.634318
20057,0.739415
20058,0.872846
20059,0.580211
20060,0.870761
20061,0.65682
20062,0.035686
20063,0.933204
20064,0.695056
20065,0.970068
20066,0.702339
20067,0.440933
20068,0.812943
20069,0.777407
20070,0.633074
20071,0.690127
20072,0.61851
20073,0.666189
20074,0.504995
20075,0.615562
20076,0.055555
20077,0.950278
20078,0.787514
20079,0.936765
20080,0.59854
20081,0.072526
20082,0.696225
20083,0.71425
20084,0.824956
20085,0.607192
20086,0.886748
20087,0.847543
20088,0.644804
20089,0.762983
20090,0.897066
20091,0.824672
20092,0.868405
20093,0.584941
20094,0.758364
20095,0.845371
20096,0.885895
20097,0.156497
20098,0.100963
20099,0.617293
20100,0.730763
20101,0.43357
20102,0.832376
20103,0.870624
20104,0.850007
20105,0.177669
20106,0.635249
20107,0.784315
20108,0.591848
20109,0.596968
20110,0.974613
20111,0.740509
20112,0.853589
20113,0.737209
20114,0.681822
20115,0.554042
20116,0.484127
20117,0.91608
20118,0.610275
20119,0.654549
20120,0.804229
20121,0.526188
20122,0.450233
20123,0.501727
20124,0.50229
20125,0.386051
20126,0.896341
20127,0.960367
20128,0.945943
20129,0.525563
20130,0.519397
20131,0.425784
20132,0.863544
20133,0.762023
20134,0.56841
20135,0.483371
20136,0.201064
20137,0.597516
20138,0.832311
20139,0.755767
20140,0.709436
20141,0.794492
20142,0.481146
20143,0.567245
20144,0.374847
20145,0.982812
20146,0.466931
20147,0.976063
20148,0.801241
20149,0.276722
20150,0.918151
20151,0.58525
20152,0.770117
20153,0.746384
20154,0.791256
20155,0.912967
20156,0.691213
20157,0.82675
20158,0.906222
20159,0.769272
20160,0.787006
20161,0.561947
20162,0.567861
20163,0.371958
20164,0.835953
20165,0.384353
20166,0.689082
20167,0.87755
20168,0.79386
20169,0.730466
20170,0.670381
20171,0.937048
20172,0.674618
20173,0.782751
20174,0.743304
20175,0.806891
20176,0.577969
20177,0.739277
20178,0.574376
20179,0.730789
20180,0.557967
20181,0.824535
20182,0.857049
20183,0.24974
20184,0.744592
20185,0.686207
20186,0.868804
20187,0.659183
20188,0.964545
20189,0.743085
20190,0.555991
20191,0.793275
20192,0.762551
20193,0.810975
20194,0.491348
20195,0.54711
20196,0.811604
20197,0.598294
20198,0.780508
20199,0.111222
20200,0.499175
20201,0.54112
20202,0.632573
20203,0.854136
20204,0.945687
20205,0.639661
20206,0.81877
20207,0.813623
20208,0.717385
20209,0.901372
20210,0.855149
20211,0.455215
20212,0.723118
20213,0.621728
20214,0.639057
20215,0.924742
20216,0.888968
20217,0.84558
20218,0.777847
20219,0.891939
20220,0.520286
20221,0.486874
20222,0.993959
20223,0.702581
20224,0.594359
20225,0.465307
20226,0.657546
20227,0.87164
20228,0.935864
20229,0.810249
20230,0.638755
20231,0.801573
20232,0.249855
20233,0.975183
20234,0.774081
20235,0.800965
20236,0.621588
20237,0.40141
20238,0.654691
20239,0.254177
20240,0.661434
20241,0.721845
20242,0.74489
20243,0.503599
20244,0.594644
20245,0.737991
20246,0.695383
20247,0.881819
20248,0.656335
20249,0.657728
20250,0.709637
20251,0.753706
20252,0.920547
20253,0.720523
20254,0.964331
20255,0.627674
20256,0.910034
20257,0.788605
20258,0.535508
20259,0.862673
20260,0.875625
20261,0.621708
20262,0.712689
20263,0.533144
20264,0.797958
20265,0.438967
20266,0.443111
20267,0.07259
20268,0.566799
20269,0.768337
20270,0.911618
20271,0.792601
20272,0.639614
20273,0.477434
20274,0.930709
20275,0.789692
20276,0.986106
20277,0.740331
20278,0.854044
20279,0.569763
20280,0.970429
20281,0.611938
20282,0.503368
20283,0.540781
20284,0.976724
20285,0.718974
20286,0.696412
20287,0.907439
20288,0.851814
20289,0.771908
20290,0.93475
20291,0.731384
20292,0.380463
20293,0.243191
20294,0.884599
20295,0.825573
20296,0.56142
20297,0.669998
20298,0.367455
20299,0.750281
20300,0.636736
20301,0.861221
20302,0.76844
20303,0.962601
20304,0.960941
20305,0.870798
20306,0.705405
20307,0.758025
20308,0.03854
20309,0.84109
20310,0.857968
20311,0.764803
20312,0.834749
20313,0.896253
20314,0.815251
20315,0.83427
20316,0.62214
20317,0.813889
20318,0.730779
20319,0.306272
20320,0.952852
20321,0.894751
20322,0.109285
20323,0.949764
20324,0.313192
20325,0.85776
20326,0.872305
20327,0.918429
20328,0.804025
20329,0.688893
20330,0.607755
20331,0.703494
20332,0.933325
20333,0.813748
20334,0.923341
20335,0.970991
20336,0.90799
20337,0.6364
20338,0.891919
20339,0.088247
20340,0.884946
20341,0.826229
20342,0.973312
20343,0.84272
20344,0.943353
20345,0.472247
20346,0.824667
20347,0.599154
20348,0.914113
20349,0.60705
20350,0.776792
20351,0.946309
20352,0.698172
20353,0.979258
20354,0.603251
20355,0.701765
20356,0.617686
20357,0.572843
20358,0.896547
20359,0.843746
20360,0.563135
20361,0.810056
20362,0.469959
20363,0.599227
20364,0.707541
20365,0.790482
20366,0.688002
20367,0.898134
20368,0.887666
20369,0.698234
20370,0.732505
20371,0.942672
20372,0.734899
20373,0.920227
20374,0.676103
20375,0.980833
20376,0.75773
20377,0.543483
20378,0.777953
20379,0.718765
20380,0.718774
20381,0.791242
20382,0.637327
20383,0.566429
20384,0.892841
20385,0.672865
20386,0.47793
20387,0.803389
20388,0.604941
20389,0.909206
20390,0.978959
20391,0.712965
20392,0.529171
20393,0.39514
20394,0.51072
20395,0.923968
20396,0.764625
20397,0.556304
20398,0.881823
20399,0.641046
20400,0.57561
20401,0.992451
20402,0.557879
20403,0.593922
20404,0.496485
20405,0.676306
20406,0.611968
20407,0.66925
20408,0.967444
20409,0.642921
20410,0.697374
20411,0.260382
20412,0.904926
20413,0.734086
20414,0.950107
20415,0.842575
20416,0.818689
20417,0.916593
20418,0.714863
20419,0.944736
20420,0.775246
20421,0.800941
20422,0.66261
20423,0.600135
20424,0.567052
20425,0.913286
20426,0.802566
20427,0.544817
20428,0.345536
20429,0.57569
20430,0.742984
20431,0.94748
20432,0.050748
20433,0.782943
20434,0.920068
20435,0.864699
20436,0.813297
20437,0.815066
20438,0.754405
20439,0.731371
20440,0.842488
20441,0.704178
20442,0.87124
20443,0.618786
20444,0.654911
20445,0.969972
20446,0.668738
20447,0.426522
20448,0.880917
20449,0.914583
20450,0.584757
20451,0.863943
20452,0.75501
20453,0.600932
20454,0.52264
20455,0.821885
20456,0.859077
20457,0.080627
20458,0.772011
20459,0.71982
20460,0.920129
20461,0.951076
20462,0.85394
20463,0.901313
20464,0.452528
20465,0.63444
20466,0.986004
20467,0.749572
20468,0.10726
20469,0.809776
20470,0.66766
20471,0.699546
20472,0.12081
20473,0.621022
20474,0.659719
20475,0.623708
20476,0.7648
20477,0.663948
20478,0.816266
20479,0.853035
20480,0.833936
20481,0.969294
20482,0.542081
20483,0.677629
20484,0.874706
20485,0.82869
20486,0.965518
20487,0.892033
20488,0.651165
20489,0.41499
20490,0.737835
20491,0.531485
20492,0.491543
20493,0.890437
20494,0.699481
20495,0.711839
20496,0.490069
20497,0.919232
20498,0.927517
20499,0.632129
20500,0.635391
20501,0.987106
20502,0.82119
20503,0.713481
20504,0.971563
20505,0.966652
20506,0.588471
20507,0.139562
20508,0.374925
20509,0.598321
20510,0.96898
20511,0.888024
20512,0.556875
20513,0.917463
20514,0.545482
20515,0.740774
20516,0.764978
20517,0.749077
20518,0.860654
20519,0.822774
20520,0.917232
20521,0.083679
20522,0.965457
20523,0.475024
20524,0.868011
20525,0.557502
20526,0.485559
20527,0.925421
20528,0.03897
20529,0.702716
20530,0.755365
20531,0.786376
20532,0.802476
20533,0.990012
20534,0.933351
20535,0.85022
20536,0.911829
20537,0.879027
20538,0.535538
20539,0.874345
20540,0.703325
20541,0.916855
20542,0.600782
20543,0.560624
20544,0.980551
20545,0.830594
20546,0.657573
20547,0.89724
20548,0.957179
20549,0.763203
20550,0.583884
20551,0.750928
20552,0.83824
20553,0.97382
20554,0.837724
20555,0.865245
20556,0.680729
20557,0.947754
20558,0.740935
20559,0.598584
20560,0.56372
20561,0.987582
20562,0.637678
20563,0.704484
20564,0.857301
20565,0.890139
20566,0.686256
20567,0.47249
20568,0.794636
20569,0.806996
20570,0.687158
20571,0.556373
20572,0.680331
20573,0.728412
20574,0.847829
20575,0.673518
20576,0.828586
20577,0.794477
20578,0.416328
20579,0.702052
20580,0.890589
20581,0.570185
20582,0.876167
20583,0.956178
20584,0.828459
20585,0.763153
20586,0.845676
20587,0.756021
20588,0.782629
20589,0.964777
20590,0.474463
20591,0.558992
20592,0.785375
20593,0.843608
20594,0.903539
20595,0.44875
20596,0.419354
20597,0.715191
20598,0.792168
20599,0.699484
20600,0.890029
20601,0.683722
20602,0.720596
20603,0.706838
20604,0.868593
20605,0.371181
20606,0.772503
20607,0.629253
20608,0.913215
20609,0.462329
20610,0.614949
20611,0.873007
20612,0.609293
20613,0.963303
20614,0.914842
20615,0.448375
20616,0.550635
20617,0.834412
20618,0.898171
20619,0.540199
20620,0.645333
20621,0.655884
20622,0.61425
20623,0.716599
20624,0.784876
20625,0.988677
20626,0.917625
20627,0.436591
20628,0.963877
20629,0.745644
20630,0.9857
20631,0.598833
20632,0.788654
20633,0.57029
20634,0.911584
20635,0.777412
20636,0.069767
20637,0.477981
20638,0.779311
20639,0.750572
20640,0.934037
20641,0.571919
20642,0.896944
20643,0.634023
20644,0.50314
20645,0.925576
20646,0.853586
20647,0.872184
20648,0.747128
20649,0.954141
20650,0.913019
20651,0.781342
20652,0.95662
20653,0.682616
20654,0.668581
20655,0.868728
20656,0.651002
20657,0.966736
20658,0.813646
20659,0.041485
20660,0.376464
20661,0.051496
20662,0.751911
20663,0.738695
20664,0.728442
20665,0.915002
20666,0.794304
20667,0.65562
20668,0.911191
20669,0.830027
20670,0.959291
20671,0.670885
20672,0.678993
20673,0.86326
20674,0.494259
20675,0.788232
20676,0.562857
20677,0.536143
20678,0.520728
20679,0.681253
20680,0.698407
20681,0.617907
20682,0.563322
20683,0.803121
20684,0.78172
20685,0.894068
20686,0.986468
20687,0.063856
20688,0.888421
20689,0.620961
20690,0.61233
20691,0.648483
20692,0.614935
20693,0.790093
20694,0.493265
20695,0.715914
20696,0.866293
20697,0.714302
20698,0.71598
20699,0.809178
20700,0.691532
20701,0.618689
20702,0.703213
20703,0.912906
20704,0.503539
20705,0.064471
20706,0.898239
20707,0.415431
20708,0.576055
20709,0.685912
20710,0.676937
20711,0.545597
20712,0.847406
20713,0.859143
20714,0.714377
20715,0.927028
20716,0.857031
20717,0.954334
20718,0.840493
20719,0.798826
20720,0.708741
20721,0.728486
20722,0.550634
20723,0.588461
20724,0.906104
20725,0.576113
20726,0.620819
20727,0.79055
20728,0.609042
20729,0.056192
20730,0.668946
20731,0.209745
20732,0.751239
20733,0.937262
20734,0.665779
20735,0.720067
20736,0.911598
20737,0.523558
20738,0.955694
20739,0.730223
20740,0.763687
20741,0.848127
20742,0.727899
20743,0.789601
20744,0.553545
20745,0.387074
20746,0.56743
20747,0.680481
20748,0.492467
20749,0.60343
20750,0.881508
20751,0.658488
20752,0.968464
20753,0.967736
20754,0.71416
20755,0.069835
20756,0.842774
20757,0.940668
20758,0.980463
20759,0.486405
20760,0.895229
20761,0.833704
20762,0.746267
20763,0.923059
20764,0.36107
20765,0.916843
20766,0.840466
20767,0.852549
20768,0.927009
20769,0.555808
20770,0.878215
20771,0.824438
20772,0.543741
20773,0.869047
20774,0.57206
20775,0.718988
20776,0.919059
20777,0.773976
20778,0.723018
20779,0.526169
20780,0.888941
20781,0.560381
20782,0.679504
20783,0.849751
20784,0.808119
20785,0.597479
20786,0.933015
20787,0.886399
20788,0.69448
20789,0.98585
20790,0.577325
20791,0.812134
20792,0.900847
20793,0.86108
20794,0.626208
20795,0.757747
20796,0.639353
20797,0.659355
20798,0.845829
20799,0.745775
20800,0.49773
20801,0.976794
20802,0.742179
20803,0.645564
20804,0.822011
20805,0.552228
20806,0.859645
20807,0.990016
20808,0.706835
20809,0.388705
20810,0.942479
20811,0.566308
20812,0.697844
20813,0.633166
20814,0.893923
20815,0.287276
20816,0.444764
20817,0.794253
20818,0.784016
20819,0.673733
20820,0.767499
20821,0.988995
20822,0.937024
20823,0.559023
20824,0.977782
20825,0.527518
20826,0.983598
20827,0.586905
20828,0.698607
20829,0.976383
20830,0.669885
20831,0.785089
20832,0.929194
20833,0.870515
20834,0.719582
20835,0.883244
20836,0.472185
20837,0.615881
20838,0.866704
20839,0.709716
20840,0.8387
20841,0.719219
20842,0.753823
20843,0.655076
20844,0.695715
20845,0.450816
20846,0.863663
20847,0.576488
20848,0.676128
20849,0.692201
20850,0.850176
20851,0.564065
20852,0.887937
20853,0.754924
20854,0.726082
20855,0.703486
20856,0.65533
20857,0.708167
20858,0.902365
20859,0.941356
20860,0.51319
20861,0.848068
20862,0.657749
20863,0.814026
20864,0.233319
20865,0.563545
20866,0.527716
20867,0.508246
20868,0.660724
20869,0.618353
20870,0.911399
20871,0.678933
20872,0.859456
20873,0.65104
20874,0.179472
20875,0.714247
20876,0.706495
20877,0.466151
20878,0.668763
20879,0.810729
20880,0.962891
20881,0.613553
20882,0.814824
20883,0.858401
20884,0.61336
20885,0.508505
20886,0.862424
20887,0.647604
20888,0.544571
20889,0.866895
20890,0.936417
20891,0.537044
20892,0.968571
20893,0.830125
20894,0.734817
20895,0.865015
20896,0.714908
20897,0.701391
20898,0.768359
20899,0.869289
20900,0.678996
20901,0.818419
20902,0.548338
20903,0.891545
20904,0.658255
20905,0.893853
20906,0.826496
20907,0.597464
20908,0.743749
20909,0.561077
20910,0.710555
20911,0.817027
20912,0.961421
20913,0.769973
20914,0.849494
20915,0.755998
20916,0.589193
20917,0.584616
20918,0.632941
20919,0.594597
20920,0.805624
20921,0.94878
20922,0.940649
20923,0.495162
20924,0.413699
20925,0.832438
20926,0.528155
20927,0.902455
20928,0.800947
20929,0.543492
20930,0.539719
20931,0.548635
20932,0.793757
20933,0.703796
20934,0.632139
20935,0.904694
20936,0.686101
20937,0.526347
20938,0.888227
20939,0.70052
20940,0.743874
20941,0.675694
20942,0.863877
20943,0.923827
20944,0.606859
20945,0.987725
20946,0.828732
20947,0.687932
20948,0.676412
20949,0.841236
20950,0.857731
20951,0.963147
20952,0.838119
20953,0.690265
20954,0.659365
20955,0.22141
20956,0.708566
20957,0.666518
20958,0.117908
20959,0.57552
20960,0.830401
20961,0.736661
20962,0.61162
20963,0.775905
20964,0.856356
20965,0.716871
20966,0.981063
20967,0.674474
20968,0.673918
20969,0.874009
20970,0.442015
20971,0.946083
20972,0.645566
20973,0.837685
20974,0.942993
20975,0.942484
20976,0.966946
20977,0.792255
20978,0.870666
20979,0.600224
20980,0.931132
20981,0.961134
20982,0.844841
20983,0.736578
20984,0.288392
20985,0.446305
20986,0.771273
20987,0.68326
20988,0.646082
20989,0.287548
20990,0.450678
20991,0.657253
20992,0.648488
20993,0.925316
20994,0.34595
20995,0.729679
20996,0.444175
20997,0.822394
20998,0.798365
20999,0.543213
21000,0.961041
21001,0.443408
21002,0.630355
21003,0.734922
21004,0.52091
21005,0.798771
21006,0.697237
21007,0.790034
21008,0.738055
21009,0.651182
21010,0.829646
21011,0.486447
21012,0.822742
21013,0.85324
21014,0.652415
21015,0.428044
21016,0.807596
21017,0.580928
21018,0.90643
21019,0.669551
21020,0.508925
21021,0.971189
21022,0.640968
21023,0.588306
21024,0.819822
21025,0.36926
21026,0.899143
21027,0.967056
21028,0.209791
21029,0.839175
21030,0.858459
21031,0.719029
21032,0.635643
21033,0.452183
21034,0.956346
21035,0.752112
21036,0.665361
21037,0.920528
21038,0.910971
21039,0.693802
21040,0.970432
21041,0.978379
21042,0.7347
21043,0.757515
21044,0.904946
21045,0.853151
21046,0.653357
21047,0.891755
21048,0.752933
21049,0.465971
21050,0.491693
21051,0.838827
21052,0.94384
21053,0.526857
21054,0.65765
21055,0.462459
21056,0.523178
21057,0.638966
21058,0.738551
21059,0.733745
21060,0.743299
21061,0.747092
21062,0.677162
21063,0.693988
21064,0.943865
21065,0.694335
21066,0.972908
21067,0.529891
21068,0.751008
21069,0.761505
21070,0.940188
21071,0.772838
21072,0.751974
21073,0.649762
21074,0.775737
21075,0.493138
21076,0.777994
21077,0.491898
21078,0.951567
21079,0.945585
21080,0.912161
21081,0.105993
21082,0.962897
21083,0.610223
21084,0.414668
21085,0.548439
21086,0.944159
21087,0.609471
21088,0.781519
21089,0.84865
21090,0.719522
21091,0.741625
21092,0.779926
21093,0.747728
21094,0.937355
21095,0.306976
21096,0.835601
21097,0.941307
21098,0.809238
21099,0.926525
21100,0.877631
21101,0.719933
21102,0.792581
21103,0.32764
21104,0.854429
21105,0.916834
21106,0.369685
21107,0.968011
21108,0.832903
21109,0.71399
21110,0.442098
21111,0.83992
21112,0.659622
21113,0.83042
21114,0.236481
21115,0.307537
21116,0.931896
21117,0.922759
21118,0.761594
21119,0.849888
21120,0.953618
21121,0.852335
21122,0.597535
21123,0.497187
21124,0.693569
21125,0.89103
21126,0.804216
21127,0.728088
21128,0.983495
21129,0.890213
21130,0.504549
21131,0.946009
21132,0.787376
21133,0.730921
21134,0.808627
21135,0.686085
21136,0.47637
21137,0.123967
21138,0.929714
21139,0.841028
21140,0.814408
21141,0.506314
21142,0.463866
21143,0.890026
21144,0.833502
21145,0.350098
21146,0.8443
21147,0.785534
21148,0.667706
21149,0.353391
21150,0.898157
21151,0.985897
21152,0.978727
21153,0.71572
21154,0.641367
21155,0.746868
21156,0.955578
21157,0.848641
21158,0.980324
21159,0.874428
21160,0.144334
21161,0.565488
21162,0.923352
21163,0.662806
21164,0.842439
21165,0.831698
21166,0.80746
21167,0.828419
21168,0.42351
21169,0.151201
21170,0.801521
21171,0.64512
21172,0.576583
21173,0.602831
21174,0.980963
21175,0.687706
21176,0.622987
21177,0.589451
21178,0.730648
21179,0.944477
21180,0.472089
21181,0.894639
21182,0.863406
21183,0.860714
21184,0.818256
21185,0.938743
21186,0.941983
21187,0.431625
21188,0.601805
21189,0.391134
21190,0.615491
21191,0.436624
21192,0.635153
21193,0.711943
21194,0.785772
21195,0.578082
21196,0.91287
21197,0.619154
21198,0.512911
21199,0.280471
21200,0.673771
21201,0.87405
21202,0.706259
21203,0.782884
21204,0.972782
21205,0.717306
21206,0.562791
21207,0.718467
21208,0.443878
21209,0.763679
21210,0.283214
21211,0.501006
21212,0.959872
21213,0.695415
21214,0.59613
21215,0.786754
21216,0.57914
21217,0.982716
21218,0.977054
21219,0.854253
21220,0.794608
21221,0.806411
21222,0.629484
21223,0.932116
21224,0.772505
21225,0.586401
21226,0.477821
21227,0.471351
21228,0.748399
21229,0.980951
21230,0.829064
21231,0.986191
21232,0.972508
21233,0.900629
21234,0.653185
21235,0.635051
21236,0.93276
21237,0.951965
21238,0.936304
21239,0.746911
21240,0.926829
21241,0.982898
21242,0.559195
21243,0.79796
21244,0.633727
21245,0.930252
21246,0.739369
21247,0.07522
21248,0.431621
21249,0.682305
21250,0.580317
21251,0.924089
21252,0.696752
21253,0.583529
21254,0.745387
21255,0.974011
21256,0.779741
21257,0.248958
21258,0.926469
21259,0.707227
21260,0.809134
21261,0.788835
21262,0.685434
21263,0.686819
21264,0.487284
21265,0.715412
21266,0.913026
21267,0.47792
21268,0.836999
21269,0.785426
21270,0.637322
21271,0.691861
21272,0.481836
21273,0.59211
21274,0.660458
21275,0.957631
21276,0.960307
21277,0.863205
21278,0.669035
21279,0.757362
21280,0.607533
21281,0.824415
21282,0.869866
21283,0.834034
21284,0.125576
21285,0.9596
21286,0.823837
21287,0.904823
21288,0.832354
21289,0.986151
21290,0.57663
21291,0.790713
21292,0.908005
21293,0.941635
21294,0.64567
21295,0.817792
21296,0.644377
21297,0.955377
21298,0.504274
21299,0.734282
21300,0.095428
21301,0.772447
21302,0.982965
21303,0.918929
21304,0.622597
21305,0.982386
21306,0.632552
21307,0.735734
21308,0.931913
21309,0.612357
21310,0.905338
21311,0.858095
21312,0.543186
21313,0.807528
21314,0.818475
21315,0.906257
21316,0.733051
21317,0.5641
21318,0.464786
21319,0.822543
21320,0.723812
21321,0.955689
21322,0.695909
21323,0.904534
21324,0.602028
21325,0.782768
21326,0.715247
21327,0.865695
21328,0.75643
21329,0.67024
21330,0.641754
21331,0.521345
21332,0.972927
21333,0.692802
21334,0.663981
21335,0.133032
21336,0.7104
21337,0.752036
21338,0.667503
21339,0.686562
21340,0.714977
21341,0.983102
21342,0.949379
21343,0.834169
21344,0.951824
21345,0.784353
21346,0.705224
21347,0.453894
21348,0.60121
21349,0.465975
21350,0.88477
21351,0.984186
21352,0.927548
21353,0.937511
21354,0.73373
21355,0.939208
21356,0.885157
21357,0.860384
21358,0.75897
21359,0.421289
21360,0.85047
21361,0.836757
21362,0.479733
21363,0.780769
21364,0.543313
21365,0.925275
21366,0.79723
21367,0.972604
21368,0.910817
21369,0.190997
21370,0.774442
21371,0.477977
21372,0.600212
21373,0.889776
21374,0.708361
21375,0.476994
21376,0.832219
21377,0.199815
21378,0.868195
21379,0.87893
21380,0.771309
21381,0.752454
21382,0.745316
21383,0.650746
21384,0.753527
21385,0.704212
21386,0.88753
21387,0.733648
21388,0.92361
21389,0.70619
21390,0.874122
21391,0.728098
21392,0.888451
21393,0.850418
21394,0.639842
21395,0.73627
21396,0.57046
21397,0.45485
21398,0.655968
21399,0.813173
21400,0.39934
21401,0.728439
21402,0.472021
21403,0.727137
21404,0.778236
21405,0.941057
21406,0.692057
21407,0.860063
21408,0.687184
21409,0.369442
21410,0.956766
21411,0.423555
21412,0.511608
21413,0.796894
21414,0.793443
21415,0.949752
21416,0.916157
21417,0.537992
21418,0.660353
21419,0.476433
21420,0.36151
21421,0.803269
21422,0.993169
21423,0.801725
21424,0.755763
21425,0.594437
21426,0.396982
21427,0.744365
21428,0.889127
21429,0.745574
21430,0.66603
21431,0.081485
21432,0.695427
21433,0.738723
21434,0.821797
21435,0.644068
21436,0.785669
21437,0.781633
21438,0.97183
21439,0.93841
21440,0.716886
21441,0.213304
21442,0.780744
21443,0.88964
21444,0.10064
21445,0.987621
21446,0.608452
21447,0.884185
21448,0.967954
21449,0.736558
21450,0.622864
21451,0.947455
21452,0.745618
21453,0.878949
21454,0.901693
21455,0.541593
21456,0.704628
21457,0.773451
21458,0.730092
21459,0.867558
21460,0.968541
21461,0.699525
21462,0.403475
21463,0.806808
21464,0.414661
21465,0.047496
21466,0.819934
21467,0.65138
21468,0.874742
21469,0.584777
21470,0.921283
21471,0.86178
21472,0.965967
21473,0.67969
21474,0.549909
21475,0.736638
21476,0.945918
21477,0.616243
21478,0.550027
21479,0.723412
21480,0.58642
21481,0.64437
21482,0.910359
21483,0.86086
21484,0.902725
21485,0.99159
21486,0.712504
21487,0.672466
21488,0.777564
21489,0.943182
21490,0.565572
21491,0.080734
21492,0.12951
21493,0.851102
21494,0.89388
21495,0.624559
21496,0.845159
21497,0.925107
21498,0.579909
21499,0.442225
21500,0.782989
21501,0.814836
21502,0.801355
21503,0.757488
21504,0.714499
21505,0.783454
21506,0.659804
21507,0.689142
21508,0.930526
21509,0.873781
21510,0.723723
21511,0.93136
21512,0.880815
21513,0.31736
21514,0.93534
21515,0.649909
21516,0.736455
21517,0.744337
21518,0.849098
21519,0.907529
21520,0.686813
21521,0.602682
21522,0.988111
21523,0.67787
21524,0.63871
21525,0.440525
21526,0.651726
21527,0.761602
21528,0.793964
21529,0.978087
21530,0.595127
21531,0.711028
21532,0.496365
21533,0.672659
21534,0.973511
21535,0.58237
21536,0.588216
21537,0.405497
21538,0.839762
21539,0.703411
21540,0.859727
21541,0.986471
21542,0.598362
21543,0.689663
21544,0.664568
21545,0.893348
21546,0.815283
21547,0.979216
21548,0.78629
21549,0.743989
21550,0.646654
21551,0.726384
21552,0.727757
21553,0.870574
21554,0.920451
21555,0.741377
21556,0.709286
21557,0.168871
21558,0.173019
21559,0.725384
21560,0.752744
21561,0.501343
21562,0.606791
21563,0.442529
21564,0.479276
21565,0.926913
21566,0.932861
21567,0.682646
21568,0.524311
21569,0.44362
21570,0.551964
21571,0.845254
21572,0.84431
21573,0.508654
21574,0.955674
21575,0.487694
21576,0.730419
21577,0.901473
21578,0.933024
21579,0.595341
21580,0.844471
21581,0.780989
21582,0.949887
21583,0.634538
21584,0.759605
21585,0.88751
21586,0.639461
21587,0.751275
21588,0.956065
21589,0.70962
21590,0.845586
21591,0.666137
21592,0.69346
21593,0.897477
21594,0.620335
21595,0.714549
21596,0.362881
21597,0.783232
21598,0.321301
21599,0.771776
21600,0.798907
21601,0.919669
21602,0.832544
21603,0.455739
21604,0.873358
21605,0.547904
21606,0.175451
21607,0.645666
21608,0.60316
21609,0.687075
21610,0.600567
21611,0.034927
21612,0.983685
21613,0.975018
21614,0.899839
21615,0.920255
21616,0.828626
21617,0.796737
21618,0.623595
21619,0.691954
21620,0.972674
21621,0.864938
21622,0.521913
21623,0.458991
21624,0.74548
21625,0.701254
21626,0.736083
21627,0.741643
21628,0.701005
21629,0.970603
21630,0.649716
21631,0.606573
21632,0.082925
21633,0.809839
21634,0.759275
21635,0.802998
21636,0.884429
21637,0.513543
21638,0.977583
21639,0.955409
21640,0.972222
21641,0.49136
21642,0.819479
21643,0.835348
21644,0.871044
21645,0.12521
21646,0.761658
21647,0.911276
21648,0.388813
21649,0.774789
21650,0.734981
21651,0.859181
21652,0.461311
21653,0.074738
21654,0.068163
21655,0.97457
21656,0.493092
21657,0.940578
21658,0.4964
21659,0.803926
21660,0.644424
21661,0.892573
21662,0.702992
21663,0.720047
21664,0.510449
21665,0.625081
21666,0.709892
21667,0.690686
21668,0.602103
21669,0.966242
21670,0.771973
21671,0.941385
21672,0.849144
21673,0.517814
21674,0.569227
21675,0.529317
21676,0.902909
21677,0.975386
21678,0.928773
21679,0.504596
21680,0.86866
21681,0.734987
21682,0.661521
21683,0.795817
21684,0.859917
21685,0.904008
21686,0.798671
21687,0.803773
21688,0.45203
21689,0.646041
21690,0.528348
21691,0.881445
21692,0.574508
21693,0.787435
21694,0.683755
21695,0.838283
21696,0.73835
21697,0.655873
21698,0.707185
21699,0.676406
21700,0.963068
21701,0.932512
21702,0.531112
21703,0.566897
21704,0.752323
21705,0.890389
21706,0.145056
21707,0.691882
21708,0.708085
21709,0.971328
21710,0.893964
21711,0.703478
21712,0.687899
21713,0.867943
21714,0.678858
21715,0.827456
21716,0.92433
21717,0.705606
21718,0.552459
21719,0.952571
21720,0.922049
21721,0.956078
21722,0.856428
21723,0.77613
21724,0.82164
21725,0.97572
21726,0.921273
21727,0.442925
21728,0.891417
21729,0.562128
21730,0.892462
21731,0.848216
21732,0.944411
21733,0.971343
21734,0.746527
21735,0.860223
21736,0.868711
21737,0.515294
21738,0.893213
21739,0.908591
21740,0.946534
21741,0.465067
21742,0.782218
21743,0.955484
21744,0.926993
21745,0.969808
21746,0.835592
21747,0.658155
21748,0.518338
21749,0.447356
21750,0.646753
21751,0.568294
21752,0.66293
21753,0.885151
21754,0.686439
21755,0.783006
21756,0.77324
21757,0.540621
21758,0.446021
21759,0.564089
21760,0.544556
21761,0.499074
21762,0.986162
21763,0.104296
21764,0.99203
21765,0.70244
21766,0.743612
21767,0.485413
21768,0.787582
21769,0.96507
21770,0.884322
21771,0.484479
21772,0.707322
21773,0.810278
21774,0.982306
21775,0.902177
21776,0.903033
21777,0.694395
21778,0.985448
21779,0.900579
21780,0.946332
21781,0.206227
21782,0.985834
21783,0.815287
21784,0.720302
21785,0.7715
21786,0.475014
21787,0.974725
21788,0.703105
21789,0.72179
21790,0.299392
21791,0.88808
21792,0.674804
21793,0.755208
21794,0.763358
21795,0.036207
21796,0.891519
21797,0.502769
21798,0.763407
21799,0.796847
21800,0.321157
21801,0.448706
21802,0.500543
21803,0.842031
21804,0.644491
21805,0.961654
21806,0.722694
21807,0.786279
21808,0.597197
21809,0.685993
21810,0.907406
21811,0.68976
21812,0.679186
21813,0.633728
21814,0.762007
21815,0.817678
21816,0.2125
21817,0.753986
21818,0.680912
21819,0.850853
21820,0.902889
21821,0.938573
21822,0.819159
21823,0.704622
21824,0.898964
21825,0.544415
21826,0.646288
21827,0.861472
21828,0.820868
21829,0.592573
21830,0.484099
21831,0.978184
21832,0.785815
21833,0.765563
21834,0.655295
21835,0.929458
21836,0.713118
21837,0.749135
21838,0.628085
21839,0.763001
21840,0.941589
21841,0.7554
21842,0.594507
21843,0.711023
21844,0.791323
21845,0.886433
21846,0.88108
21847,0.623038
21848,0.625013
21849,0.899817
21850,0.745137
21851,0.678416
21852,0.596975
21853,0.90723
21854,0.967492
21855,0.586556
21856,0.676084
21857,0.788649
21858,0.866297
21859,0.940712
21860,0.645766
21861,0.942348
21862,0.785628
21863,0.747148
21864,0.66926
21865,0.582552
21866,0.826441
21867,0.782495
21868,0.699034
21869,0.652732
21870,0.544999
21871,0.744542
21872,0.652999
21873,0.624077
21874,0.625721
21875,0.917067
21876,0.746585
21877,0.807723
21878,0.666778
21879,0.501157
21880,0.499862
21881,0.571186
21882,0.6439
21883,0.79824
21884,0.657175
21885,0.659302
21886,0.727595
21887,0.532701
21888,0.813977
21889,0.975399
21890,0.698444
21891,0.713873
21892,0.925615
21893,0.86752
21894,0.81692
21895,0.726289
21896,0.900103
21897,0.696182
21898,0.570723
21899,0.858067
21900,0.440904
21901,0.909888
21902,0.911832
21903,0.954475
21904,0.875602
21905,0.763093
21906,0.623308
21907,0.54896
21908,0.667084
21909,0.887794
21910,0.700597
21911,0.523663
21912,0.970884
21913,0.732225
21914,0.955059
21915,0.409916
21916,0.920923
21917,0.951613
21918,0.973661
21919,0.878276
21920,0.124421
21921,0.586575
21922,0.692688
21923,0.886703
21924,0.78774
21925,0.682811
21926,0.786921
21927,0.693905
21928,0.946675
21929,0.753987
21930,0.815093
21931,0.742525
21932,0.968161
21933,0.332203
21934,0.709177
21935,0.770588
21936,0.930952
21937,0.814225
21938,0.762795
21939,0.658467
21940,0.981411
21941,0.503219
21942,0.828254
21943,0.099765
21944,0.900215
21945,0.935769
21946,0.958214
21947,0.669207
21948,0.721644
21949,0.789404
21950,0.799294
21951,0.851481
21952,0.845377
21953,0.772654
21954,0.88435
21955,0.624352
21956,0.962871
21957,0.933942
21958,0.543485
21959,0.710558
21960,0.748682
21961,0.848968
21962,0.919931
21963,0.770306
21964,0.514477
21965,0.738838
21966,0.621106
21967,0.680683
21968,0.851746
21969,0.807353
21970,0.831242
21971,0.864193
21972,0.747826
21973,0.605347
21974,0.418183
21975,0.89251
21976,0.442628
21977,0.745113
21978,0.912029
21979,0.870745
21980,0.844062
21981,0.961225
21982,0.89487
21983,0.946144
21984,0.767867
21985,0.607651
21986,0.842874
21987,0.676821
21988,0.853333
21989,0.711797
21990,0.763071
21991,0.570468
21992,0.741739
21993,0.659574
21994,0.778069
21995,0.573709
21996,0.814007
21997,0.72869
21998,0.547571
21999,0.78464
22000,0.905358
22001,0.746392
22002,0.153488
22003,0.858895
22004,0.64368
22005,0.841573
22006,0.390888
22007,0.825191
22008,0.81334
22009,0.301893
22010,0.689116
22011,0.868357
22012,0.610609
22013,0.677729
22014,0.583883
22015,0.386468
22016,0.54077
22017,0.883083
22018,0.90576
22019,0.756798
22020,0.86119
22021,0.901205
22022,0.767444
22023,0.675501
22024,0.886299
22025,0.86649
22026,0.946453
22027,0.685557
22028,0.482203
22029,0.928967
22030,0.960194
22031,0.901433
22032,0.642347
22033,0.67568
22034,0.653696
22035,0.420309
22036,0.711115
22037,0.686444
22038,0.753681
22039,0.49399
22040,0.913633
22041,0.798244
22042,0.957772
22043,0.670398
22044,0.881094
22045,0.556246
22046,0.370016
22047,0.830625
22048,0.509216
22049,0.754129
22050,0.949626
22051,0.910967
22052,0.57277
22053,0.884834
22054,0.706067
22055,0.64964
22056,0.79266
22057,0.654412
22058,0.960386
22059,0.956136
22060,0.74851
22061,0.795346
22062,0.783183
22063,0.728876
22064,0.917353
22065,0.734735
22066,0.832213
22067,0.556388
22068,0.567994
22069,0.915997
22070,0.990018
22071,0.784905
22072,0.744977
22073,0.444506
22074,0.953681
22075,0.950833
22076,0.789244
22077,0.418463
22078,0.361466
22079,0.674497
22080,0.823362
22081,0.07451
22082,0.917429
22083,0.62176
22084,0.786528
22085,0.641465
22086,0.776221
22087,0.764495
22088,0.583655
22089,0.745801
22090,0.906053
22091,0.990646
22092,0.754131
22093,0.937709
22094,0.897599
22095,0.951769
22096,0.769522
22097,0.771969
22098,0.920011
22099,0.902987
22100,0.872642
22101,0.208212
22102,0.834206
22103,0.775886
22104,0.973629
22105,0.574898
22106,0.737251
22107,0.599931
22108,0.659555
22109,0.398385
22110,0.961282
22111,0.862548
22112,0.964782
22113,0.473071
22114,0.946986
22115,0.043846
22116,0.619206
22117,0.945954
22118,0.925747
22119,0.67977
22120,0.580896
22121,0.912946
22122,0.762013
22123,0.643348
22124,0.881229
22125,0.513282
22126,0.725982
22127,0.764271
22128,0.864692
22129,0.985282
22130,0.844511
22131,0.758183
22132,0.912392
22133,0.953237
22134,0.580727
22135,0.635216
22136,0.544923
22137,0.061456
22138,0.971386
22139,0.798515
22140,0.739415
22141,0.728115
22142,0.884505
22143,0.46807
22144,0.697984
22145,0.312903
22146,0.865996
22147,0.713778
22148,0.970889
22149,0.802088
22150,0.720361
22151,0.967718
22152,0.604802
22153,0.708624
22154,0.549533
22155,0.692082
22156,0.853663
22157,0.412598
22158,0.976541
22159,0.668786
22160,0.747571
22161,0.244758
22162,0.970176
22163,0.07587
22164,0.93339
22165,0.983608
22166,0.992337
22167,0.761286
22168,0.653025
22169,0.666059
22170,0.698211
22171,0.843827
22172,0.678019
22173,0.46069
22174,0.918071
22175,0.673075
22176,0.825858
22177,0.42778
22178,0.5737
22179,0.780733
22180,0.453153
22181,0.897097
22182,0.742455
22183,0.820804
22184,0.576885
22185,0.836391
22186,0.690365
22187,0.71144
22188,0.931937
22189,0.362552
22190,0.705298
22191,0.413217
22192,0.898443
22193,0.764463
22194,0.907748
22195,0.899768
22196,0.841474
22197,0.991676
22198,0.957277
22199,0.72995
22200,0.672542
22201,0.96969
22202,0.963136
22203,0.448009
22204,0.862603
22205,0.49749
22206,0.982062
22207,0.591649
22208,0.711377
22209,0.93123
22210,0.818421
22211,0.65425
22212,0.81775
22213,0.634801
22214,0.836907
22215,0.53579
22216,0.847601
22217,0.849367
22218,0.828231
22219,0.602568
22220,0.826658
22221,0.699179
22222,0.984894
22223,0.72733
22224,0.894763
22225,0.615883
22226,0.845195
22227,0.941747
22228,0.626031
22229,0.422883
22230,0.801076
22231,0.796715
22232,0.037192
22233,0.057675
22234,0.651001
22235,0.956482
22236,0.209601
22237,0.881516
22238,0.86889
22239,0.571675
22240,0.457373
22241,0.930508
22242,0.719744
22243,0.666213
22244,0.634875
22245,0.545321
22246,0.614492
22247,0.657533
22248,0.721672
22249,0.809229
22250,0.607723
22251,0.803836
22252,0.780925
22253,0.918476
22254,0.260112
22255,0.655886
22256,0.537354
22257,0.151113
22258,0.635206
22259,0.639451
22260,0.714949
22261,0.737266
22262,0.367882
22263,0.839768
22264,0.744081
22265,0.797084
22266,0.41927
22267,0.67331
22268,0.639706
22269,0.985363
22270,0.730903
22271,0.06483
22272,0.672715
22273,0.871651
22274,0.641975
22275,0.966335
22276,0.871625
22277,0.703123
22278,0.782314
22279,0.62337
22280,0.529466
22281,0.492035
22282,0.83421
22283,0.937283
22284,0.680126
22285,0.731166
22286,0.810445
22287,0.89088
22288,0.466469
22289,0.838914
22290,0.701254
22291,0.393309
22292,0.670363
22293,0.838852
22294,0.587412
22295,0.931319
22296,0.80338
22297,0.664869
22298,0.857292
22299,0.761031
22300,0.895095
22301,0.821879
22302,0.770613
22303,0.642902
22304,0.565507
22305,0.500993
22306,0.977224
22307,0.670672
22308,0.669531
22309,0.806027
22310,0.935646
22311,0.328254
22312,0.955085
22313,0.741405
22314,0.777495
22315,0.617571
22316,0.760785
22317,0.627795
22318,0.613604
22319,0.847495
22320,0.643266
22321,0.963888
22322,0.731456
22323,0.641711
22324,0.497102
22325,0.822697
22326,0.650225
22327,0.615268
22328,0.683728
22329,0.820474
22330,0.985424
22331,0.924722
22332,0.643004
22333,0.523489
22334,0.691374
22335,0.985575
22336,0.967237
22337,0.578537
22338,0.829106
22339,0.874867
22340,0.8805
22341,0.946597
22342,0.955076
22343,0.475589
22344,0.822738
22345,0.981894
22346,0.944155
22347,0.89904
22348,0.760234
22349,0.940381
22350,0.603389
22351,0.709617
22352,0.716037
22353,0.666125
22354,0.856916
22355,0.966029
22356,0.772697
22357,0.260826
22358,0.688666
22359,0.655656
22360,0.83952
22361,0.97837
22362,0.831059
22363,0.832751
22364,0.834877
22365,0.229657
22366,0.65336
22367,0.72275
22368,0.639305
22369,0.908508
22370,0.673767
22371,0.601818
22372,0.968199
22373,0.685134
22374,0.664209
22375,0.65751
22376,0.912895
22377,0.333756
22378,0.863921
22379,0.940037
22380,0.87162
22381,0.614477
22382,0.650851
22383,0.825242
22384,0.466816
22385,0.740264
22386,0.67672
22387,0.534037
22388,0.404562
22389,0.810661
22390,0.791018
22391,0.879064
22392,0.945194
22393,0.582467
22394,0.789794
22395,0.877619
22396,0.684029
22397,0.907367
22398,0.685601
22399,0.666938
22400,0.63255
22401,0.741215
22402,0.071716
22403,0.955495
22404,0.819794
22405,0.609557
22406,0.685913
22407,0.743221
22408,0.591466
22409,0.783352
22410,0.739265
22411,0.773737
22412,0.741821
22413,0.56627
22414,0.966466
22415,0.94579
22416,0.971999
22417,0.685049
22418,0.914426
22419,0.746492
22420,0.710057
22421,0.720037
22422,0.759281
22423,0.742525
22424,0.875637
22425,0.19685
22426,0.79546
22427,0.640923
22428,0.721757
22429,0.599242
22430,0.939846
22431,0.862569
22432,0.660891
22433,0.863766
22434,0.763596
22435,0.794453
22436,0.809596
22437,0.775803
22438,0.810212
22439,0.361125
22440,0.979275
22441,0.715441
22442,0.792262
22443,0.892076
22444,0.513489
22445,0.57267
22446,0.112506
22447,0.692338
22448,0.641796
22449,0.096865
22450,0.481945
22451,0.664191
22452,0.687971
22453,0.430771
22454,0.584644
22455,0.6573
22456,0.674207
22457,0.645235
22458,0.950273
22459,0.98626
22460,0.722235
22461,0.529527
22462,0.711703
22463,0.671993
22464,0.663183
22465,0.795926
22466,0.771011
22467,0.716393
22468,0.969968
22469,0.915627
22470,0.868926
22471,0.927385
22472,0.491532
22473,0.825885
22474,0.898142
22475,0.767503
22476,0.667654
22477,0.839084
22478,0.615409
22479,0.918193
22480,0.716047
22481,0.85673
22482,0.671799
22483,0.788523
22484,0.69957
22485,0.780613
22486,0.78624
22487,0.710279
22488,0.812362
22489,0.738041
22490,0.373882
22491,0.761808
22492,0.390755
22493,0.556041
22494,0.722295
22495,0.903756
22496,0.713787
22497,0.924718
22498,0.255557
22499,0.542115
22500,0.730173
22501,0.864487
22502,0.95065
22503,0.09008
22504,0.725446
22505,0.869495
22506,0.741258
22507,0.543158
22508,0.62286
22509,0.887042
22510,0.898376
22511,0.513066
22512,0.82461
22513,0.912545
22514,0.701476
22515,0.78771
22516,0.917943
22517,0.921956
22518,0.548695
22519,0.947945
22520,0.601066
22521,0.959333
22522,0.460726
22523,0.596318
22524,0.957047
22525,0.840247
22526,0.96867
22527,0.669881
22528,0.873369
22529,0.722165
22530,0.690761
22531,0.882919
22532,0.70793
22533,0.957177
22534,0.875414
22535,0.795933
22536,0.837282
22537,0.666161
22538,0.589585
22539,0.925584
22540,0.712429
22541,0.883042
22542,0.740349
22543,0.880076
22544,0.751312
22545,0.610916
22546,0.937823
22547,0.730941
22548,0.751888
22549,0.907109
22550,0.918612
22551,0.685787
22552,0.636496
22553,0.731016
22554,0.928542
22555,0.721269
22556,0.915476
22557,0.858106
22558,0.656723
22559,0.572777
22560,0.750669
22561,0.569845
22562,0.862531
22563,0.47055
22564,0.817873
22565,0.330155
22566,0.823896
22567,0.796954
22568,0.980268
22569,0.671075
22570,0.673226
22571,0.756686
22572,0.799967
22573,0.041128
22574,0.609753
22575,0.703206
22576,0.114572
22577,0.662854
22578,0.957725
22579,0.705907
22580,0.886666
22581,0.748905
22582,0.55446
22583,0.901802
22584,0.396445
22585,0.826059
22586,0.940823
22587,0.574473
22588,0.985342
22589,0.611634
22590,0.772203
22591,0.885731
22592,0.726464
22593,0.911202
22594,0.724812
22595,0.979451
22596,0.821705
22597,0.815159
22598,0.560556
22599,0.823271
22600,0.818981
22601,0.534663
22602,0.680507
22603,0.624816
22604,0.954342
22605,0.815004
22606,0.872341
22607,0.894718
22608,0.461882
22609,0.770062
22610,0.654897
22611,0.882493
22612,0.870636
22613,0.110215
22614,0.845874
22615,0.166565
22616,0.582303
22617,0.961843
22618,0.5148
22619,0.57619
22620,0.498093
22621,0.635381
22622,0.656835
22623,0.789238
22624,0.753225
22625,0.752851
22626,0.389509
22627,0.966785
22628,0.903634
22629,0.699152
22630,0.688645
22631,0.916895
22632,0.087144
22633,0.895539
22634,0.936214
22635,0.943067
22636,0.174257
22637,0.912355
22638,0.559842
22639,0.478674
22640,0.770041
22641,0.5557
22642,0.606262
22643,0.797536
22644,0.811871
22645,0.972705
22646,0.035717
22647,0.837844
22648,0.763927
22649,0.483268
22650,0.475156
22651,0.727739
22652,0.73245
22653,0.608318
22654,0.864252
22655,0.681013
22656,0.683186
22657,0.727679
22658,0.776566
22659,0.711748
22660,0.524899
22661,0.598019
22662,0.394724
22663,0.737032
22664,0.539456
22665,0.938586
22666,0.600163
22667,0.357027
22668,0.920416
22669,0.799331
22670,0.635951
22671,0.739881
22672,0.666947
22673,0.892111
22674,0.800607
22675,0.846589
22676,0.723962
22677,0.949785
22678,0.774816
22679,0.979116
22680,0.895684
22681,0.822285
22682,0.086631
22683,0.687767
22684,0.699802
22685,0.826817
22686,0.766451
22687,0.714243
22688,0.504006
22689,0.987722
22690,0.40271
22691,0.708537
22692,0.691542
22693,0.982173
22694,0.775182
22695,0.872858
22696,0.097204
22697,0.048487
22698,0.706297
22699,0.807047
22700,0.936419
22701,0.7487
22702,0.423703
22703,0.944478
22704,0.430835
22705,0.047215
22706,0.959242
22707,0.45737
22708,0.450796
22709,0.840896
22710,0.956276
22711,0.694366
22712,0.519235
22713,0.917705
22714,0.881927
22715,0.08141
22716,0.73705
22717,0.694008
22718,0.065289
22719,0.526888
22720,0.948892
22721,0.837565
22722,0.590417
22723,0.897811
22724,0.893856
22725,0.639044
22726,0.85023
22727,0.728675
22728,0.683099
22729,0.882359
22730,0.846201
22731,0.616782
22732,0.782461
22733,0.605358
22734,0.497804
22735,0.640178
22736,0.656574
22737,0.697678
22738,0.728383
22739,0.940563
22740,0.647249
22741,0.676909
22742,0.841602
22743,0.614659
22744,0.743035
22745,0.721713
22746,0.808271
22747,0.682801
22748,0.755359
22749,0.73221
22750,0.644958
22751,0.755579
22752,0.499259
22753,0.973914
22754,0.832966
22755,0.950343
22756,0.570074
22757,0.63025
22758,0.863423
22759,0.899952
22760,0.625944
22761,0.76683
22762,0.794668
22763,0.457635
22764,0.533885
22765,0.621459
22766,0.826411
22767,0.822386
22768,0.984986
22769,0.857201
22770,0.696273
22771,0.790617
22772,0.538345
22773,0.591132
22774,0.872134
22775,0.543475
22776,0.890832
22777,0.917145
22778,0.485033
22779,0.931337
22780,0.888591
22781,0.854979
22782,0.664571
22783,0.862999
22784,0.775885
22785,0.641364
22786,0.856849
22787,0.493277
22788,0.970381
22789,0.190576
22790,0.815732
22791,0.381137
22792,0.83022
22793,0.589647
22794,0.470651
22795,0.77186
22796,0.552169
22797,0.529211
22798,0.043599
22799,0.710228
22800,0.880905
22801,0.825466
22802,0.673892
22803,0.742204
22804,0.44339
22805,0.771394
22806,0.82378
22807,0.37717
22808,0.978873
22809,0.907991
22810,0.961684
22811,0.878867
22812,0.454007
22813,0.585716
22814,0.586781
22815,0.102622
22816,0.63686
22817,0.595164
22818,0.88826
22819,0.525745
22820,0.80063
22821,0.763056
22822,0.944126
22823,0.783798
22824,0.690986
22825,0.87415
22826,0.732304
22827,0.769857
22828,0.86424
22829,0.777736
22830,0.561505
22831,0.98267
22832,0.735573
22833,0.484532
22834,0.546457
22835,0.0858
22836,0.054555
22837,0.685234
22838,0.638333
22839,0.778082
22840,0.767667
22841,0.987677
22842,0.563451
22843,0.910711
22844,0.60454
22845,0.817496
22846,0.952498
22847,0.71741
22848,0.700961
22849,0.886485
22850,0.878579
22851,0.839558
22852,0.769141
22853,0.982855
22854,0.524588
22855,0.722059
22856,0.623925
22857,0.354631
22858,0.61732
22859,0.785817
22860,0.897788
22861,0.887201
22862,0.691592
22863,0.664701
22864,0.91282
22865,0.920343
22866,0.625463
22867,0.772063
22868,0.901614
22869,0.940571
22870,0.321242
22871,0.839978
22872,0.587948
22873,0.750564
22874,0.47639
22875,0.398301
22876,0.935863
22877,0.21209
22878,0.781668
22879,0.940556
22880,0.828767
22881,0.539441
22882,0.948324
22883,0.659279
22884,0.43431
22885,0.896814
22886,0.602184
22887,0.328646
22888,0.661339
22889,0.623433
22890,0.939926
22891,0.932598
22892,0.760961
22893,0.368304
22894,0.74536
22895,0.613543
22896,0.904396
22897,0.846987
22898,0.742342
22899,0.950576
22900,0.687223
22901,0.801621
22902,0.878152
22903,0.845881
22904,0.78116
22905,0.579748
22906,0.630543
22907,0.7766
22908,0.627326
22909,0.181136
22910,0.82445
22911,0.678015
22912,0.696991
22913,0.731107
22914,0.716591
22915,0.544355
22916,0.850309
22917,0.441721
22918,0.683806
22919,0.749793
22920,0.699632
22921,0.780463
22922,0.789882
22923,0.917531
22924,0.493997
22925,0.749183
22926,0.492899
22927,0.886846
22928,0.857243
22929,0.28419
22930,0.567538
22931,0.916704
22932,0.275512
22933,0.427038
22934,0.454985
22935,0.747997
22936,0.886836
22937,0.788786
22938,0.798754
22939,0.840141
22940,0.50635
22941,0.852936
22942,0.830784
22943,0.44905
22944,0.722265
22945,0.406831
22946,0.704406
22947,0.688156
22948,0.406508
22949,0.803603
22950,0.692475
22951,0.729021
22952,0.792097
22953,0.844877
22954,0.453625
22955,0.752786
22956,0.872953
22957,0.405925
22958,0.429283
22959,0.429238
22960,0.719471
22961,0.370606
22962,0.650181
22963,0.737526
22964,0.802136
22965,0.895372
22966,0.742523
22967,0.676333
22968,0.582335
22969,0.536318
22970,0.728488
22971,0.88281
22972,0.922485
22973,0.922836
22974,0.947586
22975,0.834
22976,0.99255
22977,0.130172
22978,0.782459
22979,0.646976
22980,0.951557
22981,0.951752
22982,0.97044
22983,0.979664
22984,0.623211
22985,0.859237
22986,0.083272
22987,0.751025
22988,0.128945
22989,0.941779
22990,0.894271
22991,0.858593
22992,0.659745
22993,0.864569
22994,0.94653
22995,0.775169
22996,0.747277
22997,0.809709
22998,0.827178
22999,0.613689
23000,0.485947
23001,0.755023
23002,0.662801
23003,0.701025
23004,0.778358
23005,0.210163
23006,0.739644
23007,0.69484
23008,0.623749
23009,0.460992
23010,0.6643
23011,0.693631
23012,0.279001
23013,0.65503
23014,0.899419
23015,0.808965
23016,0.705304
23017,0.956479
23018,0.645528
23019,0.71375
23020,0.84526
23021,0.922965
23022,0.827028
23023,0.957276
23024,0.670551
23025,0.781559
23026,0.938096
23027,0.710543
23028,0.887738
23029,0.664567
23030,0.804319
23031,0.96035
23032,0.762401
23033,0.746018
23034,0.757705
23035,0.49042
23036,0.874987
23037,0.293101
23038,0.920934
23039,0.167172
23040,0.861462
23041,0.122792
23042,0.085131
23043,0.844186
23044,0.657739
23045,0.955433
23046,0.812776
23047,0.776535
23048,0.923338
23049,0.544134
23050,0.667119
23051,0.64712
23052,0.892689
23053,0.738393
23054,0.728489
23055,0.753422
23056,0.826859
23057,0.686203
23058,0.983841
23059,0.579923
23060,0.911967
23061,0.749806
23062,0.853867
23063,0.73969
23064,0.82567
23065,0.760282
23066,0.544073
23067,0.857195
23068,0.66082
23069,0.680968
23070,0.722911
23071,0.607285
23072,0.410255
23073,0.7191
23074,0.408014
23075,0.053552
23076,0.831909
23077,0.777082
23078,0.846065
23079,0.884872
23080,0.830631
23081,0.498581
23082,0.935537
23083,0.801684
23084,0.581464
23085,0.611463
23086,0.410775
23087,0.776961
23088,0.778577
23089,0.726849
23090,0.643032
23091,0.864288
23092,0.088837
23093,0.352461
23094,0.874485
23095,0.584047
23096,0.89376
23097,0.838383
23098,0.853559
23099,0.702551
23100,0.965876
23101,0.217243
23102,0.368964
23103,0.776499
23104,0.901482
23105,0.832785
23106,0.644065
23107,0.918513
23108,0.60537
23109,0.814374
23110,0.682087
23111,0.595854
23112,0.887728
23113,0.454237
23114,0.779605
23115,0.743298
23116,0.81729
23117,0.600757
23118,0.459475
23119,0.644103
23120,0.557925
23121,0.466001
23122,0.697416
23123,0.711308
23124,0.868687
23125,0.885196
23126,0.747377
23127,0.751332
23128,0.723469
23129,0.605676
23130,0.729939
23131,0.893335
23132,0.943968
23133,0.735183
23134,0.966036
23135,0.760402
23136,0.690771
23137,0.503884
23138,0.590724
23139,0.961929
23140,0.881988
23141,0.857216
23142,0.738046
23143,0.564897
23144,0.836903
23145,0.686356
23146,0.73033
23147,0.556121
23148,0.666512
23149,0.466189
23150,0.612677
23151,0.865947
23152,0.619378
23153,0.948343
23154,0.699932
23155,0.107204
23156,0.753194
23157,0.919105
23158,0.61187
23159,0.686613
23160,0.884919
23161,0.748348
23162,0.980825
23163,0.20504
23164,0.830941
23165,0.482897
23166,0.896643
23167,0.955743
23168,0.8605
23169,0.668429
23170,0.563444
23171,0.781942
23172,0.922542
23173,0.917979
23174,0.930521
23175,0.724364
23176,0.62847
23177,0.859237
23178,0.646154
23179,0.848818
23180,0.574044
23181,0.686467
23182,0.934208
23183,0.568126
23184,0.476388
23185,0.400798
23186,0.714978
23187,0.633297
23188,0.836011
23189,0.386281
23190,0.955145
23191,0.57756
23192,0.091184
23193,0.485855
23194,0.504081
23195,0.760794
23196,0.815351
23197,0.988367
23198,0.638401
23199,0.699943
23200,0.442515
23201,0.910006
23202,0.576816
23203,0.916077
23204,0.758352
23205,0.442676
23206,0.486299
23207,0.681481
23208,0.434755
23209,0.881776
23210,0.521884
23211,0.143797
23212,0.8597
23213,0.702747
23214,0.817632
23215,0.913205
23216,0.820108
23217,0.673693
23218,0.752679
23219,0.521912
23220,0.634158
23221,0.810473
23222,0.926992
23223,0.8579
23224,0.639804
23225,0.92767
23226,0.711045
23227,0.809186
23228,0.924865
23229,0.558176
23230,0.455303
23231,0.595985
23232,0.809643
23233,0.913328
23234,0.832959
23235,0.20958
23236,0.913678
23237,0.593108
23238,0.660307
23239,0.661629
23240,0.957574
23241,0.789904
23242,0.864563
23243,0.651008
23244,0.755122
23245,0.30803
23246,0.585693
23247,0.627934
23248,0.628692
23249,0.549251
23250,0.842642
23251,0.793847
23252,0.805319
23253,0.867884
23254,0.786296
23255,0.837203
23256,0.94654
23257,0.849061
23258,0.94087
23259,0.729093
23260,0.677061
23261,0.983945
23262,0.599956
23263,0.711181
23264,0.858119
23265,0.951594
23266,0.807699
23267,0.589572
23268,0.892224
23269,0.981477
23270,0.740367
23271,0.465148
23272,0.78483
23273,0.830131
23274,0.469503
23275,0.928856
23276,0.548275
23277,0.704322
23278,0.781047
23279,0.741759
23280,0.089487
23281,0.579009
23282,0.804883
23283,0.570253
23284,0.884821
23285,0.756648
23286,0.887398
23287,0.507097
23288,0.973646
23289,0.47183
23290,0.58196
23291,0.758341
23292,0.936695
23293,0.824157
23294,0.718863
23295,0.716255
23296,0.686287
23297,0.941545
23298,0.636818
23299,0.498555
23300,0.724085
23301,0.670607
23302,0.796341
23303,0.767639
23304,0.882544
23305,0.870505
23306,0.577028
23307,0.770078
23308,0.42803
23309,0.91829
23310,0.985056
23311,0.703556
23312,0.657373
23313,0.940857
23314,0.329595
23315,0.888716
23316,0.765537
23317,0.8014
23318,0.664767
23319,0.554912
23320,0.69693
23321,0.854486
23322,0.743113
23323,0.791573
23324,0.363076
23325,0.643999
23326,0.657012
23327,0.798165
23328,0.744725
23329,0.966065
23330,0.506438
23331,0.868255
23332,0.768888
23333,0.734378
23334,0.801608
23335,0.725107
23336,0.842636
23337,0.449488
23338,0.600957
23339,0.656425
23340,0.578284
23341,0.671383
23342,0.370754
23343,0.936929
23344,0.966832
23345,0.162504
23346,0.492022
23347,0.50053
23348,0.988928
23349,0.567244
23350,0.657134
23351,0.681341
23352,0.563574
23353,0.86212
23354,0.73959
23355,0.392817
23356,0.977781
23357,0.592683
23358,0.930857
23359,0.688846
23360,0.722422
23361,0.955766
23362,0.878751
23363,0.965965
23364,0.7353
23365,0.539524
23366,0.454822
23367,0.952742
23368,0.857904
23369,0.580177
23370,0.787042
23371,0.710687
23372,0.296975
23373,0.69714
23374,0.702611
23375,0.951495
23376,0.742033
23377,0.614278
23378,0.881894
23379,0.359607
23380,0.613443
23381,0.792212
23382,0.376526
23383,0.144441
23384,0.766399
23385,0.719005
23386,0.658961
23387,0.819665
23388,0.961478
23389,0.811612
23390,0.727664
23391,0.896088
23392,0.450917
23393,0.825064
23394,0.715023
23395,0.898832
23396,0.613096
23397,0.777944
23398,0.642807
23399,0.942215
23400,0.515831
23401,0.552026
23402,0.446872
23403,0.698641
23404,0.071691
23405,0.883901
23406,0.849688
23407,0.631084
23408,0.748572
23409,0.65745
23410,0.886096
23411,0.956712
23412,0.726936
23413,0.942624
23414,0.630894
23415,0.552816
23416,0.71866
23417,0.869545
23418,0.546784
23419,0.844564
23420,0.454472
23421,0.84415
23422,0.818606
23423,0.458638
23424,0.449644
23425,0.696756
23426,0.852294
23427,0.764973
23428,0.727282
23429,0.88081
23430,0.936213
23431,0.629648
23432,0.11277
23433,0.75721
23434,0.95145
23435,0.953429
23436,0.695449
23437,0.792885
23438,0.798539
23439,0.89249
23440,0.70029
23441,0.986528
23442,0.940128
23443,0.855624
23444,0.835931
23445,0.913074
23446,0.491766
23447,0.677094
23448,0.91815
23449,0.295128
23450,0.56173
23451,0.739394
23452,0.788611
23453,0.719436
23454,0.63759
23455,0.852151
23456,0.861026
23457,0.946079
23458,0.904293
23459,0.463328
23460,0.906963
23461,0.935659
23462,0.888135
23463,0.877696
23464,0.896852
23465,0.896048
23466,0.804715
23467,0.558091
23468,0.759657
23469,0.780969
23470,0.704244
23471,0.685696
23472,0.665027
23473,0.644686
23474,0.556053
23475,0.831507
23476,0.940793
23477,0.434546
23478,0.842802
23479,0.341136
23480,0.792212
23481,0.624081
23482,0.516556
23483,0.835559
23484,0.78016
23485,0.981151
23486,0.900877
23487,0.661009
23488,0.968156
23489,0.513491
23490,0.773437
23491,0.700767
23492,0.741925
23493,0.695483
23494,0.959623
23495,0.694015
23496,0.478456
23497,0.699623
23498,0.781013
23499,0.824622
23500,0.944704
23501,0.87558
23502,0.692366
23503,0.577179
23504,0.53853
23505,0.771658
23506,0.748342
23507,0.930307
23508,0.603728
23509,0.969805
23510,0.735984
23511,0.740485
23512,0.735684
23513,0.963035
23514,0.80544
23515,0.624502
23516,0.860128
23517,0.698894
23518,0.851234
23519,0.721722
23520,0.728137
23521,0.849228
23522,0.62477
23523,0.402069
23524,0.779933
23525,0.677655
23526,0.686325
23527,0.308493
23528,0.902254
23529,0.722641
23530,0.963601
23531,0.614905
23532,0.86838
23533,0.785659
23534,0.815199
23535,0.692901
23536,0.799521
23537,0.607997
23538,0.795413
23539,0.594042
23540,0.80401
23541,0.734357
23542,0.804746
23543,0.603127
23544,0.923419
23545,0.820434
23546,0.86506
23547,0.377086
23548,0.767883
23549,0.911308
23550,0.762995
23551,0.72702
23552,0.847943
23553,0.956103
23554,0.235023
23555,0.519023
23556,0.732077
23557,0.557022
23558,0.858831
23559,0.804564
23560,0.782743
23561,0.778592
23562,0.920868
23563,0.800066
23564,0.899196
23565,0.941423
23566,0.958249
23567,0.795102
23568,0.608492
23569,0.93574
23570,0.847518
23571,0.672684
23572,0.915802
23573,0.710423
23574,0.788287
23575,0.87724
23576,0.643024
23577,0.320557
23578,0.592452
23579,0.639755
23580,0.622638
23581,0.941066
23582,0.733125
23583,0.872892
23584,0.626328
23585,0.430544
23586,0.682591
23587,0.504954
23588,0.783237
23589,0.216522
23590,0.744562
23591,0.759673
23592,0.512684
23593,0.657506
23594,0.82205
23595,0.415048
23596,0.540442
23597,0.830444
23598,0.783417
23599,0.880937
23600,0.883836
23601,0.906757
23602,0.788102
23603,0.731386
23604,0.655882
23605,0.735678
23606,0.736164
23607,0.081117
23608,0.950193
23609,0.764234
23610,0.970112
23611,0.787958
23612,0.862122
23613,0.804804
23614,0.574449
23615,0.753166
23616,0.681614
23617,0.837509
23618,0.639389
23619,0.803198
23620,0.626685
23621,0.482576
23622,0.803848
23623,0.676279
23624,0.688982
23625,0.849764
23626,0.952341
23627,0.924078
23628,0.904936
23629,0.222419
23630,0.595466
23631,0.869897
23632,0.741459
23633,0.692646
23634,0.975446
23635,0.670135
23636,0.416244
23637,0.482101
23638,0.611424
23639,0.92795
23640,0.492992
23641,0.942953
23642,0.894372
23643,0.551461
23644,0.660431
23645,0.736973
23646,0.717591
23647,0.803777
23648,0.65188
23649,0.722542
23650,0.715211
23651,0.803392
23652,0.909209
23653,0.944147
23654,0.725664
23655,0.472725
23656,0.793342
23657,0.554677
23658,0.60082
23659,0.526534
23660,0.481175
23661,0.729738
23662,0.82998
23663,0.494432
23664,0.908687
23665,0.976018
23666,0.615047
23667,0.57295
23668,0.579775
23669,0.990065
23670,0.650953
23671,0.736255
23672,0.956819
23673,0.52642
23674,0.722643
23675,0.482273
23676,0.918614
23677,0.162785
23678,0.62025
23679,0.557043
23680,0.850302
23681,0.693663
23682,0.710614
23683,0.49448
23684,0.981305
23685,0.51507
23686,0.804298
23687,0.461641
23688,0.981228
23689,0.153099
23690,0.909682
23691,0.516481
23692,0.60074
23693,0.753005
23694,0.65913
23695,0.805907
23696,0.722276
23697,0.687501
23698,0.581807
23699,0.934706
23700,0.603424
23701,0.952191
23702,0.781811
23703,0.939506
23704,0.934268
23705,0.516049
23706,0.729997
23707,0.832604
23708,0.06809
23709,0.503641
23710,0.527357
23711,0.972656
23712,0.737985
23713,0.73588
23714,0.929973
23715,0.622898
23716,0.775532
23717,0.642083
23718,0.775743
23719,0.365176
23720,0.77104
23721,0.981811
23722,0.762663
23723,0.723939
23724,0.967313
23725,0.864097
23726,0.602435
23727,0.912774
23728,0.366034
23729,0.596104
23730,0.430928
23731,0.648955
23732,0.571473
23733,0.513431
23734,0.731831
23735,0.489942
23736,0.795739
23737,0.622014
23738,0.046658
23739,0.967321
23740,0.867948
23741,0.122935
23742,0.845807
23743,0.612745
23744,0.741978
23745,0.741392
23746,0.666499
23747,0.63515
23748,0.759584
23749,0.954075
23750,0.459193
23751,0.832469
23752,0.83618
23753,0.903051
23754,0.833783
23755,0.699394
23756,0.986861
23757,0.614655
23758,0.428629
23759,0.987218
23760,0.973404
23761,0.155549
23762,0.889628
23763,0.816416
23764,0.829378
23765,0.9859
23766,0.662916
23767,0.611063
23768,0.509993
23769,0.503675
23770,0.65941
23771,0.108016
23772,0.775206
23773,0.930212
23774,0.478117
23775,0.984296
23776,0.753898
23777,0.64801
23778,0.619767
23779,0.949054
23780,0.630224
23781,0.569085
23782,0.678232
23783,0.969527
23784,0.632582
23785,0.760883
23786,0.833112
23787,0.809928
23788,0.740443
23789,0.890781
23790,0.955549
23791,0.431623
23792,0.172486
23793,0.415976
23794,0.627441
23795,0.624668
23796,0.665854
23797,0.474652
23798,0.073312
23799,0.528308
23800,0.883525
23801,0.843301
23802,0.836799
23803,0.829197
23804,0.698042
23805,0.838659
23806,0.836481
23807,0.815362
23808,0.844161
23809,0.905681
23810,0.580096
23811,0.943672
23812,0.477791
23813,0.822634
23814,0.887334
23815,0.782135
23816,0.665001
23817,0.75032
23818,0.983631
23819,0.925611
23820,0.654458
23821,0.691323
23822,0.61037
23823,0.759203
23824,0.631074
23825,0.894787
23826,0.808602
23827,0.910568
23828,0.658726
23829,0.755037
23830,0.863914
23831,0.613238
23832,0.456574
23833,0.567973
23834,0.504509
23835,0.951476
23836,0.636452
23837,0.809376
23838,0.163069
23839,0.801915
23840,0.874654
23841,0.819104
23842,0.97539
23843,0.947116
23844,0.988481
23845,0.886172
23846,0.925946
23847,0.938096
23848,0.640447
23849,0.853558
23850,0.783632
23851,0.420041
23852,0.932365
23853,0.756037
23854,0.610227
23855,0.744919
23856,0.928742
23857,0.755785
23858,0.692868
23859,0.65617
23860,0.934329
23861,0.619237
23862,0.780276
23863,0.684065
23864,0.712224
23865,0.901608
23866,0.543776
23867,0.654973
23868,0.975846
23869,0.281901
23870,0.553346
23871,0.589813
23872,0.932579
23873,0.325325
23874,0.781306
23875,0.893766
23876,0.595103
23877,0.659866
23878,0.855889
23879,0.96459
23880,0.980941
23881,0.935681
23882,0.499666
23883,0.562125
23884,0.891393
23885,0.709184
23886,0.645849
23887,0.923579
23888,0.929917
23889,0.663129
23890,0.67586
23891,0.71139
23892,0.728983
23893,0.735315
23894,0.455849
23895,0.759363
23896,0.709242
23897,0.847893
23898,0.797406
23899,0.956506
23900,0.939612
23901,0.964986
23902,0.86306
23903,0.771668
23904,0.839624
23905,0.909379
23906,0.101584
23907,0.735084
23908,0.558773
23909,0.382929
23910,0.535591
23911,0.788087
23912,0.401974
23913,0.44405
23914,0.50346
23915,0.612983
23916,0.776307
23917,0.668619
23918,0.781013
23919,0.508111
23920,0.633834
23921,0.962234
23922,0.774485
23923,0.390374
23924,0.945805
23925,0.664483
23926,0.727017
23927,0.647756
23928,0.650294
23929,0.729377
23930,0.979044
23931,0.759442
23932,0.556652
23933,0.576126
23934,0.721054
23935,0.241161
23936,0.917391
23937,0.8851
23938,0.718581
23939,0.399242
23940,0.084239
23941,0.810429
23942,0.715588
23943,0.731951
23944,0.603168
23945,0.965271
23946,0.656033
23947,0.978888
23948,0.620165
23949,0.875682
23950,0.776272
23951,0.496472
23952,0.865157
23953,0.371
23954,0.728038
23955,0.979316
23956,0.4911
23957,0.802269
23958,0.919762
23959,0.692617
23960,0.905989
23961,0.761794
23962,0.61882
23963,0.718796
23964,0.556369
23965,0.833656
23966,0.937333
23967,0.924397
23968,0.235002
23969,0.347317
23970,0.705276
23971,0.769182
23972,0.969426
23973,0.753671
23974,0.854791
23975,0.596538
23976,0.557695
23977,0.657418
23978,0.916118
23979,0.959962
23980,0.692204
23981,0.891947
23982,0.771449
23983,0.635338
23984,0.633645
23985,0.389431
23986,0.531009
23987,0.728842
23988,0.76825
23989,0.053908
23990,0.73449
23991,0.735846
23992,0.735423
23993,0.889442
23994,0.502397
23995,0.880669
23996,0.954849
23997,0.802789
23998,0.837098
23999,0.708739
24000,0.491022
24001,0.734874
24002,0.734019
24003,0.690973
24004,0.849267
24005,0.38478
24006,0.964085
24007,0.756391
24008,0.97157
24009,0.643732
24010,0.805711
24011,0.620037
24012,0.653388
24013,0.408163
24014,0.840768
24015,0.944381
24016,0.11258
24017,0.726888
24018,0.080385
24019,0.183867
24020,0.77307
24021,0.496004
24022,0.891757
24023,0.800449
24024,0.905379
24025,0.489429
24026,0.499491
24027,0.94435
24028,0.661415
24029,0.51237
24030,0.566167
24031,0.914923
24032,0.137616
24033,0.456525
24034,0.340425
24035,0.769316
24036,0.557391
24037,0.522283
24038,0.621594
24039,0.660992
24040,0.266438
24041,0.640164
24042,0.6434
24043,0.93222
24044,0.870636
24045,0.876644
24046,0.88094
24047,0.820083
24048,0.829056
24049,0.725717
24050,0.761821
24051,0.66472
24052,0.847693
24053,0.926001
24054,0.471306
24055,0.698645
24056,0.956815
24057,0.975185
24058,0.530578
24059,0.950401
24060,0.779418
24061,0.806336
24062,0.811966
24063,0.972549
24064,0.368484
24065,0.614616
24066,0.597259
24067,0.712978
24068,0.427976
24069,0.485071
24070,0.464107
24071,0.624661
24072,0.809732
24073,0.860596
24074,0.955534
24075,0.863364
24076,0.932054
24077,0.555995
24078,0.607492
24079,0.767383
24080,0.781799
24081,0.785922
24082,0.848646
24083,0.713022
24084,0.813675
24085,0.114368
24086,0.559053
24087,0.387914
24088,0.714223
24089,0.981155
24090,0.559898
24091,0.340867
24092,0.514638
24093,0.707952
24094,0.458359
24095,0.968805
24096,0.727264
24097,0.75747
24098,0.528268
24099,0.695925
24100,0.662061
24101,0.78555
24102,0.538087
24103,0.747431
24104,0.696208
24105,0.780693
24106,0.66914
24107,0.928613
24108,0.970612
24109,0.789666
24110,0.468141
24111,0.486698
24112,0.962305
24113,0.812284
24114,0.748139
24115,0.747096
24116,0.78637
24117,0.85483
24118,0.697823
24119,0.762877
24120,0.439136
24121,0.540064
24122,0.704341
24123,0.921185
24124,0.479651
24125,0.624168
24126,0.761034
24127,0.912764
24128,0.68749
24129,0.964804
24130,0.766585
24131,0.40608
24132,0.600142
24133,0.598626
24134,0.689227
24135,0.671404
24136,0.45444
24137,0.618918
24138,0.41308
24139,0.856116
24140,0.747667
24141,0.739011
24142,0.96948
24143,0.972801
24144,0.803913
24145,0.94093
24146,0.984955
24147,0.8843
24148,0.890917
24149,0.888081
24150,0.760782
24151,0.529981
24152,0.770516
24153,0.831791
24154,0.978554
24155,0.688136
24156,0.769535
24157,0.82409
24158,0.667475
24159,0.840329
24160,0.841046
24161,0.906607
24162,0.442848
24163,0.557656
24164,0.632086
24165,0.964621
24166,0.252628
24167,0.810908
24168,0.608475
24169,0.948493
24170,0.8088
24171,0.918406
24172,0.830211
24173,0.927553
24174,0.75021
24175,0.828279
24176,0.965047
24177,0.982178
24178,0.824124
24179,0.496312
24180,0.681893
24181,0.918031
24182,0.707263
24183,0.666937
24184,0.528312
24185,0.525727
24186,0.793384
24187,0.924896
24188,0.686532
24189,0.714991
24190,0.725277
24191,0.672324
24192,0.759273
24193,0.922887
24194,0.450627
24195,0.634798
24196,0.650722
24197,0.752317
24198,0.936215
24199,0.846096
24200,0.825002
24201,0.778442
24202,0.937452
24203,0.988223
24204,0.650765
24205,0.793241
24206,0.6391
24207,0.698214
24208,0.57243
24209,0.710049
24210,0.611917
24211,0.982584
24212,0.759396
24213,0.393772
24214,0.676557
24215,0.958605
24216,0.658022
24217,0.71835
24218,0.676169
24219,0.846556
24220,0.818841
24221,0.424371
24222,0.485395
24223,0.643247
24224,0.585503
24225,0.939969
24226,0.8387
24227,0.739508
24228,0.678494
24229,0.883862
24230,0.95568
24231,0.611933
24232,0.71009
24233,0.887999
24234,0.675353
24235,0.75299
24236,0.839576
24237,0.866579
24238,0.542816
24239,0.811198
24240,0.351928
24241,0.616235
24242,0.887065
24243,0.97949
24244,0.062741
24245,0.74686
24246,0.962726
24247,0.81432
24248,0.473646
24249,0.976879
24250,0.624946
24251,0.876308
24252,0.781488
24253,0.568404
24254,0.949859
24255,0.757949
24256,0.608853
24257,0.561481
24258,0.800239
24259,0.736129
24260,0.560026
24261,0.645286
24262,0.87468
24263,0.95941
24264,0.753385
24265,0.658003
24266,0.53568
24267,0.633425
24268,0.908251
24269,0.610681
24270,0.900958
24271,0.90608
24272,0.768575
24273,0.752812
24274,0.649955
24275,0.582648
24276,0.523008
24277,0.897575
24278,0.970014
24279,0.886652
24280,0.682568
24281,0.929644
24282,0.963637
24283,0.965156
24284,0.699715
24285,0.76199
24286,0.79219
24287,0.820954
24288,0.82378
24289,0.552093
24290,0.787863
24291,0.568077
24292,0.909592
24293,0.663273
24294,0.789748
24295,0.589335
24296,0.727665
24297,0.698512
24298,0.776115
24299,0.84525
24300,0.71915
24301,0.688762
24302,0.529541
24303,0.278592
24304,0.451503
24305,0.640507
24306,0.914055
24307,0.709039
24308,0.583839
24309,0.125447
24310,0.954901
24311,0.104243
24312,0.966777
24313,0.773706
24314,0.68918
24315,0.580623
24316,0.525166
24317,0.95338
24318,0.604524
24319,0.279861
24320,0.308311
24321,0.556982
24322,0.650899
24323,0.885925
24324,0.796362
24325,0.524973
24326,0.084398
24327,0.721035
24328,0.650916
24329,0.777614
24330,0.748776
24331,0.74483
24332,0.865441
24333,0.342403
24334,0.440988
24335,0.679843
24336,0.569669
24337,0.709334
24338,0.705269
24339,0.865123
24340,0.96287
24341,0.597782
24342,0.735868
24343,0.700705
24344,0.595534
24345,0.346303
24346,0.440859
24347,0.5836
24348,0.385333
24349,0.665776
24350,0.558443
24351,0.611459
24352,0.687662
24353,0.838139
24354,0.56196
24355,0.443468
24356,0.960202
24357,0.898029
24358,0.935447
24359,0.044479
24360,0.965369
24361,0.792753
24362,0.746688
24363,0.58802
24364,0.654647
24365,0.444173
24366,0.645996
24367,0.491537
24368,0.691849
24369,0.668544
24370,0.717996
24371,0.764036
24372,0.699008
24373,0.930419
24374,0.733795
24375,0.481184
24376,0.554837
24377,0.661682
24378,0.949367
24379,0.768872
24380,0.954806
24381,0.670476
24382,0.616508
24383,0.51579
24384,0.802196
24385,0.901808
24386,0.524411
24387,0.759228
24388,0.539519
24389,0.547938
24390,0.629092
24391,0.542725
24392,0.938783
24393,0.66306
24394,0.833897
24395,0.945032
24396,0.935247
24397,0.847116
24398,0.900788
24399,0.924668
24400,0.62964
24401,0.495701
24402,0.514286
24403,0.432438
24404,0.719327
24405,0.889198
24406,0.203603
24407,0.93732
24408,0.654267
24409,0.896185
24410,0.706292
24411,0.916581
24412,0.847605
24413,0.582146
24414,0.889118
24415,0.869405
24416,0.647979
24417,0.877725
24418,0.636172
24419,0.740847
24420,0.709638
24421,0.664651
24422,0.669047
24423,0.549203
24424,0.803601
24425,0.702088
24426,0.849736
24427,0.943753
24428,0.827053
24429,0.714833
24430,0.621738
24431,0.923934
24432,0.934269
24433,0.918912
24434,0.800083
24435,0.566963
24436,0.840722
24437,0.822099
24438,0.490724
24439,0.792538
24440,0.77485
24441,0.62529
24442,0.919668
24443,0.475733
24444,0.991284
24445,0.975032
24446,0.730546
24447,0.774254
24448,0.980019
24449,0.828566
24450,0.686246
24451,0.663848
24452,0.793499
24453,0.880964
24454,0.861049
24455,0.939829
24456,0.672334
24457,0.769499
24458,0.338604
24459,0.865503
24460,0.349891
24461,0.560162
24462,0.592848
24463,0.818522
24464,0.404676
24465,0.856731
24466,0.964248
24467,0.656611
24468,0.893308
24469,0.924494
24470,0.695076
24471,0.835546
24472,0.451
24473,0.721762
24474,0.694716
24475,0.939912
24476,0.617963
24477,0.690332
24478,0.70815
24479,0.51675
24480,0.869304
24481,0.540758
24482,0.829735
24483,0.765444
24484,0.467705
24485,0.736907
24486,0.833889
24487,0.775384
24488,0.908879
24489,0.759467
24490,0.733764
24491,0.675008
24492,0.758732
24493,0.685643
24494,0.77696
24495,0.975479
24496,0.60408
24497,0.968803
24498,0.771022
24499,0.751031
24500,0.870047
24501,0.847666
24502,0.550669
24503,0.747442
24504,0.965153
24505,0.76163
24506,0.714469
24507,0.837796
24508,0.611117
24509,0.627221
24510,0.835171
24511,0.59975
24512,0.849703
24513,0.827943
24514,0.886762
24515,0.417017
24516,0.581701
24517,0.844332
24518,0.947261
24519,0.741509
24520,0.646933
24521,0.91507
24522,0.640128
24523,0.648181
24524,0.965759
24525,0.646844
24526,0.963759
24527,0.874664
24528,0.950704
24529,0.762327
24530,0.065346
24531,0.466523
24532,0.707782
24533,0.812987
24534,0.898156
24535,0.846241
24536,0.95637
24537,0.627309
24538,0.55867
24539,0.643189
24540,0.904651
24541,0.718039
24542,0.668647
24543,0.592933
24544,0.979388
24545,0.557938
24546,0.395976
24547,0.761741
24548,0.717416
24549,0.932954
24550,0.102336
24551,0.853986
24552,0.53491
24553,0.964977
24554,0.930176
24555,0.876801
24556,0.154516
24557,0.602836
24558,0.446591
24559,0.782753
24560,0.857786
24561,0.657034
24562,0.610767
24563,0.776214
24564,0.244395
24565,0.038774
24566,0.538546
24567,0.450436
24568,0.961608
24569,0.787432
24570,0.873477
24571,0.784897
24572,0.627878
24573,0.656049
24574,0.648821
24575,0.598885
24576,0.872642
24577,0.708528
24578,0.206094
24579,0.873812
24580,0.917297
24581,0.717625
24582,0.599071
24583,0.825206
24584,0.766078
24585,0.7015
24586,0.64641
24587,0.933413
24588,0.899033
24589,0.978552
24590,0.945856
24591,0.411919
24592,0.732616
24593,0.735125
24594,0.848947
24595,0.705115
24596,0.631254
24597,0.893006
24598,0.535715
24599,0.058066
24600,0.801268
24601,0.620561
24602,0.960505
24603,0.701127
24604,0.903685
24605,0.968764
24606,0.80929
24607,0.767494
24608,0.558853
24609,0.930677
24610,0.946617
24611,0.846917
24612,0.910175
24613,0.943124
24614,0.489954
24615,0.947535
24616,0.728375
24617,0.641259
24618,0.302363
24619,0.560629
24620,0.752272
24621,0.091212
24622,0.965995
24623,0.77969
24624,0.727051
24625,0.904233
24626,0.952792
24627,0.902001
24628,0.657837
24629,0.293145
24630,0.760151
24631,0.637801
24632,0.669107
24633,0.229228
24634,0.676681
24635,0.769125
24636,0.60214
24637,0.651343
24638,0.639832
24639,0.980675
24640,0.705738
24641,0.810649
24642,0.72753
24643,0.614189
24644,0.776475
24645,0.458453
24646,0.494986
24647,0.619045
24648,0.886184
24649,0.924893
24650,0.799026
24651,0.943639
24652,0.86343
24653,0.706884
24654,0.856506
24655,0.628604
24656,0.915472
24657,0.780271
24658,0.90939
24659,0.858096
24660,0.945342
24661,0.681928
24662,0.858502
24663,0.527247
24664,0.556271
24665,0.596644
24666,0.961084
24667,0.650546
24668,0.790562
24669,0.678689
24670,0.870474
24671,0.414048
24672,0.924511
24673,0.797495
24674,0.655883
24675,0.65901
24676,0.983467
24677,0.901607
24678,0.842748
24679,0.753569
24680,0.57821
24681,0.639299
24682,0.747442
24683,0.844261
24684,0.053686
24685,0.700501
24686,0.696659
24687,0.545717
24688,0.71844
24689,0.66098
24690,0.553474
24691,0.654087
24692,0.431139
24693,0.827634
24694,0.543034
24695,0.844337
24696,0.747606
24697,0.938677
24698,0.712435
24699,0.706299
24700,0.532593
24701,0.969116
24702,0.768729
24703,0.575748
24704,0.513344
24705,0.860141
24706,0.627578
24707,0.617565
24708,0.37498
24709,0.924782
24710,0.606505
24711,0.653817
24712,0.80324
24713,0.705358
24714,0.60649
24715,0.691314
24716,0.980352
24717,0.912723
24718,0.719428
24719,0.840832
24720,0.863106
24721,0.766963
24722,0.763204
24723,0.540843
24724,0.934917
24725,0.687379
24726,0.955022
24727,0.706977
24728,0.713637
24729,0.697136
24730,0.691393
24731,0.630186
24732,0.542953
24733,0.938207
24734,0.708544
24735,0.634814
24736,0.647297
24737,0.958183
24738,0.483242
24739,0.775692
24740,0.291917
24741,0.747798
24742,0.546203
24743,0.680778
24744,0.599152
24745,0.605899
24746,0.603873
24747,0.889821
24748,0.559273
24749,0.694866
24750,0.567351
24751,0.773277
24752,0.711291
24753,0.645723
24754,0.553838
24755,0.505658
24756,0.878828
24757,0.992687
24758,0.771251
24759,0.65731
24760,0.940794
24761,0.944297
24762,0.962508
24763,0.620816
24764,0.645376
24765,0.788438
24766,0.967167
24767,0.693993
24768,0.907556
24769,0.98992
24770,0.85571
24771,0.776423
24772,0.55198
24773,0.658496
24774,0.624782
24775,0.946975
24776,0.768169
24777,0.936604
24778,0.90135
24779,0.768542
24780,0.91776
24781,0.850419
24782,0.299699
24783,0.038739
24784,0.896214
24785,0.84608
24786,0.402915
24787,0.944189
24788,0.849117
24789,0.4391
24790,0.616128
24791,0.72906
24792,0.943177
24793,0.520285
24794,0.976315
24795,0.92574
24796,0.838918
24797,0.607972
24798,0.991254
24799,0.794435
24800,0.676415
24801,0.303035
24802,0.648033
24803,0.734949
24804,0.663716
24805,0.880656
24806,0.221494
24807,0.454602
24808,0.872239
24809,0.61836
24810,0.933321
24811,0.353467
24812,0.885383
24813,0.82046
24814,0.851696
24815,0.654076
24816,0.87263
24817,0.474081
24818,0.807055
24819,0.924392
24820,0.771743
24821,0.657218
24822,0.96732
24823,0.787629
24824,0.827909
24825,0.988354
24826,0.659448
24827,0.753983
24828,0.045555
24829,0.730785
24830,0.85681
24831,0.502669
24832,0.794495
24833,0.812215
24834,0.65852
24835,0.618462
24836,0.629345
24837,0.939862
24838,0.660878
24839,0.776487
24840,0.659623
24841,0.499151
24842,0.714104
24843,0.654554
24844,0.932995
24845,0.863954
24846,0.722118
24847,0.889426
24848,0.860752
24849,0.982338
24850,0.799081
24851,0.763412
24852,0.983281
24853,0.710424
24854,0.816284
24855,0.788815
24856,0.792036
24857,0.190033
24858,0.221852
24859,0.322489
24860,0.745524
24861,0.545126
24862,0.611144
24863,0.746466
24864,0.978499
24865,0.890311
24866,0.661806
24867,0.979852
24868,0.913297
24869,0.655492
24870,0.785718
24871,0.760276
24872,0.877335
24873,0.921019
24874,0.742337
24875,0.905833
24876,0.784901
24877,0.767592
24878,0.952817
24879,0.706768
24880,0.810155
24881,0.856025
24882,0.505267
24883,0.935813
24884,0.60404
24885,0.665098
24886,0.991267
24887,0.595596
24888,0.874337
24889,0.093578
24890,0.672798
24891,0.976143
24892,0.787787
24893,0.929411
24894,0.760403
24895,0.48879
24896,0.873996
24897,0.771652
24898,0.94958
24899,0.664422
24900,0.545244
24901,0.723393
24902,0.803249
24903,0.889824
24904,0.731984
24905,0.949529
24906,0.72381
24907,0.903383
24908,0.52123
24909,0.711467
24910,0.847401
24911,0.89733
24912,0.880789
24913,0.82338
24914,0.842043
24915,0.19549
24916,0.936882
24917,0.453214
24918,0.983675
24919,0.542404
24920,0.570645
24921,0.38701
24922,0.562065
24923,0.941782
24924,0.854241
24925,0.893578
24926,0.938902
24927,0.680884
24928,0.079681
24929,0.80143
24930,0.71809
24931,0.549325
24932,0.675661
24933,0.72488
24934,0.79664
24935,0.569178
24936,0.676428
24937,0.525209
24938,0.755588
24939,0.973887
24940,0.576956
24941,0.57047
24942,0.839168
24943,0.938133
24944,0.649335
24945,0.839173
24946,0.962704
24947,0.447231
24948,0.63885
24949,0.653943
24950,0.765205
24951,0.785533
24952,0.879013
24953,0.423057
24954,0.168785
24955,0.615261
24956,0.431189
24957,0.777515
24958,0.555667
24959,0.7207
24960,0.704618
24961,0.921032
24962,0.929139
24963,0.540146
24964,0.701848
24965,0.648224
24966,0.623089
24967,0.977405
24968,0.469498
24969,0.272003
24970,0.71567
24971,0.786276
24972,0.96365
24973,0.751647
24974,0.818101
24975,0.825513
24976,0.550218
24977,0.702453
24978,0.648636
24979,0.577698
24980,0.426863
24981,0.955315
24982,0.876764
24983,0.958034
24984,0.531767
24985,0.903062
24986,0.184225
24987,0.856821
24988,0.70066
24989,0.543669
24990,0.659689
24991,0.593776
24992,0.518089
24993,0.708331
24994,0.667463
24995,0.923413
24996,0.866253
24997,0.985091
24998,0.695684
24999,0.42986
25000,0.642544
25001,0.589777
25002,0.972468
25003,0.924782
25004,0.313523
25005,0.223673
25006,0.844422
25007,0.839788
25008,0.464682
25009,0.655014
25010,0.722203
25011,0.688756
25012,0.659261
25013,0.733898
25014,0.472197
25015,0.710448
25016,0.813202
25017,0.86075
25018,0.951434
25019,0.039127
25020,0.646336
25021,0.699158
25022,0.762183
25023,0.545065
25024,0.547744
25025,0.946726
25026,0.421999
25027,0.894017
25028,0.990268
25029,0.750929
25030,0.952811
25031,0.904342
25032,0.749053
25033,0.558221
25034,0.904202
25035,0.77402
25036,0.610531
25037,0.94274
25038,0.602176
25039,0.96462
25040,0.948499
25041,0.803141
25042,0.736533
25043,0.805023
25044,0.806637
25045,0.741218
25046,0.561525
25047,0.741557
25048,0.491401
25049,0.853161
25050,0.990435
25051,0.713189
25052,0.316185
25053,0.668313
25054,0.644209
25055,0.374392
25056,0.635577
25057,0.78027
25058,0.970822
25059,0.963922
25060,0.5911
25061,0.849386
25062,0.843529
25063,0.491746
25064,0.698285
25065,0.621125
25066,0.725883
25067,0.620046
25068,0.63703
25069,0.85932
25070,0.752641
25071,0.928368
25072,0.63474
25073,0.698711
25074,0.759964
25075,0.991933
25076,0.933835
25077,0.727776
25078,0.748397
25079,0.574765
25080,0.483513
25081,0.723994
25082,0.83723
25083,0.987558
25084,0.646132
25085,0.812833
25086,0.411434
25087,0.122068
25088,0.676525
25089,0.485946
25090,0.92309
25091,0.928108
25092,0.737873
25093,0.829278
25094,0.632307
25095,0.769147
25096,0.729888
25097,0.790237
25098,0.783141
25099,0.564644
25100,0.785301
25101,0.362335
25102,0.517242
25103,0.964366
25104,0.819016
25105,0.844245
25106,0.964136
25107,0.74445
25108,0.721328
25109,0.380178
25110,0.942625
25111,0.62433
25112,0.723616
25113,0.737614
25114,0.702064
25115,0.667892
25116,0.54034
25117,0.193271
25118,0.889213
25119,0.67315
25120,0.880955
25121,0.690337
25122,0.726449
25123,0.981641
25124,0.896187
25125,0.783162
25126,0.634037
25127,0.703628
25128,0.883263
25129,0.856943
25130,0.097091
25131,0.597068
25132,0.370402
25133,0.774257
25134,0.74095
25135,0.60521
25136,0.684653
25137,0.61142
25138,0.521803
25139,0.413573
25140,0.679022
25141,0.974615
25142,0.560748
25143,0.903329
25144,0.739312
25145,0.806715
25146,0.870187
25147,0.969698
25148,0.95609
25149,0.906641
25150,0.576545
25151,0.646676
25152,0.929396
25153,0.709099
25154,0.666245
25155,0.468486
25156,0.751937
25157,0.784035
25158,0.522459
25159,0.729991
25160,0.812054
25161,0.563806
25162,0.834752
25163,0.865409
25164,0.855782
25165,0.982642
25166,0.780424
25167,0.913379
25168,0.668709
25169,0.96488
25170,0.503039
25171,0.892605
25172,0.861357
25173,0.573362
25174,0.75164
25175,0.734126
25176,0.066386
25177,0.720655
25178,0.687489
25179,0.672834
25180,0.933314
25181,0.671324
25182,0.958692
25183,0.831802
25184,0.95903
25185,0.582282
25186,0.563077
25187,0.502501
25188,0.33907
25189,0.901478
25190,0.545214
25191,0.936394
25192,0.779013
25193,0.6005
25194,0.556293
25195,0.597099
25196,0.938222
25197,0.610143
25198,0.965059
25199,0.774744
25200,0.462369
25201,0.623917
25202,0.755669
25203,0.839801
25204,0.88759
25205,0.855107
25206,0.633586
25207,0.443792
25208,0.940364
25209,0.748477
25210,0.684467
25211,0.840818
25212,0.701068
25213,0.801491
25214,0.682648
25215,0.618899
25216,0.637937
25217,0.696629
25218,0.885157
25219,0.60358
25220,0.875642
25221,0.774088
25222,0.633232
25223,0.724388
25224,0.895916
25225,0.658466
25226,0.672341
25227,0.627217
25228,0.800905
25229,0.860997
25230,0.438789
25231,0.777156
25232,0.85536
25233,0.815349
25234,0.952735
25235,0.694615
25236,0.908231
25237,0.794484
25238,0.735047
25239,0.715418
25240,0.709898
25241,0.387136
25242,0.486104
25243,0.869001
25244,0.869418
25245,0.882575
25246,0.280571
25247,0.622999
25248,0.93254
25249,0.693758
25250,0.545837
25251,0.549881
25252,0.655656
25253,0.807735
25254,0.569771
25255,0.982942
25256,0.563752
25257,0.584197
25258,0.629506
25259,0.932771
25260,0.849648
25261,0.770258
25262,0.901482
25263,0.817829
25264,0.711846
25265,0.938276
25266,0.769599
25267,0.391069
25268,0.963893
25269,0.620154
25270,0.610644
25271,0.897426
25272,0.482792
25273,0.219711
25274,0.50677
25275,0.787892
25276,0.935325
25277,0.80346
25278,0.676916
25279,0.769882
25280,0.427191
25281,0.941975
25282,0.685075
25283,0.64039
25284,0.886691
25285,0.68487
25286,0.711313
25287,0.855292
25288,0.688791
25289,0.866639
25290,0.780952
25291,0.715717
25292,0.671547
25293,0.878813
25294,0.919247
25295,0.807976
25296,0.911286
25297,0.970315
25298,0.735774
25299,0.639725
25300,0.859902
25301,0.951228
25302,0.557337
25303,0.669526
25304,0.871653
25305,0.625944
25306,0.535976
25307,0.943176
25308,0.56416
25309,0.544156
25310,0.615727
25311,0.634073
25312,0.753897
25313,0.837162
25314,0.601363
25315,0.697884
25316,0.736196
25317,0.546772
25318,0.981123
25319,0.708321
25320,0.683129
25321,0.516288
25322,0.786552
25323,0.916454
25324,0.736843
25325,0.895868
25326,0.83343
25327,0.573858
25328,0.923565
25329,0.95487
25330,0.650992
25331,0.526992
25332,0.958363
25333,0.830615
25334,0.592188
25335,0.725758
25336,0.862686
25337,0.989528
25338,0.821447
25339,0.93886
25340,0.952208
25341,0.899917
25342,0.86447
25343,0.99422
25344,0.682455
25345,0.64012
25346,0.373427
25347,0.815457
25348,0.102605
25349,0.758272
25350,0.714118
25351,0.490909
25352,0.643002
25353,0.872089
25354,0.706207
25355,0.986278
25356,0.799734
25357,0.416856
25358,0.528938
25359,0.823632
25360,0.288143
25361,0.842772
25362,0.796919
25363,0.913911
25364,0.903964
25365,0.516837
25366,0.958818
25367,0.893786
25368,0.768685
25369,0.882659
25370,0.702648
25371,0.899739
25372,0.719329
25373,0.680045
25374,0.944247
25375,0.827395
25376,0.708063
25377,0.737076
25378,0.922312
25379,0.604931
25380,0.843718
25381,0.474193
25382,0.918932
25383,0.586902
25384,0.955764
25385,0.55258
25386,0.836572
25387,0.729828
25388,0.897554
25389,0.946281
25390,0.580818
25391,0.743376
25392,0.906918
25393,0.699452
25394,0.121758
25395,0.971369
25396,0.797807
25397,0.826862
25398,0.829703
25399,0.561593
25400,0.837733
25401,0.625012
25402,0.935732
25403,0.981891
25404,0.505904
25405,0.747855
25406,0.961878
25407,0.709892
25408,0.720585
25409,0.835944
25410,0.798166
25411,0.976363
25412,0.733304
25413,0.723023
25414,0.916941
25415,0.052175
25416,0.844171
25417,0.846842
25418,0.131561
25419,0.660722
25420,0.900524
25421,0.839533
25422,0.772711
25423,0.698054
25424,0.528696
25425,0.655046
25426,0.510455
25427,0.700585
25428,0.830501
25429,0.762375
25430,0.839007
25431,0.889277
25432,0.859366
25433,0.675198
25434,0.788265
25435,0.063212
25436,0.699744
25437,0.866722
25438,0.827351
25439,0.956903
25440,0.683142
25441,0.941695
25442,0.334895
25443,0.881133
25444,0.824349
25445,0.574727
25446,0.860962
25447,0.534619
25448,0.91284
25449,0.206862
25450,0.982192
25451,0.612862
25452,0.936385
25453,0.960048
25454,0.545253
25455,0.907837
25456,0.790638
25457,0.967346
25458,0.862802
25459,0.653238
25460,0.076139
25461,0.80464
25462,0.95248
25463,0.401316
25464,0.855948
25465,0.721265
25466,0.7928
25467,0.7226
25468,0.62239
25469,0.89336
25470,0.858708
25471,0.888262
25472,0.456143
25473,0.625603
25474,0.714991
25475,0.775141
25476,0.604295
25477,0.64427
25478,0.699331
25479,0.563041
25480,0.619187
25481,0.641972
25482,0.863718
25483,0.890001
25484,0.62751
25485,0.805307
25486,0.872674
25487,0.919649
25488,0.914585
25489,0.648033
25490,0.971419
25491,0.905299
25492,0.813872
25493,0.737112
25494,0.704738
25495,0.977158
25496,0.579148
25497,0.940583
25498,0.872996
25499,0.789064
25500,0.838029
25501,0.618528
25502,0.430395
25503,0.892722
25504,0.689682
25505,0.580686
25506,0.929078
25507,0.80583
25508,0.853257
25509,0.115596
25510,0.436093
25511,0.536036
25512,0.421305
25513,0.862416
25514,0.707151
25515,0.663689
25516,0.591739
25517,0.967132
25518,0.681156
25519,0.98637
25520,0.674251
25521,0.774778
25522,0.710837
25523,0.574162
25524,0.58887
25525,0.762844
25526,0.470937
25527,0.355176
25528,0.614734
25529,0.918565
25530,0.599255
25531,0.92859
25532,0.637405
25533,0.706526
25534,0.773253
25535,0.81556
25536,0.20267
25537,0.449418
25538,0.461648
25539,0.917593
25540,0.751166
25541,0.642295
25542,0.687358
25543,0.700198
25544,0.601915
25545,0.471672
25546,0.812443
25547,0.59652
25548,0.776045
25549,0.781951
25550,0.62946
25551,0.764898
25552,0.489998
25553,0.858044
25554,0.798093
25555,0.876374
25556,0.382119
25557,0.787939
25558,0.590369
25559,0.901339
25560,0.611603
25561,0.61592
25562,0.993936
25563,0.78595
25564,0.738688
25565,0.128496
25566,0.980058
25567,0.800171
25568,0.171404
25569,0.665712
25570,0.644613
25571,0.946935
25572,0.033071
25573,0.809254
25574,0.743218
25575,0.925659
25576,0.449856
25577,0.684695
25578,0.945439
25579,0.778819
25580,0.636444
25581,0.861902
25582,0.763579
25583,0.520847
25584,0.694594
25585,0.783986
25586,0.925907
25587,0.82557
25588,0.745421
25589,0.812815
25590,0.465788
25591,0.764993
25592,0.894084
25593,0.626673
25594,0.777501
25595,0.07126
25596,0.895559
25597,0.644525
25598,0.447555
25599,0.63427
25600,0.826322
25601,0.959489
25602,0.732216
25603,0.350924
25604,0.695867
25605,0.868181
25606,0.485481
25607,0.777435
25608,0.500214
25609,0.638592
25610,0.550368
25611,0.769207
25612,0.927418
25613,0.448194
25614,0.924296
25615,0.910944
25616,0.777719
25617,0.869969
25618,0.68862
25619,0.951239
25620,0.045295
25621,0.824426
25622,0.213133
25623,0.586758
25624,0.880107
25625,0.351981
25626,0.746386
25627,0.89061
25628,0.704982
25629,0.640354
25630,0.446475
25631,0.593896
25632,0.742735
25633,0.936243
25634,0.982597
25635,0.614265
25636,0.950653
25637,0.625613
25638,0.66285
25639,0.84862
25640,0.933622
25641,0.553515
25642,0.867421
25643,0.929719
25644,0.89106
25645,0.656676
25646,0.901687
25647,0.437362
25648,0.803923
25649,0.791681
25650,0.795294
25651,0.562062
25652,0.727139
25653,0.916691
25654,0.818779
25655,0.972226
25656,0.985152
25657,0.87344
25658,0.631903
25659,0.932586
25660,0.376408
25661,0.631211
25662,0.659189
25663,0.903227
25664,0.977088
25665,0.90074
25666,0.933199
25667,0.876533
25668,0.865161
25669,0.775122
25670,0.817563
25671,0.843545
25672,0.90048
25673,0.610691
25674,0.681238
25675,0.561481
25676,0.959721
25677,0.994053
25678,0.798014
25679,0.66292
25680,0.757913
25681,0.905411
25682,0.040614
25683,0.662309
25684,0.439618
25685,0.521627
25686,0.430587
25687,0.847005
25688,0.82173
25689,0.838052
25690,0.598307
25691,0.557176
25692,0.758942
25693,0.874466
25694,0.680033
25695,0.561618
25696,0.78497
25697,0.963546
25698,0.7137
25699,0.873464
25700,0.869262
25701,0.53949
25702,0.977604
25703,0.640379
25704,0.969934
25705,0.720606
25706,0.84135
25707,0.645239
25708,0.943305
25709,0.86127
25710,0.917608
25711,0.612141
25712,0.984216
25713,0.91511
25714,0.960982
25715,0.830995
25716,0.655269
25717,0.750146
25718,0.673366
25719,0.835202
25720,0.965452
25721,0.596559
25722,0.858907
25723,0.903455
25724,0.477409
25725,0.768362
25726,0.799516
25727,0.663565
25728,0.867038
25729,0.236075
25730,0.159917
25731,0.800065
25732,0.634824
25733,0.967473
25734,0.537314
25735,0.722585
25736,0.891934
25737,0.229918
25738,0.865059
25739,0.883036
25740,0.937024
25741,0.120943
25742,0.765604
25743,0.594418
25744,0.949808
25745,0.578483
25746,0.968024
25747,0.581182
25748,0.521742
25749,0.730402
25750,0.795494
25751,0.809264
25752,0.426447
25753,0.123644
25754,0.540578
25755,0.954741
25756,0.963666
25757,0.345532
25758,0.842298
25759,0.905654
25760,0.592484
25761,0.591952
25762,0.822946
25763,0.580419
25764,0.923897
25765,0.653211
25766,0.91607
25767,0.662408
25768,0.939484
25769,0.978408
25770,0.962694
25771,0.92229
25772,0.482669
25773,0.8272
25774,0.553489
25775,0.946917
25776,0.830712
25777,0.645713
25778,0.872479
25779,0.542176
25780,0.821977
25781,0.707025
25782,0.796863
25783,0.666913
25784,0.78798
25785,0.673804
25786,0.764961
25787,0.82419
25788,0.348098
25789,0.6072
25790,0.894376
25791,0.714507
25792,0.77443
25793,0.550504
25794,0.770118
25795,0.488533
25796,0.653199
25797,0.592158
25798,0.42461
25799,0.922956
25800,0.818752
25801,0.849636
25802,0.634471
25803,0.833384
25804,0.835725
25805,0.71438
25806,0.680233
25807,0.573056
25808,0.574252
25809,0.797853
25810,0.78704
25811,0.762961
25812,0.66813
25813,0.40792
25814,0.946192
25815,0.816451
25816,0.597798
25817,0.789446
25818,0.584431
25819,0.834657
25820,0.208374
25821,0.772961
25822,0.447751
25823,0.839926
25824,0.636284
25825,0.912084
25826,0.984362
25827,0.717638
25828,0.651964
25829,0.720434
25830,0.697602
25831,0.358612
25832,0.807131
25833,0.584993
25834,0.977026
25835,0.821693
25836,0.79814
25837,0.689021
25838,0.8042
25839,0.91221
25840,0.846809
25841,0.704996
25842,0.838995
25843,0.822178
25844,0.584431
25845,0.807479
25846,0.886138
25847,0.91299
25848,0.619709
25849,0.757543
25850,0.723646
25851,0.92366
25852,0.890109
25853,0.781867
25854,0.771485
25855,0.727029
25856,0.718862
25857,0.821579
25858,0.789399
25859,0.726291
25860,0.862946
25861,0.802779
25862,0.95633
25863,0.697241
25864,0.88992
25865,0.316498
25866,0.749485
25867,0.341838
25868,0.317762
25869,0.687715
25870,0.737423
25871,0.909964
25872,0.653477
25873,0.872642
25874,0.777429
25875,0.944808
25876,0.722242
25877,0.827492
25878,0.545463
25879,0.90097
25880,0.98374
25881,0.549293
25882,0.805381
25883,0.918536
25884,0.702908
25885,0.957649
25886,0.905333
25887,0.730671
25888,0.898913
25889,0.626852
25890,0.719631
25891,0.226107
25892,0.524456
25893,0.086033
25894,0.836231
25895,0.733389
25896,0.58528
25897,0.460069
25898,0.915719
25899,0.734823
25900,0.543423
25901,0.80541
25902,0.617133
25903,0.799161
25904,0.869932
25905,0.683497
25906,0.372657
25907,0.951782
25908,0.569719
25909,0.716975
25910,0.69531
25911,0.686786
25912,0.962766
25913,0.829913
25914,0.576119
25915,0.983457
25916,0.966028
25917,0.500889
25918,0.649045
25919,0.881698
25920,0.599328
25921,0.397031
25922,0.668111
25923,0.882452
25924,0.788243
25925,0.56007
25926,0.661235
25927,0.736785
25928,0.881541
25929,0.763637
25930,0.600995
25931,0.596424
25932,0.909437
25933,0.968996
25934,0.578989
25935,0.810817
25936,0.725864
25937,0.686943
25938,0.625983
25939,0.423389
25940,0.766171
25941,0.973076
25942,0.613803
25943,0.90151
25944,0.744121
25945,0.927467
25946,0.8422
25947,0.538972
25948,0.731177
25949,0.945152
25950,0.784865
25951,0.780611
25952,0.901779
25953,0.853019
25954,0.363202
25955,0.608762
25956,0.815286
25957,0.806899
25958,0.947573
25959,0.95003
25960,0.691967
25961,0.728682
25962,0.910884
25963,0.969539
25964,0.955032
25965,0.392675
25966,0.623212
25967,0.879722
25968,0.964479
25969,0.350073
25970,0.517542
25971,0.102768
25972,0.788896
25973,0.966602
25974,0.664026
25975,0.54393
25976,0.789955
25977,0.718744
25978,0.831924
25979,0.696322
25980,0.546461
25981,0.639387
25982,0.979581
25983,0.925483
25984,0.676702
25985,0.498297
25986,0.564088
25987,0.557695
25988,0.661388
25989,0.858871
25990,0.938574
25991,0.782254
25992,0.51849
25993,0.946007
25994,0.531146
25995,0.724523
25996,0.856852
25997,0.821555
25998,0.574164
25999,0.641651
26000,0.794133
26001,0.690315
26002,0.63677
26003,0.858759
26004,0.550522
26005,0.746061
26006,0.666357
26007,0.852807
26008,0.545418
26009,0.651384
26010,0.602339
26011,0.622445
26012,0.976825
26013,0.583538
26014,0.692487
26015,0.581749
26016,0.900542
26017,0.727041
26018,0.904108
26019,0.834972
26020,0.555465
26021,0.937739
26022,0.86288
26023,0.855176
26024,0.928661
26025,0.660807
26026,0.806065
26027,0.493564
26028,0.774639
26029,0.856701
26030,0.748997
26031,0.943957
26032,0.619419
26033,0.646258
26034,0.062776
26035,0.256126
26036,0.723562
26037,0.691822
26038,0.673059
26039,0.81665
26040,0.914342
26041,0.745924
26042,0.174992
26043,0.828291
26044,0.725881
26045,0.710974
26046,0.894751
26047,0.260167
26048,0.599859
26049,0.298136
26050,0.697088
26051,0.968479
26052,0.67234
26053,0.691025
26054,0.972138
26055,0.687597
26056,0.571323
26057,0.971103
26058,0.943345
26059,0.42025
26060,0.783881
26061,0.572308
26062,0.809661
26063,0.453107
26064,0.453937
26065,0.656302
26066,0.859206
26067,0.89961
26068,0.728005
26069,0.943025
26070,0.502499
26071,0.858791
26072,0.822066
26073,0.976459
26074,0.951138
26075,0.600225
26076,0.642898
26077,0.636399
26078,0.716599
26079,0.964356
26080,0.787639
26081,0.86676
26082,0.693074
26083,0.879182
26084,0.748174
26085,0.444407
26086,0.883532
26087,0.650305
26088,0.516098
26089,0.577188
26090,0.782285
26091,0.806775
26092,0.685077
26093,0.928482
26094,0.821082
26095,0.990466
26096,0.547373
26097,0.744106
26098,0.899068
26099,0.840183
26100,0.568688
26101,0.835641
26102,0.797033
26103,0.773709
26104,0.406494
26105,0.79618
26106,0.830784
26107,0.73419
26108,0.675977
26109,0.856156
26110,0.650383
26111,0.841471
26112,0.61669
26113,0.718271
26114,0.513444
26115,0.709078
26116,0.938514
26117,0.840026
26118,0.737358
26119,0.275146
26120,0.638677
26121,0.304334
26122,0.970319
26123,0.98699
26124,0.986256
26125,0.86625
26126,0.962536
26127,0.62954
26128,0.75882
26129,0.373982
26130,0.703319
26131,0.744387
26132,0.259628
26133,0.813614
26134,0.777986
26135,0.874004
26136,0.715031
26137,0.7874
26138,0.629699
26139,0.36577
26140,0.913101
26141,0.687128
26142,0.627679
26143,0.582401
26144,0.726129
26145,0.764725
26146,0.976028
26147,0.982213
26148,0.850397
26149,0.654112
26150,0.33134
26151,0.646761
26152,0.978028
26153,0.969982
26154,0.629538
26155,0.462576
26156,0.696912
26157,0.669042
26158,0.650638
26159,0.612364
26160,0.590383
26161,0.644644
26162,0.92454
26163,0.877476
26164,0.986883
26165,0.76717
26166,0.590467
26167,0.893842
26168,0.747342
26169,0.701158
26170,0.695182
26171,0.469005
26172,0.454869
26173,0.827803
26174,0.777845
26175,0.830782
26176,0.840278
26177,0.920484
26178,0.734405
26179,0.650466
26180,0.874462
26181,0.719362
26182,0.72837
26183,0.748647
26184,0.742829
26185,0.848781
26186,0.474316
26187,0.797968
26188,0.850205
26189,0.697787
26190,0.646337
26191,0.785691
26192,0.871943
26193,0.869251
26194,0.942457
26195,0.780575
26196,0.690679
26197,0.729184
26198,0.978869
26199,0.562252
26200,0.643819
26201,0.880415
26202,0.485237
26203,0.776708
26204,0.58458
26205,0.665163
26206,0.722357
26207,0.641409
26208,0.658533
26209,0.676786
26210,0.689832
26211,0.982536
26212,0.68875
26213,0.648379
26214,0.848318
26215,0.829238
26216,0.838303
26217,0.638597
26218,0.870719
26219,0.639028
26220,0.832504
26221,0.923051
26222,0.87194
26223,0.866654
26224,0.828907
26225,0.880524
26226,0.675282
26227,0.924069
26228,0.630884
26229,0.832551
26230,0.386568
26231,0.735342
26232,0.975089
26233,0.499112
26234,0.849442
26235,0.907601
26236,0.77861
26237,0.859529
26238,0.978551
26239,0.876602
26240,0.549687
26241,0.870414
26242,0.742056
26243,0.634406
26244,0.702083
26245,0.541357
26246,0.97407
26247,0.544011
26248,0.841415
26249,0.776707
26250,0.934395
26251,0.403909
26252,0.484962
26253,0.701965
26254,0.687938
26255,0.297055
26256,0.684861
26257,0.986598
26258,0.936854
26259,0.938834
26260,0.955066
26261,0.563284
26262,0.522327
26263,0.59215
26264,0.491047
26265,0.666701
26266,0.431607
26267,0.577779
26268,0.334191
26269,0.930009
26270,0.822432
26271,0.743145
26272,0.571321
26273,0.653402
26274,0.43356
26275,0.80436
26276,0.79047
26277,0.762758
26278,0.536017
26279,0.81854
26280,0.917845
26281,0.726894
26282,0.69669
26283,0.393413
26284,0.599282
26285,0.961988
26286,0.182614
26287,0.87563
26288,0.592061
26289,0.612498
26290,0.9425
26291,0.801952
26292,0.408674
26293,0.628152
26294,0.784875
26295,0.578741
26296,0.574497
26297,0.591257
26298,0.703592
26299,0.797622
26300,0.550402
26301,0.618074
26302,0.850726
26303,0.805854
26304,0.688606
26305,0.79454
26306,0.864881
26307,0.960495
26308,0.609517
26309,0.644897
26310,0.726128
26311,0.975908
26312,0.967142
26313,0.779198
26314,0.881708
26315,0.775078
26316,0.604197
26317,0.651777
26318,0.550358
26319,0.972136
26320,0.713938
26321,0.75594
26322,0.677754
26323,0.739799
26324,0.673006
26325,0.98777
26326,0.579548
26327,0.806105
26328,0.54602
26329,0.991339
26330,0.959857
26331,0.804032
26332,0.190266
26333,0.763052
26334,0.979765
26335,0.816573
26336,0.468706
26337,0.702477
26338,0.73537
26339,0.792655
26340,0.873607
26341,0.881202
26342,0.803567
26343,0.790824
26344,0.935385
26345,0.421112
26346,0.867676
26347,0.824372
26348,0.570518
26349,0.811133
26350,0.964846
26351,0.71279
26352,0.917519
26353,0.7701
26354,0.840836
26355,0.926682
26356,0.471019
26357,0.736423
26358,0.5178
26359,0.193757
26360,0.804573
26361,0.64851
26362,0.441652
26363,0.860826
26364,0.054232
26365,0.745568
26366,0.907397
26367,0.708928
26368,0.975272
26369,0.844267
26370,0.750533
26371,0.381923
26372,0.518879
26373,0.548625
26374,0.96456
26375,0.708543
26376,0.570865
26377,0.672374
26378,0.602383
26379,0.551235
26380,0.885328
26381,0.81446
26382,0.983867
26383,0.701751
26384,0.592158
26385,0.581632
26386,0.699029
26387,0.884231
26388,0.681052
26389,0.345061
26390,0.836775
26391,0.466972
26392,0.654125
26393,0.985997
26394,0.949702
26395,0.832266
26396,0.520845
26397,0.869414
26398,0.701221
26399,0.477553
26400,0.781834
26401,0.854461
26402,0.830534
26403,0.679701
26404,0.549846
26405,0.810122
26406,0.911242
26407,0.765771
26408,0.912946
26409,0.945733
26410,0.801543
26411,0.912361
26412,0.985272
26413,0.751734
26414,0.619239
26415,0.81916
26416,0.761607
26417,0.605837
26418,0.977746
26419,0.53563
26420,0.79425
26421,0.653665
26422,0.980685
26423,0.703028
26424,0.766225
26425,0.837142
26426,0.9648
26427,0.890969
26428,0.483996
26429,0.676145
26430,0.893994
26431,0.932698
26432,0.807587
26433,0.880082
26434,0.672867
26435,0.634427
26436,0.540137
26437,0.602223
26438,0.675582
26439,0.627815
26440,0.716889
26441,0.550043
26442,0.613293
26443,0.627928
26444,0.701044
26445,0.958137
26446,0.795761
26447,0.69219
26448,0.798304
26449,0.86074
26450,0.811131
26451,0.617576
26452,0.856856
26453,0.705579
26454,0.974267
26455,0.861731
26456,0.750799
26457,0.565506
26458,0.734861
26459,0.828788
26460,0.944678
26461,0.080502
26462,0.079377
26463,0.96086
26464,0.781628
26465,0.876559
26466,0.727634
26467,0.297183
26468,0.41333
26469,0.894323
26470,0.854346
26471,0.845287
26472,0.385532
26473,0.723451
26474,0.782951
26475,0.66112
26476,0.968835
26477,0.620812
26478,0.890374
26479,0.924881
26480,0.759804
26481,0.719828
26482,0.806045
26483,0.314915
26484,0.617431
26485,0.812918
26486,0.922471
26487,0.641385
26488,0.805814
26489,0.534041
26490,0.639153
26491,0.810308
26492,0.855762
26493,0.307179
26494,0.087823
26495,0.691871
26496,0.70245
26497,0.822885
26498,0.808054
26499,0.531291
26500,0.802417
26501,0.82931
26502,0.802135
26503,0.649824
26504,0.954391
26505,0.327879
26506,0.658148
26507,0.684292
26508,0.808577
26509,0.675901
26510,0.95473
26511,0.748389
26512,0.662997
26513,0.537486
26514,0.817401
26515,0.742321
26516,0.770401
26517,0.962033
26518,0.674453
26519,0.523202
26520,0.782581
26521,0.66149
26522,0.896648
26523,0.862079
26524,0.639271
26525,0.818839
26526,0.889496
26527,0.673731
26528,0.689946
26529,0.80912
26530,0.968064
26531,0.899687
26532,0.939191
26533,0.804531
26534,0.934641
26535,0.610996
26536,0.827856
26537,0.7987
26538,0.073764
26539,0.990154
26540,0.875328
26541,0.579028
26542,0.648616
26543,0.851351
26544,0.750988
26545,0.683502
26546,0.83943
26547,0.891445
26548,0.815664
26549,0.398987
26550,0.955593
26551,0.781297
26552,0.827616
26553,0.945619
26554,0.81367
26555,0.516801
26556,0.773887
26557,0.646033
26558,0.876767
26559,0.52157
26560,0.281443
26561,0.605724
26562,0.810645
26563,0.940397
26564,0.648347
26565,0.808189
26566,0.821715
26567,0.845872
26568,0.928812
26569,0.623643
26570,0.438603
26571,0.492976
26572,0.723931
26573,0.894839
26574,0.880764
26575,0.435571
26576,0.725076
26577,0.948596
26578,0.839866
26579,0.637109
26580,0.991995
26581,0.645888
26582,0.900444
26583,0.646486
26584,0.941207
26585,0.852696
26586,0.888167
26587,0.912539
26588,0.544705
26589,0.935942
26590,0.501368
26591,0.875911
26592,0.728019
26593,0.712258
26594,0.854957
26595,0.555062
26596,0.642947
26597,0.882717
26598,0.941679
26599,0.595752
26600,0.717252
26601,0.96372
26602,0.856167
26603,0.9012
26604,0.417792
26605,0.555478
26606,0.472637
26607,0.807754
26608,0.947503
26609,0.821341
26610,0.819527
26611,0.686457
26612,0.648901
26613,0.748863
26614,0.955802
26615,0.922249
26616,0.753933
26617,0.667586
26618,0.587083
26619,0.84619
26620,0.921376
26621,0.937158
26622,0.84027
26623,0.899543
26624,0.653988
26625,0.113815
26626,0.648552
26627,0.702969
26628,0.090526
26629,0.802395
26630,0.818554
26631,0.065818
26632,0.625437
26633,0.657341
26634,0.699061
26635,0.732382
26636,0.686568
26637,0.219335
26638,0.788871
26639,0.404168
26640,0.136124
26641,0.487622
26642,0.76991
26643,0.926027
26644,0.86631
26645,0.465758
26646,0.731059
26647,0.810014
26648,0.97989
26649,0.602294
26650,0.723291
26651,0.669016
26652,0.889887
26653,0.909773
26654,0.614766
26655,0.932698
26656,0.955257
26657,0.634718
26658,0.792521
26659,0.747621
26660,0.684808
26661,0.815873
26662,0.923522
26663,0.69769
26664,0.630708
26665,0.739214
26666,0.555379
26667,0.645921
26668,0.776635
26669,0.757651
26670,0.947151
26671,0.652054
26672,0.667252
26673,0.917481
26674,0.852
26675,0.888604
26676,0.546727
26677,0.884913
26678,0.6387
26679,0.715721
26680,0.811921
26681,0.752263
26682,0.876236
26683,0.498657
26684,0.895113
26685,0.59946
26686,0.66995
26687,0.966064
26688,0.712012
26689,0.805352
26690,0.817608
26691,0.225566
26692,0.720785
26693,0.286179
26694,0.868418
26695,0.856018
26696,0.721662
26697,0.862072
26698,0.70701
26699,0.766345
26700,0.950698
26701,0.713789
26702,0.725494
26703,0.807961
26704,0.904912
26705,0.782835
26706,0.865632
26707,0.617739
26708,0.162006
26709,0.675777
26710,0.773787
26711,0.687573
26712,0.915214
26713,0.872485
26714,0.929465
26715,0.716607
26716,0.925232
26717,0.356497
26718,0.878917
26719,0.531996
26720,0.925074
26721,0.897732
26722,0.509192
26723,0.413566
26724,0.938706
26725,0.661162
26726,0.697964
26727,0.789676
26728,0.785033
26729,0.883122
26730,0.979994
26731,0.976771
26732,0.273004
26733,0.861901
26734,0.606133
26735,0.662485
26736,0.890337
26737,0.755957
26738,0.765507
26739,0.623773
26740,0.450062
26741,0.75319
26742,0.085262
26743,0.822869
26744,0.716731
26745,0.093486
26746,0.553464
26747,0.373264
26748,0.830111
26749,0.913214
26750,0.704854
26751,0.821117
26752,0.594845
26753,0.952143
26754,0.568041
26755,0.676477
26756,0.568234
26757,0.907123
26758,0.859892
26759,0.67464
26760,0.654531
26761,0.973185
26762,0.673528
26763,0.46175
26764,0.822199
26765,0.584563
26766,0.948008
26767,0.869354
26768,0.925337
26769,0.416061
26770,0.886289
26771,0.984147
26772,0.612195
26773,0.863248
26774,0.645053
26775,0.786584
26776,0.936366
26777,0.684518
26778,0.609546
26779,0.804208
26780,0.792973
26781,0.574782
26782,0.937023
26783,0.069538
26784,0.234632
26785,0.637324
26786,0.564649
26787,0.816753
26788,0.637088
26789,0.788118
26790,0.680429
26791,0.697723
26792,0.860801
26793,0.740276
26794,0.646397
26795,0.776614
26796,0.90349
26797,0.564576
26798,0.468724
26799,0.524642
26800,0.686489
26801,0.785563
26802,0.912267
26803,0.596942
26804,0.369489
26805,0.919259
26806,0.665225
26807,0.584897
26808,0.745655
26809,0.644844
26810,0.97087
26811,0.6582
26812,0.694852
26813,0.87901
26814,0.825396
26815,0.689208
26816,0.466315
26817,0.772124
26818,0.512053
26819,0.981283
26820,0.500749
26821,0.927862
26822,0.053805
26823,0.945325
26824,0.65884
26825,0.872712
26826,0.600582
26827,0.549623
26828,0.711382
26829,0.891117
26830,0.962953
26831,0.670106
26832,0.755908
26833,0.035131
26834,0.723516
26835,0.407883
26836,0.713015
26837,0.55023
26838,0.216961
26839,0.713022
26840,0.933841
26841,0.935679
26842,0.634032
26843,0.455523
26844,0.842481
26845,0.984914
26846,0.952547
26847,0.856519
26848,0.752849
26849,0.588145
26850,0.765261
26851,0.620842
26852,0.283687
26853,0.760985
26854,0.607252
26855,0.587635
26856,0.512427
26857,0.964712
26858,0.716702
26859,0.879239
26860,0.799471
26861,0.918987
26862,0.705826
26863,0.726228
26864,0.325855
26865,0.677223
26866,0.521393
26867,0.87622
26868,0.631941
26869,0.960944
26870,0.864312
26871,0.897324
26872,0.644652
26873,0.843952
26874,0.598343
26875,0.736793
26876,0.821568
26877,0.791521
26878,0.654856
26879,0.664669
26880,0.856657
26881,0.951282
26882,0.845927
26883,0.934585
26884,0.451198
26885,0.6718
26886,0.830427
26887,0.876823
26888,0.798747
26889,0.938433
26890,0.716818
26891,0.470463
26892,0.578297
26893,0.951672
26894,0.782259
26895,0.91051
26896,0.702047
26897,0.878497
26898,0.387059
26899,0.867254
26900,0.984529
26901,0.850225
26902,0.954925
26903,0.981522
26904,0.82234
26905,0.776849
26906,0.639905
26907,0.950087
26908,0.610796
26909,0.946599
26910,0.523107
26911,0.767505
26912,0.360558
26913,0.405601
26914,0.899254
26915,0.575812
26916,0.887143
26917,0.984461
26918,0.748058
26919,0.851378
26920,0.077821
26921,0.838197
26922,0.169356
26923,0.773551
26924,0.93662
26925,0.628623
26926,0.85237
26927,0.777854
26928,0.631314
26929,0.728827
26930,0.556177
26931,0.954987
26932,0.690845
26933,0.673398
26934,0.569506
26935,0.042341
26936,0.110764
26937,0.800429
26938,0.615288
26939,0.719964
26940,0.829511
26941,0.472048
26942,0.963199
26943,0.810429
26944,0.597013
26945,0.393442
26946,0.792921
26947,0.377485
26948,0.599624
26949,0.954686
26950,0.441532
26951,0.789892
26952,0.062699
26953,0.771775
26954,0.875103
26955,0.92888
26956,0.203957
26957,0.717342
26958,0.761455
26959,0.670986
26960,0.696725
26961,0.817622
26962,0.524842
26963,0.526726
26964,0.450001
26965,0.468694
26966,0.524501
26967,0.919025
26968,0.972147
26969,0.825749
26970,0.702152
26971,0.952303
26972,0.85326
26973,0.670407
26974,0.980342
26975,0.798661
26976,0.653166
26977,0.729861
26978,0.724369
26979,0.847085
26980,0.832062
26981,0.614678
26982,0.893289
26983,0.792735
26984,0.627297
26985,0.876914
26986,0.632992
26987,0.772897
26988,0.842097
26989,0.930493
26990,0.761385
26991,0.841053
26992,0.836897
26993,0.874004
26994,0.828631
26995,0.656159
26996,0.955418
26997,0.781691
26998,0.876509
26999,0.496323
27000,0.272944
27001,0.45068
27002,0.883395
27003,0.986598
27004,0.670276
27005,0.680562
27006,0.890462
27007,0.407608
27008,0.258685
27009,0.934826
27010,0.521315
27011,0.669636
27012,0.573627
27013,0.902767
27014,0.910961
27015,0.157626
27016,0.634591
27017,0.814879
27018,0.736882
27019,0.712737
27020,0.060354
27021,0.191859
27022,0.865562
27023,0.216295
27024,0.769489
27025,0.891134
27026,0.786322
27027,0.959822
27028,0.636058
27029,0.674428
27030,0.78121
27031,0.774854
27032,0.544297
27033,0.751309
27034,0.810311
27035,0.530656
27036,0.694963
27037,0.663795
27038,0.835669
27039,0.944578
27040,0.595344
27041,0.883853
27042,0.889529
27043,0.828736
27044,0.53802
27045,0.637991
27046,0.248547
27047,0.732088
27048,0.565286
27049,0.636524
27050,0.869745
27051,0.767007
27052,0.938911
27053,0.653722
27054,0.728516
27055,0.449525
27056,0.353311
27057,0.042425
27058,0.778033
27059,0.739046
27060,0.925446
27061,0.731786
27062,0.494167
27063,0.73303
27064,0.76211
27065,0.069637
27066,0.10422
27067,0.943347
27068,0.640297
27069,0.452066
27070,0.775009
27071,0.21807
27072,0.672994
27073,0.579907
27074,0.83558
27075,0.866351
27076,0.480769
27077,0.501876
27078,0.546602
27079,0.752744
27080,0.563974
27081,0.838359
27082,0.436549
27083,0.773516
27084,0.686524
27085,0.703235
27086,0.341596
27087,0.676037
27088,0.490535
27089,0.879537
27090,0.832529
27091,0.611447
27092,0.597143
27093,0.795364
27094,0.955761
27095,0.836724
27096,0.701691
27097,0.846185
27098,0.738916
27099,0.789449
27100,0.970918
27101,0.558283
27102,0.89546
27103,0.827805
27104,0.973253
27105,0.870037
27106,0.623538
27107,0.736161
27108,0.962736
27109,0.731878
27110,0.968649
27111,0.912572
27112,0.849271
27113,0.958325
27114,0.763927
27115,0.783598
27116,0.345231
27117,0.703637
27118,0.775691
27119,0.657328
27120,0.736469
27121,0.866211
27122,0.967169
27123,0.72382
27124,0.928537
27125,0.503158
27126,0.847851
27127,0.672066
27128,0.843939
27129,0.619988
27130,0.646652
27131,0.899755
27132,0.769728
27133,0.393791
27134,0.783498
27135,0.765687
27136,0.029746
27137,0.599223
27138,0.388664
27139,0.523884
27140,0.551326
27141,0.67836
27142,0.892513
27143,0.816369
27144,0.597205
27145,0.77417
27146,0.585555
27147,0.677303
27148,0.567957
27149,0.813075
27150,0.68261
27151,0.714249
27152,0.734526
27153,0.965205
27154,0.176195
27155,0.649878
27156,0.901545
27157,0.725994
27158,0.85415
27159,0.545027
27160,0.983088
27161,0.966235
27162,0.551323
27163,0.834715
27164,0.922836
27165,0.818155
27166,0.631498
27167,0.694289
27168,0.635308
27169,0.507171
27170,0.934966
27171,0.594082
27172,0.730833
27173,0.425727
27174,0.598976
27175,0.755511
27176,0.802212
27177,0.638099
27178,0.64708
27179,0.951277
27180,0.620544
27181,0.713986
27182,0.652519
27183,0.228502
27184,0.796068
27185,0.530128
27186,0.782036
27187,0.824724
27188,0.873757
27189,0.691203
27190,0.296912
27191,0.953604
27192,0.527014
27193,0.268534
27194,0.64627
27195,0.674
27196,0.91367
27197,0.576669
27198,0.852262
27199,0.726604
27200,0.758378
27201,0.568255
27202,0.828967
27203,0.955963
27204,0.437075
27205,0.720402
27206,0.496723
27207,0.199869
27208,0.940001
27209,0.861431
27210,0.647462
27211,0.57249
27212,0.535968
27213,0.771489
27214,0.746219
27215,0.587025
27216,0.86863
27217,0.383405
27218,0.700585
27219,0.574378
27220,0.971648
27221,0.773621
27222,0.577104
27223,0.834654
27224,0.683318
27225,0.953526
27226,0.962519
27227,0.632955
27228,0.86368
27229,0.883293
27230,0.742079
27231,0.674916
27232,0.842099
27233,0.725856
27234,0.506483
27235,0.59496
27236,0.418575
27237,0.76371
27238,0.843746
27239,0.88581
27240,0.565619
27241,0.898482
27242,0.913564
27243,0.566853
27244,0.579962
27245,0.075125
27246,0.120511
27247,0.789071
27248,0.836515
27249,0.933679
27250,0.44443
27251,0.522944
27252,0.601431
27253,0.555427
27254,0.826064
27255,0.876083
27256,0.661077
27257,0.695028
27258,0.762462
27259,0.465314
27260,0.813487
27261,0.638256
27262,0.705708
27263,0.93423
27264,0.746341
27265,0.779335
27266,0.87401
27267,0.826543
27268,0.827167
27269,0.675341
27270,0.810585
27271,0.880542
27272,0.913746
27273,0.896714
27274,0.827958
27275,0.391705
27276,0.647815
27277,0.891132
27278,0.855167
27279,0.964984
27280,0.69898
27281,0.183888
27282,0.839169
27283,0.480865
27284,0.865891
27285,0.89186
27286,0.624113
27287,0.814169
27288,0.985328
27289,0.748561
27290,0.529254
27291,0.792802
27292,0.788687
27293,0.801319
27294,0.77256
27295,0.957819
27296,0.969719
27297,0.850805
27298,0.883036
27299,0.768349
27300,0.574773
27301,0.059595
27302,0.709373
27303,0.328026
27304,0.959259
27305,0.517544
27306,0.839587
27307,0.535015
27308,0.739941
27309,0.967234
27310,0.653339
27311,0.097578
27312,0.796167
27313,0.083395
27314,0.700177
27315,0.681695
27316,0.527896
27317,0.731929
27318,0.559762
27319,0.930159
27320,0.847922
27321,0.717835
27322,0.738363
27323,0.633821
27324,0.522899
27325,0.792314
27326,0.865207
27327,0.84937
27328,0.744043
27329,0.623197
27330,0.774538
27331,0.563207
27332,0.842335
27333,0.900307
27334,0.589317
27335,0.992233
27336,0.704879
27337,0.844216
27338,0.818218
27339,0.301524
27340,0.717851
27341,0.968869
27342,0.527158
27343,0.69633
27344,0.700334
27345,0.618003
27346,0.86247
27347,0.475084
27348,0.948092
27349,0.681068
27350,0.963423
27351,0.82862
27352,0.882829
27353,0.885245
27354,0.377846
27355,0.854105
27356,0.845904
27357,0.728661
27358,0.830946
27359,0.861155
27360,0.538256
27361,0.502968
27362,0.888524
27363,0.926982
27364,0.851729
27365,0.59847
27366,0.904059
27367,0.792535
27368,0.564453
27369,0.848677
27370,0.763806
27371,0.895801
27372,0.920112
27373,0.943725
27374,0.651521
27375,0.503524
27376,0.653158
27377,0.727331
27378,0.28407
27379,0.768397
27380,0.512377
27381,0.708169
27382,0.673602
27383,0.629491
27384,0.731772
27385,0.152021
27386,0.636994
27387,0.528329
27388,0.776351
27389,0.495716
27390,0.825792
27391,0.083229
27392,0.856594
27393,0.912477
27394,0.539689
27395,0.87597
27396,0.796981
27397,0.704177
27398,0.737245
27399,0.735918
27400,0.460159
27401,0.67303
27402,0.941729
27403,0.711793
27404,0.665864
27405,0.597285
27406,0.058263
27407,0.899575
27408,0.52898
27409,0.761928
27410,0.913334
27411,0.665336
27412,0.984431
27413,0.561228
27414,0.458999
27415,0.414171
27416,0.678061
27417,0.718414
27418,0.744517
27419,0.755996
27420,0.935036
27421,0.719308
27422,0.725562
27423,0.942125
27424,0.812789
27425,0.825359
27426,0.681592
27427,0.943774
27428,0.756139
27429,0.503116
27430,0.67281
27431,0.944719
27432,0.966985
27433,0.447794
27434,0.507193
27435,0.844674
27436,0.903332
27437,0.458618
27438,0.926763
27439,0.751509
27440,0.941669
27441,0.84388
27442,0.79454
27443,0.894459
27444,0.915089
27445,0.958215
27446,0.574372
27447,0.89039
27448,0.946509
27449,0.893061
27450,0.764031
27451,0.851584
27452,0.501065
27453,0.864714
27454,0.791582
27455,0.879133
27456,0.91284
27457,0.785116
27458,0.751175
27459,0.5
27460,0.492675
27461,0.907583
27462,0.736543
27463,0.923925
27464,0.879517
27465,0.719017
27466,0.927059
27467,0.925631
27468,0.961757
27469,0.857928
27470,0.685543
27471,0.549238
27472,0.775589
27473,0.901572
27474,0.944033
27475,0.984424
27476,0.4513
27477,0.76691
27478,0.890575
27479,0.712983
27480,0.507588
27481,0.803602
27482,0.840777
27483,0.688504
27484,0.73313
27485,0.499802
27486,0.680509
27487,0.7295
27488,0.861695
27489,0.842882
27490,0.641067
27491,0.842207
27492,0.762785
27493,0.608778
27494,0.929802
27495,0.841164
27496,0.80415
27497,0.484797
27498,0.775041
27499,0.617592
27500,0.948911
27501,0.952838
27502,0.111144
27503,0.792414
27504,0.650435
27505,0.651992
27506,0.604727
27507,0.702662
27508,0.883073
27509,0.593429
27510,0.807926
27511,0.250894
27512,0.970627
27513,0.861388
27514,0.677902
27515,0.767524
27516,0.839392
27517,0.865598
27518,0.612722
27519,0.300607
27520,0.895337
27521,0.887711
27522,0.809236
27523,0.860377
27524,0.440238
27525,0.819831
27526,0.601788
27527,0.729323
27528,0.787084
27529,0.579624
27530,0.546524
27531,0.040484
27532,0.576749
27533,0.854521
27534,0.908194
27535,0.91499
27536,0.687173
27537,0.845122
27538,0.681915
27539,0.810879
27540,0.705797
27541,0.755794
27542,0.987901
27543,0.283198
27544,0.979322
27545,0.940893
27546,0.638827
27547,0.686003
27548,0.605351
27549,0.850276
27550,0.800304
27551,0.65823
27552,0.72815
27553,0.239585
27554,0.888607
27555,0.810287
27556,0.895886
27557,0.871061
27558,0.528776
27559,0.972119
27560,0.570929
27561,0.844762
27562,0.640584
27563,0.691907
27564,0.537245
27565,0.619002
27566,0.788184
27567,0.694214
27568,0.977458
27569,0.98482
27570,0.664892
27571,0.718675
27572,0.59643
27573,0.66858
27574,0.702872
27575,0.961571
27576,0.763025
27577,0.691838
27578,0.653493
27579,0.924902
27580,0.71844
27581,0.964945
27582,0.837465
27583,0.57571
27584,0.894882
27585,0.730523
27586,0.920914
27587,0.803511
27588,0.894291
27589,0.812862
27590,0.868782
27591,0.729217
27592,0.94754
27593,0.992393
27594,0.805855
27595,0.697933
27596,0.677964
27597,0.172937
27598,0.871402
27599,0.856347
27600,0.696981
27601,0.981919
27602,0.736415
27603,0.771944
27604,0.602388
27605,0.06249
27606,0.694769
27607,0.735644
27608,0.495207
27609,0.90153
27610,0.721734
27611,0.632705
27612,0.699081
27613,0.818394
27614,0.037206
27615,0.804369
27616,0.666415
27617,0.927471
27618,0.612153
27619,0.652658
27620,0.73529
27621,0.928248
27622,0.407042
27623,0.923349
27624,0.631816
27625,0.710721
27626,0.709469
27627,0.806415
27628,0.836147
27629,0.918463
27630,0.667521
27631,0.83847
27632,0.978174
27633,0.833144
27634,0.839753
27635,0.672754
27636,0.802273
27637,0.390388
27638,0.54541
27639,0.558611
27640,0.981799
27641,0.973886
27642,0.589052
27643,0.489893
27644,0.306788
27645,0.988947
27646,0.697038
27647,0.811039
27648,0.910535
27649,0.69379
27650,0.960799
27651,0.646678
27652,0.961181
27653,0.959274
27654,0.701709
27655,0.868734
27656,0.713637
27657,0.112478
27658,0.696653
27659,0.73522
27660,0.574926
27661,0.197576
27662,0.897238
27663,0.56696
27664,0.756304
27665,0.780153
27666,0.686821
27667,0.921951
27668,0.571282
27669,0.884897
27670,0.74134
27671,0.69932
27672,0.565879
27673,0.684138
27674,0.568872
27675,0.686933
27676,0.936813
27677,0.67852
27678,0.601461
27679,0.694771
27680,0.724369
27681,0.981875
27682,0.803756
27683,0.983067
27684,0.516909
27685,0.869827
27686,0.592761
27687,0.665387
27688,0.722205
27689,0.598305
27690,0.840786
27691,0.876328
27692,0.24841
27693,0.46425
27694,0.806315
27695,0.780016
27696,0.826736
27697,0.69802
27698,0.519969
27699,0.698643
27700,0.731927
27701,0.95247
27702,0.640945
27703,0.740361
27704,0.733788
27705,0.047278
27706,0.946683
27707,0.64532
27708,0.827297
27709,0.895414
27710,0.96467
27711,0.627291
27712,0.836969
27713,0.407838
27714,0.421053
27715,0.971662
27716,0.904807
27717,0.762998
27718,0.405471
27719,0.847679
27720,0.983536
27721,0.980205
27722,0.830048
27723,0.731981
27724,0.934631
27725,0.581702
27726,0.7047
27727,0.542893
27728,0.757016
27729,0.884822
27730,0.624318
27731,0.508437
27732,0.59564
27733,0.65129
27734,0.871168
27735,0.909415
27736,0.763441
27737,0.973032
27738,0.856432
27739,0.72472
27740,0.9069
27741,0.906508
27742,0.537751
27743,0.923199
27744,0.651389
27745,0.894136
27746,0.393989
27747,0.802996
27748,0.795191
27749,0.697125
27750,0.980739
27751,0.703839
27752,0.728172
27753,0.566014
27754,0.806829
27755,0.5695
27756,0.784994
27757,0.637672
27758,0.986393
27759,0.654416
27760,0.898123
27761,0.687096
27762,0.645795
27763,0.537236
27764,0.69282
27765,0.637242
27766,0.742746
27767,0.313026
27768,0.627987
27769,0.632602
27770,0.875561
27771,0.72257
27772,0.740881
27773,0.910681
27774,0.607702
27775,0.798163
27776,0.880904
27777,0.942242
27778,0.836937
27779,0.85117
27780,0.81463
27781,0.597599
27782,0.737083
27783,0.488676
27784,0.908046
27785,0.521418
27786,0.981809
27787,0.94381
27788,0.932905
27789,0.555779
27790,0.671053
27791,0.906801
27792,0.497491
27793,0.926461
27794,0.868359
27795,0.858658
27796,0.367174
27797,0.797985
27798,0.855891
27799,0.876464
27800,0.591445
27801,0.987824
27802,0.865601
27803,0.489021
27804,0.946576
27805,0.712664
27806,0.941149
27807,0.702359
27808,0.635389
27809,0.523182
27810,0.741821
27811,0.803154
27812,0.89421
27813,0.756821
27814,0.90469
27815,0.974564
27816,0.508613
27817,0.473552
27818,0.780999
27819,0.666943
27820,0.898733
27821,0.611413
27822,0.624646
27823,0.899702
27824,0.580825
27825,0.906392
27826,0.733354
27827,0.471818
27828,0.870336
27829,0.890519
27830,0.815653
27831,0.903621
27832,0.746316
27833,0.532116
27834,0.932953
27835,0.910185
27836,0.476014
27837,0.558119
27838,0.676923
27839,0.397484
27840,0.490627
27841,0.617523
27842,0.751157
27843,0.935525
27844,0.935596
27845,0.910948
27846,0.466141
27847,0.51125
27848,0.766324
27849,0.828718
27850,0.940764
27851,0.886121
27852,0.686644
27853,0.655227
27854,0.726314
27855,0.875784
27856,0.66721
27857,0.955955
27858,0.744747
27859,0.100614
27860,0.192905
27861,0.538634
27862,0.899502
27863,0.59733
27864,0.972046
27865,0.719561
27866,0.979764
27867,0.783993
27868,0.73251
27869,0.739705
27870,0.658898
27871,0.814321
27872,0.975598
27873,0.812469
27874,0.723103
27875,0.941213
27876,0.779557
27877,0.554594
27878,0.92909
27879,0.705478
27880,0.545684
27881,0.606612
27882,0.900487
27883,0.967221
27884,0.977827
27885,0.806745
27886,0.543799
27887,0.924129
27888,0.557035
27889,0.896044
27890,0.150284
27891,0.780574
27892,0.759681
27893,0.767377
27894,0.534875
27895,0.819247
27896,0.724761
27897,0.68983
27898,0.837197
27899,0.927501
27900,0.412319
27901,0.90172
27902,0.26862
27903,0.163179
27904,0.985173
27905,0.979426
27906,0.702386
27907,0.880886
27908,0.049095
27909,0.732815
27910,0.706193
27911,0.713011
27912,0.655561
27913,0.732285
27914,0.951269
27915,0.564221
27916,0.923877
27917,0.175554
27918,0.892761
27919,0.445157
27920,0.548634
27921,0.671324
27922,0.913515
27923,0.729961
27924,0.941616
27925,0.940089
27926,0.746808
27927,0.79441
27928,0.730202
27929,0.835518
27930,0.824519
27931,0.656361
27932,0.92973
27933,0.845523
27934,0.618246
27935,0.796859
27936,0.711228
27937,0.818245
27938,0.771198
27939,0.916244
27940,0.637317
27941,0.679294
27942,0.856581
27943,0.810493
27944,0.97155
27945,0.77
27946,0.712946
27947,0.827332
27948,0.236273
27949,0.565929
27950,0.397138
27951,0.716921
27952,0.789288
27953,0.763005
27954,0.861601
27955,0.53147
27956,0.842815
27957,0.643938
27958,0.778653
27959,0.661586
27960,0.62079
27961,0.638934
27962,0.688986
27963,0.645772
27964,0.830346
27965,0.601835
27966,0.603983
27967,0.990058
27968,0.837999
27969,0.591377
27970,0.990949
27971,0.812556
27972,0.856604
27973,0.741411
27974,0.618413
27975,0.898741
27976,0.939226
27977,0.677451
27978,0.69496
27979,0.516013
27980,0.746317
27981,0.745439
27982,0.667988
27983,0.285659
27984,0.724236
27985,0.838784
27986,0.955505
27987,0.653466
27988,0.478188
27989,0.810562
27990,0.847115
27991,0.985269
27992,0.59996
27993,0.97348
27994,0.284014
27995,0.490505
27996,0.711156
27997,0.738832
27998,0.959809
27999,0.6527
28000,0.91316
28001,0.570314
28002,0.911071
28003,0.949382
28004,0.777107
28005,0.695703
28006,0.66263
28007,0.24277
28008,0.950596
28009,0.743416
28010,0.729557
28011,0.793348
28012,0.905196
28013,0.806374
28014,0.972738
28015,0.560697
28016,0.48689
28017,0.488998
28018,0.850089
28019,0.782044
28020,0.527693
28021,0.083251
28022,0.991969
28023,0.713969
28024,0.813386
28025,0.652352
28026,0.815126
28027,0.898857
28028,0.935785
28029,0.7448
28030,0.522532
28031,0.851784
28032,0.975028
28033,0.766641
28034,0.640416
28035,0.809028
28036,0.823055
28037,0.736784
28038,0.764807
28039,0.733625
28040,0.541229
28041,0.649284
28042,0.687474
28043,0.748122
28044,0.533268
28045,0.971914
28046,0.978489
28047,0.928381
28048,0.883203
28049,0.858409
28050,0.578079
28051,0.700036
28052,0.680998
28053,0.650716
28054,0.539793
28055,0.700431
28056,0.953098
28057,0.820885
28058,0.193553
28059,0.52105
28060,0.700395
28061,0.87096
28062,0.047601
28063,0.131881
28064,0.292721
28065,0.795649
28066,0.896858
28067,0.736447
28068,0.971606
28069,0.707656
28070,0.752598
28071,0.906207
28072,0.35591
28073,0.580271
28074,0.430981
28075,0.812209
28076,0.554853
28077,0.832563
28078,0.219347
28079,0.670088
28080,0.977702
28081,0.761492
28082,0.924551
28083,0.618765
28084,0.714542
28085,0.718437
28086,0.494134
28087,0.842027
28088,0.468296
28089,0.482077
28090,0.707087
28091,0.66308
28092,0.969532
28093,0.708879
28094,0.697343
28095,0.79541
28096,0.9628
28097,0.801315
28098,0.980055
28099,0.752251
28100,0.924976
28101,0.830379
28102,0.568264
28103,0.416441
28104,0.097531
28105,0.310727
28106,0.723791
28107,0.629861
28108,0.971031
28109,0.973295
28110,0.061586
28111,0.955152
28112,0.938306
28113,0.871719
28114,0.825733
28115,0.776484
28116,0.805247
28117,0.860365
28118,0.602358
28119,0.691708
28120,0.651905
28121,0.740407
28122,0.659687
28123,0.950475
28124,0.582594
28125,0.85592
28126,0.702122
28127,0.84083
28128,0.619909
28129,0.930358
28130,0.742712
28131,0.590514
28132,0.932348
28133,0.416799
28134,0.638538
28135,0.376685
28136,0.792005
28137,0.754102
28138,0.611569
28139,0.801526
28140,0.520011
28141,0.91065
28142,0.724212
28143,0.90389
28144,0.757433
28145,0.611592
28146,0.868391
28147,0.678065
28148,0.938289
28149,0.819781
28150,0.980532
28151,0.920371
28152,0.702978
28153,0.842035
28154,0.7761
28155,0.778122
28156,0.859364
28157,0.980686
28158,0.858864
28159,0.904366
28160,0.048921
28161,0.712098
28162,0.850213
28163,0.760583
28164,0.824296
28165,0.3288
28166,0.976187
28167,0.888107
28168,0.369899
28169,0.888713
28170,0.894986
28171,0.621708
28172,0.84727
28173,0.572889
28174,0.632067
28175,0.922558
28176,0.76215
28177,0.518035
28178,0.916962
28179,0.566405
28180,0.897547
28181,0.692745
28182,0.870618
28183,0.904247
28184,0.629335
28185,0.708854
28186,0.545728
28187,0.694856
28188,0.424369
28189,0.373119
28190,0.827976
28191,0.785259
28192,0.574387
28193,0.783586
28194,0.783852
28195,0.775129
28196,0.737823
28197,0.896655
28198,0.843998
28199,0.347852
28200,0.753647
28201,0.596804
28202,0.966646
28203,0.574745
28204,0.817897
28205,0.981954
28206,0.734401
28207,0.91687
28208,0.733847
28209,0.738831
28210,0.811437
28211,0.620546
28212,0.857601
28213,0.709116
28214,0.712073
28215,0.688631
28216,0.436855
28217,0.727073
28218,0.842872
28219,0.622637
28220,0.835899
28221,0.531455
28222,0.367765
28223,0.719428
28224,0.855388
28225,0.759888
28226,0.499699
28227,0.924129
28228,0.440369
28229,0.704027
28230,0.053334
28231,0.459159
28232,0.720896
28233,0.844338
28234,0.81979
28235,0.739259
28236,0.948218
28237,0.790309
28238,0.727757
28239,0.483337
28240,0.658837
28241,0.989218
28242,0.731228
28243,0.845136
28244,0.713102
28245,0.572576
28246,0.721973
28247,0.832996
28248,0.768132
28249,0.908317
28250,0.741969
28251,0.524565
28252,0.671068
28253,0.90365
28254,0.370096
28255,0.948695
28256,0.665425
28257,0.818516
28258,0.65064
28259,0.86135
28260,0.535264
28261,0.754216
28262,0.341389
28263,0.830491
28264,0.619228
28265,0.803888
28266,0.902788
28267,0.474349
28268,0.886999
28269,0.96865
28270,0.406372
28271,0.927633
28272,0.818123
28273,0.848194
28274,0.740843
28275,0.862027
28276,0.896602
28277,0.793764
28278,0.914063
28279,0.514976
28280,0.886364
28281,0.88107
28282,0.700127
28283,0.849773
28284,0.957995
28285,0.961513
28286,0.866601
28287,0.907925
28288,0.854051
28289,0.667953
28290,0.951784
28291,0.965776
28292,0.985619
28293,0.884368
28294,0.994519
28295,0.647661
28296,0.198856
28297,0.70036
28298,0.905136
28299,0.857386
28300,0.916542
28301,0.568493
28302,0.880861
28303,0.76
28304,0.108705
28305,0.11586
28306,0.564347
28307,0.718315
28308,0.866432
28309,0.676961
28310,0.760584
28311,0.824003
28312,0.670862
28313,0.818848
28314,0.734236
28315,0.609286
28316,0.821037
28317,0.692479
28318,0.665994
28319,0.874558
28320,0.667483
28321,0.846262
28322,0.756053
28323,0.70871
28324,0.891519
28325,0.856326
28326,0.089387
28327,0.229422
28328,0.054429
28329,0.508666
28330,0.182408
28331,0.833778
28332,0.745728
28333,0.68709
28334,0.703659
28335,0.725126
28336,0.859863
28337,0.663546
28338,0.511101
28339,0.907792
28340,0.587923
28341,0.462337
28342,0.659358
28343,0.363764
28344,0.487535
28345,0.626123
28346,0.895455
28347,0.532195
28348,0.473549
28349,0.780326
28350,0.438707
28351,0.513697
28352,0.4037
28353,0.541479
28354,0.65419
28355,0.203908
28356,0.744802
28357,0.894463
28358,0.968527
28359,0.773403
28360,0.662984
28361,0.748973
28362,0.678645
28363,0.646707
28364,0.790998
28365,0.761823
28366,0.759098
28367,0.992175
28368,0.576522
28369,0.512046
28370,0.8101
28371,0.858577
28372,0.968185
28373,0.870118
28374,0.553585
28375,0.91418
28376,0.720587
28377,0.735249
28378,0.91077
28379,0.53464
28380,0.559466
28381,0.642674
28382,0.612396
28383,0.857819
28384,0.713159
28385,0.946729
28386,0.92696
28387,0.575841
28388,0.867667
28389,0.590439
28390,0.670976
28391,0.742758
28392,0.982947
28393,0.776964
28394,0.776188
28395,0.366178
28396,0.722459
28397,0.702637
28398,0.896495
28399,0.890558
28400,0.750307
28401,0.982077
28402,0.265615
28403,0.854036
28404,0.807218
28405,0.96921
28406,0.988152
28407,0.797887
28408,0.744365
28409,0.884783
28410,0.355777
28411,0.932927
28412,0.968268
28413,0.550686
28414,0.480907
28415,0.762005
28416,0.643971
28417,0.324658
28418,0.784692
28419,0.439635
28420,0.555964
28421,0.953239
28422,0.624809
28423,0.626852
28424,0.823319
28425,0.636883
28426,0.725507
28427,0.739134
28428,0.97724
28429,0.788535
28430,0.918541
28431,0.962703
28432,0.728681
28433,0.934049
28434,0.8651
28435,0.800989
28436,0.672846
28437,0.941994
28438,0.771598
28439,0.496414
28440,0.762261
28441,0.922749
28442,0.791943
28443,0.93532
28444,0.959444
28445,0.849561
28446,0.898734
28447,0.695379
28448,0.8007
28449,0.924696
28450,0.681805
28451,0.697547
28452,0.480688
28453,0.786489
28454,0.945025
28455,0.843565
28456,0.650304
28457,0.897999
28458,0.674099
28459,0.785631
28460,0.865338
28461,0.953941
28462,0.760252
28463,0.386674
28464,0.859732
28465,0.511638
28466,0.415568
28467,0.522481
28468,0.837123
28469,0.614089
28470,0.832922
28471,0.731743
28472,0.946526
28473,0.73114
28474,0.88982
28475,0.391438
28476,0.734258
28477,0.347532
28478,0.413234
28479,0.739289
28480,0.698279
28481,0.498497
28482,0.556808
28483,0.702321
28484,0.855094
28485,0.863977
28486,0.987381
28487,0.482671
28488,0.827449
28489,0.50659
28490,0.874834
28491,0.922724
28492,0.800317
28493,0.898985
28494,0.954058
28495,0.517769
28496,0.667458
28497,0.730568
28498,0.696151
28499,0.767064
28500,0.891352
28501,0.939568
28502,0.862952
28503,0.906161
28504,0.39197
28505,0.861615
28506,0.931541
28507,0.615028
28508,0.72243
28509,0.655066
28510,0.499066
28511,0.980534
28512,0.570622
28513,0.468934
28514,0.628856
28515,0.514392
28516,0.587302
28517,0.666651
28518,0.7737
28519,0.258814
28520,0.451007
28521,0.082001
28522,0.798554
28523,0.773777
28524,0.855506
28525,0.818425
28526,0.752017
28527,0.977539
28528,0.739719
28529,0.604985
28530,0.714658
28531,0.763466
28532,0.862661
28533,0.863354
28534,0.7593
28535,0.740927
28536,0.704931
28537,0.655238
28538,0.936088
28539,0.868591
28540,0.96528
28541,0.950959
28542,0.767988
28543,0.497885
28544,0.717532
28545,0.924755
28546,0.762601
28547,0.604739
28548,0.464141
28549,0.893876
28550,0.705812
28551,0.64306
28552,0.39362
28553,0.612693
28554,0.819373
28555,0.897988
28556,0.650409
28557,0.900363
28558,0.512481
28559,0.567065
28560,0.365691
28561,0.980146
28562,0.926626
28563,0.417579
28564,0.661358
28565,0.880199
28566,0.822185
28567,0.863809
28568,0.69564
28569,0.860949
28570,0.724888
28571,0.977062
28572,0.808178
28573,0.812265
28574,0.699947
28575,0.86288
28576,0.850517
28577,0.866242
28578,0.784981
28579,0.972477
28580,0.81924
28581,0.748004
28582,0.757802
28583,0.590811
28584,0.105156
28585,0.647123
28586,0.941346
28587,0.764391
28588,0.873716
28589,0.850404
28590,0.709882
28591,0.638616
28592,0.203791
28593,0.633291
28594,0.669181
28595,0.785368
28596,0.938604
28597,0.978999
28598,0.831248
28599,0.900591
28600,0.784101
28601,0.714076
28602,0.603117
28603,0.196777
28604,0.90754
28605,0.884362
28606,0.726106
28607,0.777362
28608,0.769389
28609,0.9331
28610,0.577978
28611,0.821753
28612,0.906174
28613,0.727005
28614,0.911991
28615,0.736127
28616,0.917512
28617,0.850896
28618,0.57562
28619,0.738419
28620,0.112094
28621,0.701972
28622,0.740497
28623,0.445029
28624,0.59073
28625,0.798544
28626,0.087065
28627,0.887337
28628,0.548111
28629,0.966424
28630,0.538611
28631,0.980654
28632,0.549409
28633,0.877339
28634,0.927305
28635,0.857058
28636,0.945697
28637,0.655996
28638,0.564016
28639,0.720109
28640,0.924448
28641,0.723305
28642,0.298672
28643,0.807029
28644,0.053295
28645,0.945583
28646,0.737831
28647,0.782184
28648,0.800671
28649,0.05596
28650,0.701643
28651,0.735491
28652,0.731782
28653,0.688617
28654,0.588695
28655,0.789793
28656,0.869402
28657,0.687786
28658,0.571211
28659,0.896542
28660,0.460589
28661,0.360955
28662,0.592633
28663,0.73534
28664,0.646461
28665,0.819745
28666,0.635397
28667,0.746752
28668,0.628099
28669,0.733901
28670,0.687899
28671,0.866928
28672,0.872877
28673,0.620189
28674,0.977118
28675,0.553625
28676,0.935984
28677,0.946202
28678,0.861687
28679,0.935051
28680,0.500832
28681,0.805966
28682,0.650384
28683,0.609081
28684,0.750257
28685,0.810006
28686,0.786295
28687,0.959645
28688,0.680792
28689,0.886465
28690,0.872539
28691,0.817295
28692,0.785355
28693,0.486595
28694,0.811587
28695,0.606305
28696,0.663741
28697,0.811223
28698,0.079776
28699,0.602032
28700,0.521084
28701,0.762275
28702,0.811058
28703,0.607277
28704,0.043709
28705,0.874789
28706,0.955831
28707,0.918339
28708,0.784637
28709,0.679475
28710,0.404439
28711,0.747508
28712,0.924515
28713,0.801546
28714,0.646285
28715,0.882971
28716,0.438681
28717,0.843587
28718,0.889229
28719,0.701267
28720,0.659735
28721,0.603952
28722,0.519992
28723,0.644186
28724,0.827421
28725,0.961853
28726,0.223505
28727,0.661729
28728,0.702669
28729,0.765155
28730,0.976901
28731,0.579545
28732,0.847597
28733,0.859292
28734,0.558218
28735,0.596216
28736,0.976179
28737,0.90855
28738,0.761679
28739,0.897721
28740,0.620893
28741,0.882839
28742,0.907567
28743,0.477177
28744,0.737684
28745,0.958773
28746,0.859326
28747,0.804449
28748,0.566559
28749,0.879183
28750,0.69769
28751,0.717042
28752,0.956009
28753,0.751639
28754,0.749193
28755,0.815485
28756,0.744122
28757,0.939503
28758,0.822261
28759,0.745412
28760,0.8618
28761,0.54109
28762,0.309436
28763,0.744247
28764,0.775892
28765,0.411034
28766,0.488261
28767,0.855151
28768,0.59884
28769,0.531477
28770,0.615692
28771,0.91326
28772,0.540325
28773,0.369704
28774,0.983927
28775,0.475533
28776,0.835374
28777,0.561741
28778,0.743012
28779,0.61237
28780,0.800865
28781,0.78413
28782,0.824059
28783,0.809664
28784,0.344899
28785,0.658217
28786,0.806224
28787,0.746353
28788,0.507064
28789,0.80375
28790,0.783436
28791,0.682037
28792,0.892697
28793,0.571318
28794,0.479666
28795,0.798034
28796,0.607865
28797,0.731416
28798,0.441336
28799,0.868692
28800,0.402416
28801,0.8923
28802,0.084844
28803,0.96185
28804,0.872245
28805,0.683465
28806,0.843115
28807,0.705349
28808,0.98289
28809,0.896638
28810,0.906017
28811,0.838151
28812,0.72471
28813,0.452762
28814,0.799866
28815,0.640749
28816,0.915813
28817,0.548166
28818,0.751218
28819,0.882208
28820,0.073969
28821,0.246602
28822,0.703532
28823,0.806312
28824,0.688189
28825,0.951398
28826,0.737848
28827,0.937117
28828,0.713557
28829,0.772615
28830,0.630157
28831,0.974506
28832,0.654732
28833,0.893971
28834,0.718172
28835,0.77011
28836,0.853664
28837,0.725118
28838,0.272888
28839,0.784243
28840,0.924561
28841,0.85232
28842,0.57091
28843,0.840437
28844,0.596884
28845,0.059482
28846,0.611292
28847,0.949699
28848,0.497021
28849,0.721196
28850,0.977615
28851,0.729492
28852,0.561773
28853,0.656025
28854,0.744387
28855,0.922437
28856,0.478768
28857,0.527702
28858,0.864187
28859,0.100738
28860,0.523757
28861,0.805511
28862,0.626844
28863,0.706566
28864,0.966072
28865,0.778605
28866,0.455734
28867,0.597246
28868,0.788178
28869,0.652185
28870,0.975246
28871,0.978259
28872,0.569383
28873,0.533938
28874,0.601924
28875,0.862806
28876,0.87396
28877,0.597715
28878,0.815373
28879,0.353949
28880,0.951991
28881,0.539358
28882,0.616265
28883,0.506787
28884,0.735463
28885,0.946416
28886,0.979039
28887,0.540359
28888,0.092143
28889,0.696965
28890,0.830387
28891,0.759458
28892,0.907174
28893,0.709669
28894,0.684747
28895,0.641344
28896,0.881639
28897,0.852211
28898,0.912948
28899,0.428112
28900,0.907548
28901,0.767861
28902,0.835403
28903,0.948159
28904,0.91287
28905,0.56626
28906,0.69383
28907,0.468667
28908,0.65613
28909,0.802163
28910,0.961176
28911,0.696716
28912,0.569598
28913,0.760524
28914,0.612997
28915,0.896191
28916,0.78701
28917,0.73829
28918,0.956299
28919,0.782354
28920,0.79101
28921,0.69376
28922,0.479858
28923,0.578804
28924,0.702236
28925,0.739966
28926,0.699751
28927,0.875017
28928,0.64694
28929,0.942388
28930,0.512935
28931,0.858447
28932,0.545466
28933,0.767169
28934,0.925693
28935,0.783597
28936,0.936561
28937,0.467357
28938,0.882605
28939,0.79342
28940,0.741549
28941,0.463431
28942,0.911873
28943,0.27159
28944,0.79959
28945,0.649763
28946,0.674563
28947,0.166541
28948,0.931057
28949,0.694186
28950,0.990484
28951,0.705946
28952,0.742939
28953,0.859179
28954,0.576535
28955,0.711356
28956,0.981252
28957,0.61958
28958,0.981432
28959,0.817675
28960,0.737624
28961,0.575451
28962,0.742121
28963,0.545057
28964,0.587831
28965,0.540481
28966,0.604158
28967,0.740702
28968,0.855382
28969,0.814318
28970,0.525863
28971,0.696505
28972,0.98016
28973,0.919644
28974,0.674957
28975,0.726271
28976,0.647665
28977,0.93935
28978,0.606871
28979,0.779517
28980,0.820327
28981,0.897086
28982,0.796002
28983,0.939608
28984,0.633953
28985,0.881511
28986,0.832917
28987,0.758696
28988,0.712496
28989,0.488284
28990,0.623999
28991,0.620262
28992,0.535103
28993,0.491142
28994,0.510585
28995,0.060449
28996,0.982394
28997,0.253008
28998,0.917237
28999,0.871208
29000,0.863873
29001,0.635186
29002,0.979949
29003,0.962077
29004,0.852145
29005,0.268645
29006,0.804371
29007,0.636389
29008,0.794775
29009,0.915416
29010,0.665526
29011,0.871952
29012,0.685234
29013,0.678937
29014,0.931279
29015,0.873606
29016,0.70917
29017,0.242287
29018,0.710017
29019,0.794227
29020,0.564056
29021,0.940754
29022,0.885802
29023,0.983517
29024,0.503436
29025,0.962653
29026,0.893563
29027,0.484756
29028,0.793768
29029,0.832029
29030,0.786555
29031,0.838819
29032,0.687088
29033,0.613936
29034,0.602263
29035,0.958743
29036,0.746122
29037,0.904237
29038,0.659434
29039,0.870869
29040,0.074647
29041,0.910185
29042,0.45201
29043,0.958965
29044,0.870869
29045,0.428945
29046,0.761626
29047,0.698458
29048,0.59899
29049,0.952821
29050,0.367262
29051,0.413059
29052,0.603647
29053,0.919899
29054,0.630913
29055,0.770547
29056,0.675338
29057,0.734461
29058,0.523135
29059,0.829653
29060,0.751999
29061,0.646268
29062,0.970038
29063,0.413712
29064,0.586706
29065,0.71934
29066,0.85149
29067,0.802702
29068,0.55617
29069,0.939681
29070,0.677084
29071,0.783483
29072,0.764131
29073,0.827817
29074,0.73109
29075,0.890916
29076,0.965714
29077,0.814275
29078,0.764958
29079,0.797603
29080,0.639736
29081,0.735065
29082,0.760934
29083,0.780391
29084,0.696806
29085,0.706105
29086,0.892427
29087,0.223446
29088,0.774432
29089,0.600752
29090,0.954226
29091,0.773013
29092,0.587846
29093,0.5645
29094,0.966165
29095,0.9803
29096,0.445978
29097,0.597361
29098,0.776328
29099,0.920703
29100,0.769836
29101,0.894514
29102,0.780617
29103,0.904478
29104,0.912523
29105,0.721442
29106,0.80705
29107,0.481803
29108,0.657155
29109,0.765683
29110,0.484318
29111,0.908496
29112,0.565558
29113,0.797427
29114,0.933469
29115,0.945676
29116,0.791314
29117,0.740238
29118,0.744323
29119,0.565455
29120,0.977474
29121,0.762752
29122,0.67434
29123,0.843924
29124,0.910537
29125,0.390027
29126,0.973445
29127,0.676529
29128,0.920738
29129,0.476487
29130,0.884674
29131,0.902942
29132,0.629365
29133,0.937814
29134,0.835389
29135,0.711508
29136,0.509393
29137,0.592727
29138,0.842776
29139,0.674063
29140,0.773588
29141,0.858587
29142,0.919463
29143,0.931393
29144,0.716989
29145,0.634118
29146,0.69721
29147,0.970396
29148,0.524107
29149,0.717224
29150,0.860913
29151,0.860075
29152,0.964859
29153,0.842937
29154,0.757862
29155,0.182607
29156,0.721143
29157,0.845076
29158,0.973946
29159,0.699713
29160,0.959871
29161,0.8436
29162,0.973355
29163,0.683712
29164,0.140947
29165,0.641351
29166,0.959781
29167,0.652183
29168,0.633145
29169,0.708821
29170,0.786621
29171,0.970991
29172,0.660348
29173,0.51292
29174,0.324099
29175,0.657973
29176,0.854637
29177,0.627145
29178,0.919198
29179,0.896015
29180,0.810072
29181,0.738997
29182,0.896834
29183,0.938313
29184,0.45545
29185,0.781123
29186,0.60976
29187,0.815508
29188,0.296543
29189,0.661205
29190,0.819096
29191,0.857756
29192,0.794892
29193,0.892914
29194,0.907452
29195,0.880822
29196,0.536672
29197,0.967191
29198,0.550597
29199,0.084089
29200,0.891482
29201,0.863789
29202,0.588315
29203,0.319655
29204,0.790608
29205,0.689036
29206,0.733437
29207,0.705785
29208,0.728324
29209,0.756825
29210,0.616668
29211,0.766627
29212,0.898732
29213,0.806231
29214,0.595299
29215,0.702067
29216,0.876164
29217,0.91345
29218,0.702518
29219,0.696142
29220,0.703408
29221,0.609493
29222,0.833078
29223,0.896235
29224,0.894633
29225,0.619922
29226,0.564457
29227,0.667552
29228,0.923754
29229,0.837004
29230,0.959657
29231,0.682465
29232,0.643061
29233,0.965869
29234,0.67972
29235,0.896059
29236,0.68386
29237,0.87887
29238,0.776912
29239,0.927494
29240,0.92641
29241,0.791017
29242,0.542819
29243,0.703904
29244,0.585978
29245,0.890283
29246,0.472804
29247,0.812824
29248,0.910607
29249,0.782733
29250,0.895259
29251,0.874874
29252,0.942137
29253,0.809546
29254,0.768136
29255,0.574418
29256,0.809593
29257,0.399816
29258,0.977787
29259,0.744117
29260,0.700777
29261,0.825686
29262,0.688591
29263,0.822108
29264,0.641731
29265,0.487162
29266,0.692642
29267,0.940704
29268,0.797212
29269,0.225051
29270,0.850173
29271,0.628176
29272,0.778931
29273,0.767284
29274,0.63358
29275,0.645675
29276,0.751554
29277,0.941443
29278,0.519237
29279,0.503747
29280,0.827824
29281,0.932348
29282,0.932559
29283,0.742663
29284,0.632441
29285,0.739417
29286,0.934964
29287,0.961879
29288,0.744056
29289,0.930621
29290,0.700809
29291,0.676041
29292,0.670384
29293,0.921421
29294,0.438486
29295,0.902087
29296,0.870005
29297,0.515594
29298,0.929951
29299,0.44466
29300,0.729466
29301,0.826199
29302,0.847983
29303,0.796716
29304,0.751429
29305,0.712893
29306,0.746202
29307,0.539284
29308,0.779153
29309,0.635877
29310,0.95598
29311,0.599701
29312,0.888921
29313,0.728049
29314,0.837762
29315,0.667026
29316,0.689165
29317,0.662258
29318,0.842395
29319,0.974788
29320,0.707657
29321,0.455817
29322,0.958563
29323,0.501554
29324,0.713491
29325,0.542126
29326,0.761609
29327,0.352374
29328,0.790686
29329,0.63653
29330,0.615532
29331,0.653649
29332,0.612817
29333,0.666649
29334,0.642758
29335,0.668525
29336,0.961325
29337,0.19412
29338,0.683782
29339,0.950094
29340,0.753784
29341,0.89229
29342,0.846274
29343,0.309539
29344,0.895424
29345,0.841632
29346,0.934592
29347,0.649132
29348,0.949163
29349,0.979396
29350,0.811281
29351,0.945063
29352,0.818958
29353,0.749363
29354,0.765674
29355,0.867865
29356,0.648558
29357,0.784064
29358,0.15781
29359,0.3954
29360,0.866906
29361,0.587431
29362,0.730259
29363,0.908143
29364,0.914533
29365,0.381716
29366,0.510318
29367,0.989861
29368,0.62271
29369,0.85382
29370,0.822204
29371,0.583232
29372,0.895706
29373,0.915303
29374,0.805837
29375,0.737537
29376,0.421808
29377,0.820799
29378,0.865967
29379,0.784302
29380,0.963751
29381,0.874604
29382,0.946572
29383,0.858248
29384,0.939637
29385,0.820094
29386,0.526142
29387,0.095459
29388,0.695455
29389,0.75296
29390,0.648602
29391,0.539207
29392,0.52451
29393,0.984277
29394,0.973117
29395,0.975785
29396,0.823424
29397,0.73029
29398,0.679133
29399,0.813977
29400,0.073586
29401,0.748634
29402,0.923444
29403,0.738927
29404,0.568636
29405,0.583842
29406,0.513646
29407,0.836022
29408,0.656938
29409,0.522864
29410,0.932971
29411,0.741779
29412,0.661232
29413,0.518928
29414,0.812461
29415,0.784989
29416,0.979022
29417,0.895047
29418,0.960723
29419,0.698002
29420,0.665538
29421,0.319518
29422,0.897101
29423,0.88012
29424,0.58011
29425,0.79281
29426,0.671647
29427,0.523112
29428,0.885106
29429,0.555766
29430,0.964863
29431,0.810858
29432,0.047797
29433,0.591979
29434,0.423854
29435,0.738815
29436,0.63251
29437,0.530014
29438,0.25947
29439,0.797568
29440,0.8923
29441,0.700196
29442,0.600562
29443,0.495288
29444,0.671578
29445,0.580777
29446,0.590685
29447,0.789081
29448,0.701227
29449,0.951322
29450,0.716434
29451,0.817354
29452,0.665519
29453,0.525236
29454,0.786654
29455,0.697558
29456,0.569675
29457,0.712932
29458,0.753192
29459,0.764829
29460,0.638468
29461,0.696282
29462,0.901809
29463,0.333965
29464,0.627299
29465,0.364963
29466,0.926406
29467,0.746146
29468,0.467957
29469,0.551568
29470,0.796356
29471,0.853617
29472,0.754929
29473,0.449254
29474,0.890394
29475,0.687302
29476,0.787511
29477,0.955313
29478,0.070779
29479,0.790582
29480,0.72791
29481,0.649167
29482,0.610874
29483,0.638714
29484,0.655967
29485,0.987768
29486,0.694843
29487,0.786011
29488,0.919914
29489,0.670097
29490,0.804948
29491,0.928977
29492,0.807556
29493,0.835233
29494,0.845377
29495,0.912407
29496,0.779222
29497,0.847511
29498,0.497918
29499,0.951619
29500,0.199804
29501,0.913438
29502,0.878201
29503,0.72879
29504,0.737036
29505,0.609528
29506,0.755396
29507,0.879795
29508,0.802425
29509,0.86956
29510,0.836599
29511,0.731082
29512,0.680606
29513,0.931247
29514,0.818441
29515,0.702338
29516,0.251712
29517,0.873173
29518,0.361543
29519,0.600676
29520,0.968739
29521,0.449902
29522,0.73346
29523,0.67607
29524,0.752606
29525,0.589712
29526,0.719074
29527,0.665299
29528,0.811919
29529,0.554056
29530,0.931233
29531,0.877771
29532,0.848479
29533,0.773238
29534,0.933911
29535,0.826618
29536,0.951638
29537,0.888924
29538,0.634082
29539,0.682181
29540,0.932323
29541,0.649932
29542,0.959717
29543,0.870633
29544,0.958226
29545,0.877089
29546,0.5929
29547,0.808378
29548,0.781388
29549,0.74655
29550,0.391522
29551,0.648107
29552,0.69551
29553,0.575578
29554,0.739469
29555,0.728354
29556,0.93123
29557,0.829614
29558,0.58409
29559,0.6835
29560,0.297143
29561,0.920043
29562,0.673677
29563,0.791554
29564,0.468363
29565,0.959149
29566,0.671953
29567,0.800333
29568,0.906076
29569,0.806358
29570,0.423665
29571,0.631323
29572,0.898271
29573,0.812536
29574,0.918723
29575,0.722711
29576,0.901769
29577,0.703333
29578,0.219709
29579,0.818787
29580,0.578446
29581,0.786995
29582,0.054144
29583,0.89656
29584,0.616059
29585,0.798241
29586,0.899171
29587,0.522506
29588,0.714522
29589,0.627832
29590,0.78716
29591,0.834008
29592,0.6169
29593,0.694525
29594,0.530113
29595,0.777892
29596,0.521194
29597,0.847677
29598,0.831161
29599,0.278337
29600,0.88063
29601,0.652329
29602,0.670597
29603,0.823878
29604,0.652941
29605,0.724573
29606,0.908775
29607,0.771655
29608,0.953189
29609,0.634634
29610,0.798362
29611,0.589221
29612,0.759889
29613,0.974312
29614,0.608962
29615,0.548532
29616,0.872365
29617,0.918466
29618,0.787806
29619,0.745166
29620,0.738401
29621,0.981906
29622,0.979844
29623,0.948776
29624,0.792856
29625,0.840516
29626,0.655461
29627,0.887621
29628,0.684133
29629,0.648201
29630,0.877939
29631,0.900856
29632,0.979172
29633,0.747707
29634,0.295783
29635,0.603527
29636,0.833485
29637,0.28617
29638,0.568155
29639,0.813889
29640,0.737077
29641,0.899492
29642,0.84853
29643,0.969972
29644,0.652508
29645,0.800887
29646,0.964284
29647,0.797063
29648,0.701433
29649,0.286384
29650,0.803883
29651,0.60921
29652,0.59929
29653,0.987135
29654,0.639823
29655,0.975277
29656,0.28418
29657,0.779724
29658,0.237699
29659,0.925995
29660,0.392993
29661,0.755285
29662,0.505304
29663,0.660024
29664,0.882374
29665,0.981976
29666,0.876043
29667,0.67692
29668,0.981554
29669,0.942566
29670,0.694902
29671,0.83041
29672,0.563857
29673,0.703481
29674,0.967853
29675,0.797163
29676,0.599295
29677,0.96447
29678,0.545993
29679,0.874254
29680,0.86426
29681,0.737257
29682,0.874237
29683,0.880146
29684,0.528767
29685,0.589651
29686,0.357643
29687,0.916915
29688,0.598063
29689,0.883949
29690,0.313487
29691,0.554923
29692,0.822448
29693,0.905441
29694,0.85997
29695,0.420997
29696,0.975409
29697,0.945796
29698,0.707704
29699,0.984607
29700,0.978418
29701,0.71004
29702,0.766297
29703,0.608829
29704,0.674958
29705,0.850892
29706,0.972695
29707,0.799276
29708,0.117405
29709,0.69592
29710,0.682289
29711,0.744471
29712,0.730705
29713,0.576749
29714,0.485889
29715,0.66357
29716,0.821743
29717,0.6615
29718,0.917913
29719,0.800664
29720,0.746267
29721,0.706677
29722,0.774015
29723,0.709514
29724,0.913309
29725,0.747175
29726,0.912935
29727,0.949281
29728,0.19491
29729,0.679901
29730,0.852449
29731,0.8457
29732,0.224111
29733,0.792215
29734,0.72727
29735,0.075995
29736,0.621368
29737,0.455738
29738,0.785012
29739,0.416353
29740,0.54412
29741,0.762109
29742,0.781713
29743,0.976173
29744,0.795465
29745,0.613813
29746,0.698259
29747,0.944256
29748,0.498155
29749,0.743703
29750,0.846661
29751,0.898713
29752,0.877158
29753,0.973841
29754,0.607615
29755,0.842984
29756,0.360393
29757,0.536834
29758,0.754194
29759,0.786254
29760,0.493681
29761,0.705418
29762,0.678388
29763,0.442676
29764,0.679573
29765,0.8049
29766,0.525461
29767,0.990341
29768,0.681486
29769,0.917568
29770,0.666775
29771,0.96742
29772,0.865808
29773,0.479104
29774,0.607934
29775,0.344366
29776,0.707722
29777,0.95669
29778,0.594432
29779,0.402042
29780,0.694107
29781,0.212861
29782,0.74295
29783,0.600572
29784,0.85669
29785,0.851641
29786,0.932768
29787,0.567737
29788,0.525643
29789,0.408006
29790,0.325665
29791,0.429322
29792,0.584495
29793,0.468697
29794,0.655433
29795,0.751351
29796,0.926611
29797,0.794084
29798,0.50832
29799,0.793323
29800,0.681873
29801,0.872673
29802,0.75046
29803,0.753261
29804,0.899604
29805,0.904797
29806,0.908397
29807,0.98957
29808,0.641559
29809,0.962098
29810,0.673841
29811,0.72213
29812,0.987669
29813,0.963905
29814,0.96481
29815,0.662842
29816,0.774409
29817,0.782982
29818,0.858543
29819,0.705904
29820,0.668561
29821,0.448597
29822,0.584194
29823,0.773639
29824,0.895182
29825,0.549513
29826,0.409864
29827,0.989247
29828,0.861868
29829,0.864904
29830,0.842186
29831,0.851873
29832,0.298279
29833,0.659696
29834,0.931301
29835,0.77224
29836,0.776452
29837,0.642623
29838,0.938808
29839,0.832055
29840,0.72013
29841,0.612723
29842,0.834082
29843,0.318868
29844,0.808207
29845,0.532565
29846,0.643521
29847,0.761129
29848,0.773664
29849,0.536829
29850,0.744695
29851,0.674474
29852,0.934724
29853,0.47374
29854,0.603645
29855,0.735015
29856,0.540562
29857,0.777942
29858,0.709496
29859,0.898237
29860,0.635516
29861,0.730034
29862,0.975377
29863,0.726374
29864,0.725836
29865,0.975954
29866,0.669172
29867,0.749298
29868,0.730793
29869,0.609662
29870,0.982266
29871,0.860573
29872,0.616891
29873,0.963749
29874,0.881515
29875,0.900495
29876,0.826468
29877,0.774321
29878,0.922464
29879,0.667106
29880,0.379611
29881,0.775496
29882,0.674051
29883,0.838319
29884,0.940499
29885,0.703104
29886,0.715174
29887,0.861396
29888,0.429908
29889,0.67057
29890,0.864231
29891,0.507769
29892,0.781562
29893,0.754618
29894,0.878976
29895,0.801537
29896,0.624168
29897,0.864616
29898,0.836684
29899,0.950948
29900,0.741982
29901,0.587507
29902,0.568709
29903,0.732253
29904,0.833316
29905,0.946559
29906,0.064408
29907,0.812963
29908,0.955217
29909,0.760632
29910,0.879828
29911,0.559211
29912,0.609462
29913,0.700555
29914,0.430166
29915,0.761433
29916,0.962902
29917,0.406385
29918,0.611095
29919,0.490569
29920,0.886432
29921,0.746442
29922,0.371298
29923,0.497016
29924,0.731549
29925,0.958717
29926,0.808294
29927,0.661198
29928,0.776482
29929,0.410937
29930,0.804174
29931,0.416331
29932,0.833744
29933,0.200652
29934,0.538847
29935,0.548955
29936,0.964739
29937,0.604072
29938,0.674131
29939,0.944585
29940,0.701554
29941,0.505544
29942,0.659634
29943,0.587615
29944,0.833867
29945,0.673791
29946,0.107677
29947,0.571148
29948,0.697382
29949,0.713412
29950,0.592218
29951,0.787405
29952,0.736572
29953,0.884999
29954,0.93083
29955,0.949018
29956,0.872096
29957,0.309369
29958,0.796687
29959,0.529431
29960,0.762367
29961,0.565384
29962,0.728793
29963,0.67296
29964,0.741404
29965,0.450218
29966,0.760001
29967,0.885194
29968,0.715199
29969,0.58881
29970,0.740761
29971,0.716827
29972,0.890635
29973,0.840386
29974,0.869065
29975,0.744774
29976,0.6834
29977,0.667718
29978,0.547261
29979,0.506921
29980,0.745481
29981,0.54222
29982,0.935306
29983,0.818841
29984,0.616377
29985,0.603521
29986,0.377197
29987,0.654529
29988,0.701158
29989,0.420935
29990,0.562898
29991,0.765091
29992,0.475136
29993,0.81932
29994,0.588882
29995,0.577388
29996,0.808443
29997,0.973039
29998,0.747087
29999,0.851863
30000,0.595002
30001,0.432844
30002,0.724286
30003,0.951757
30004,0.744131
30005,0.908539
30006,0.600028
30007,0.920042
30008,0.954389
30009,0.914328
30010,0.834176
30011,0.630843
30012,0.515104
30013,0.687646
30014,0.68123
30015,0.544306
30016,0.755256
30017,0.619645
30018,0.749054
30019,0.964436
30020,0.433312
30021,0.690102
30022,0.460968
30023,0.705998
30024,0.622273
30025,0.963037
30026,0.89938
30027,0.844983
30028,0.672743
30029,0.866437
30030,0.783282
30031,0.720241
30032,0.915528
30033,0.066117
30034,0.879201
30035,0.849542
30036,0.98742
30037,0.612159
30038,0.510477
30039,0.822432
30040,0.854909
30041,0.994173
30042,0.713749
30043,0.554884
30044,0.891802
30045,0.698219
30046,0.564198
30047,0.552683
30048,0.626125
30049,0.975209
30050,0.723409
30051,0.672343
30052,0.635916
30053,0.616559
30054,0.920359
30055,0.953916
30056,0.78404
30057,0.757205
30058,0.880513
30059,0.952066
30060,0.685958
30061,0.546401
30062,0.710272
30063,0.576027
30064,0.80565
30065,0.743695
30066,0.964889
30067,0.748728
30068,0.552405
30069,0.486642
30070,0.918438
30071,0.79822
30072,0.705686
30073,0.919148
30074,0.683199
30075,0.780772
30076,0.884881
30077,0.858098
30078,0.942835
30079,0.633929
30080,0.956787
30081,0.976711
30082,0.922462
30083,0.53468
30084,0.686389
30085,0.68515
30086,0.712528
30087,0.62638
30088,0.410204
30089,0.412721
30090,0.9526
30091,0.824708
30092,0.445935
30093,0.637025
30094,0.494451
30095,0.565584
30096,0.801598
30097,0.458624
30098,0.843153
30099,0.53462
30100,0.592773
30101,0.875899
30102,0.809954
30103,0.660509
30104,0.838969
30105,0.400246
30106,0.619115
30107,0.788684
30108,0.275972
30109,0.673641
30110,0.894612
30111,0.59787
30112,0.671249
30113,0.883676
30114,0.513809
30115,0.820561
30116,0.184744
30117,0.842543
30118,0.836854
30119,0.940625
30120,0.52866
30121,0.70767
30122,0.981105
30123,0.608712
30124,0.781106
30125,0.683538
30126,0.713455
30127,0.643129
30128,0.715394
30129,0.681067
30130,0.62249
30131,0.506359
30132,0.944566
30133,0.626222
30134,0.829691
30135,0.791832
30136,0.764104
30137,0.816623
30138,0.856855
30139,0.646862
30140,0.914451
30141,0.388678
30142,0.681188
30143,0.809509
30144,0.894767
30145,0.615767
30146,0.77109
30147,0.702472
30148,0.944831
30149,0.874153
30150,0.77196
30151,0.618394
30152,0.927039
30153,0.721788
30154,0.561696
30155,0.669574
30156,0.887892
30157,0.784638
30158,0.668951
30159,0.90803
30160,0.877271
30161,0.832972
30162,0.743162
30163,0.852622
30164,0.668975
30165,0.772429
30166,0.685927
30167,0.691932
30168,0.063543
30169,0.365368
30170,0.913876
30171,0.860302
30172,0.860507
30173,0.640978
30174,0.628559
30175,0.978891
30176,0.750311
30177,0.779848
30178,0.801939
30179,0.205974
30180,0.800631
30181,0.926215
30182,0.5211
30183,0.811688
30184,0.42449
30185,0.676083
30186,0.914868
30187,0.465054
30188,0.626149
30189,0.248232
30190,0.860349
30191,0.808737
30192,0.817741
30193,0.956815
30194,0.886847
30195,0.789941
30196,0.859814
30197,0.920707
30198,0.719355
30199,0.668113
30200,0.438655
30201,0.820014
30202,0.850251
30203,0.653053
30204,0.316629
30205,0.060107
30206,0.705769
30207,0.949037
30208,0.562752
30209,0.617591
30210,0.673578
30211,0.438456
30212,0.954546
30213,0.779901
30214,0.894531
30215,0.721078
30216,0.746406
30217,0.799586
30218,0.930872
30219,0.82782
30220,0.721728
30221,0.756613
30222,0.850558
30223,0.779223
30224,0.190882
30225,0.94759
30226,0.911063
30227,0.846751
30228,0.346672
30229,0.496747
30230,0.684632
30231,0.692601
30232,0.548861
30233,0.549523
30234,0.873185
30235,0.46285
30236,0.816232
30237,0.605479
30238,0.670774
30239,0.624171
30240,0.682403
30241,0.880871
30242,0.3793
30243,0.747194
30244,0.632394
30245,0.263791
30246,0.8535
30247,0.517525
30248,0.909275
30249,0.389382
30250,0.582794
30251,0.829079
30252,0.674208
30253,0.455665
30254,0.802459
30255,0.658104
30256,0.722331
30257,0.980629
30258,0.977659
30259,0.591157
30260,0.639862
30261,0.695604
30262,0.482496
30263,0.924141
30264,0.780766
30265,0.752339
30266,0.751906
30267,0.642918
30268,0.878092
30269,0.9038
30270,0.603202
30271,0.640372
30272,0.803696
30273,0.981585
30274,0.779277
30275,0.863501
30276,0.800476
30277,0.393167
30278,0.688645
30279,0.801706
30280,0.888055
30281,0.67194
30282,0.843544
30283,0.928463
30284,0.783879
30285,0.865218
30286,0.52742
30287,0.604956
30288,0.776391
30289,0.483989
30290,0.665999
30291,0.638057
30292,0.777801
30293,0.145804
30294,0.877225
30295,0.66746
30296,0.752093
30297,0.408592
30298,0.500512
30299,0.856595
30300,0.766962
30301,0.69596
30302,0.712371
30303,0.948809
30304,0.692181
30305,0.54113
30306,0.362689
30307,0.462368
30308,0.949651
30309,0.849988
30310,0.453559
30311,0.69942
30312,0.176151
30313,0.437536
30314,0.403033
30315,0.888441
30316,0.667357
30317,0.531948
30318,0.917781
30319,0.983343
30320,0.697966
30321,0.929393
30322,0.625438
30323,0.835412
30324,0.616196
30325,0.982564
30326,0.991697
30327,0.762123
30328,0.731879
30329,0.932611
30330,0.38644
30331,0.548114
30332,0.992236
30333,0.836106
30334,0.822838
30335,0.431078
30336,0.676463
30337,0.155344
30338,0.771451
30339,0.837371
30340,0.76337
30341,0.964903
30342,0.581515
30343,0.712365
30344,0.735038
30345,0.677855
30346,0.543772
30347,0.109666
30348,0.730312
30349,0.78105
30350,0.843691
30351,0.927439
30352,0.395081
30353,0.673157
30354,0.685218
30355,0.829718
30356,0.814068
30357,0.310468
30358,0.561371
30359,0.564664
30360,0.815836
30361,0.990055
30362,0.821898
30363,0.631437
30364,0.570879
30365,0.604078
30366,0.717341
30367,0.979441
30368,0.292325
30369,0.967044
30370,0.053022
30371,0.527274
30372,0.171545
30373,0.909365
30374,0.828019
30375,0.841026
30376,0.836148
30377,0.832442
30378,0.087959
30379,0.926644
30380,0.901536
30381,0.812171
30382,0.880624
30383,0.717354
30384,0.681921
30385,0.978702
30386,0.662824
30387,0.78535
30388,0.983619
30389,0.807659
30390,0.929224
30391,0.815234
30392,0.743032
30393,0.581199
30394,0.690631
30395,0.729316
30396,0.837514
30397,0.678848
30398,0.698737
30399,0.85808
30400,0.602742
30401,0.909993
30402,0.595985
30403,0.531608
30404,0.926461
30405,0.985474
30406,0.907891
30407,0.915244
30408,0.684437
30409,0.789817
30410,0.494413
30411,0.663943
30412,0.594071
30413,0.369287
30414,0.823359
30415,0.96009
30416,0.818715
30417,0.662506
30418,0.770618
30419,0.795077
30420,0.569107
30421,0.611645
30422,0.815999
30423,0.705678
30424,0.371073
30425,0.987741
30426,0.507811
30427,0.752693
30428,0.679163
30429,0.769051
30430,0.810121
30431,0.900294
30432,0.851657
30433,0.799994
30434,0.803664
30435,0.504977
30436,0.773836
30437,0.959968
30438,0.581473
30439,0.814316
30440,0.580833
30441,0.620617
30442,0.639779
30443,0.987082
30444,0.553127
30445,0.862702
30446,0.466195
30447,0.645186
30448,0.777384
30449,0.650393
30450,0.579429
30451,0.905634
30452,0.888823
30453,0.929088
30454,0.545388
30455,0.871953
30456,0.911817
30457,0.87135
30458,0.905166
30459,0.958687
30460,0.764046
30461,0.942234
30462,0.658938
30463,0.600062
30464,0.688003
30465,0.739576
30466,0.748433
30467,0.746859
30468,0.894402
30469,0.897647
30470,0.907192
30471,0.735257
30472,0.685046
30473,0.72782
30474,0.599221
30475,0.807031
30476,0.719683
30477,0.952499
30478,0.794625
30479,0.519668
30480,0.378024
30481,0.711971
30482,0.963799
30483,0.510748
30484,0.920864
30485,0.707825
30486,0.758702
30487,0.938379
30488,0.623822
30489,0.940729
30490,0.613004
30491,0.981456
30492,0.881795
30493,0.636126
30494,0.612322
30495,0.376153
30496,0.915195
30497,0.983806
30498,0.59796
30499,0.533412
30500,0.762747
30501,0.678696
30502,0.363562
30503,0.734835
30504,0.956793
30505,0.837642
30506,0.615685
30507,0.824016
30508,0.437315
30509,0.88389
30510,0.471566
30511,0.515578
30512,0.649942
30513,0.965011
30514,0.723613
30515,0.773531
30516,0.764781
30517,0.936853
30518,0.053417
30519,0.530713
30520,0.975497
30521,0.718577
30522,0.859864
30523,0.721648
30524,0.762323
30525,0.502798
30526,0.93155
30527,0.249415
30528,0.915034
30529,0.968319
30530,0.325654
30531,0.907092
30532,0.872381
30533,0.917135
30534,0.527365
30535,0.43659
30536,0.836698
30537,0.590526
30538,0.737777
30539,0.522064
30540,0.487698
30541,0.666137
30542,0.930167
30543,0.746019
30544,0.883557
30545,0.607753
30546,0.718688
30547,0.857928
30548,0.773338
30549,0.802198
30550,0.779753
30551,0.982229
30552,0.457501
30553,0.84492
30554,0.546745
30555,0.519859
30556,0.53476
30557,0.813878
30558,0.419983
30559,0.973241
30560,0.752955
30561,0.890209
30562,0.242672
30563,0.46031
30564,0.86563
30565,0.810094
30566,0.626226
30567,0.877093
30568,0.966227
30569,0.690519
30570,0.640555
30571,0.930819
30572,0.685996
30573,0.826645
30574,0.768759
30575,0.69482
30576,0.873144
30577,0.508348
30578,0.557877
30579,0.675396
30580,0.869462
30581,0.631837
30582,0.515093
30583,0.786549
30584,0.72853
30585,0.71349
30586,0.436196
30587,0.648114
30588,0.775109
30589,0.924075
30590,0.312817
30591,0.784591
30592,0.91973
30593,0.717099
30594,0.655982
30595,0.045462
30596,0.978296
30597,0.37043
30598,0.668271
30599,0.768202
30600,0.935807
30601,0.863589
30602,0.726622
30603,0.945765
30604,0.986518
30605,0.546262
30606,0.920158
30607,0.655624
30608,0.738553
30609,0.682222
30610,0.579203
30611,0.934029
30612,0.749252
30613,0.658658
30614,0.723534
30615,0.936245
30616,0.97251
30617,0.651521
30618,0.822738
30619,0.679196
30620,0.610255
30621,0.494228
30622,0.779263
30623,0.82691
30624,0.894601
30625,0.889431
30626,0.650581
30627,0.637309
30628,0.925128
30629,0.824372
30630,0.708852
30631,0.628479
30632,0.548186
30633,0.522461
30634,0.785405
30635,0.817682
30636,0.51233
30637,0.513018
30638,0.876729
30639,0.584092
30640,0.077951
30641,0.061284
30642,0.672135
30643,0.967951
30644,0.718371
30645,0.580105
30646,0.464473
30647,0.910126
30648,0.943453
30649,0.720754
30650,0.62488
30651,0.61923
30652,0.744542
30653,0.718937
30654,0.899256
30655,0.256385
30656,0.809729
30657,0.564261
30658,0.889961
30659,0.684512
30660,0.791709
30661,0.706723
30662,0.735212
30663,0.866167
30664,0.955085
30665,0.612308
30666,0.951039
30667,0.829026
30668,0.896629
30669,0.990806
30670,0.936163
30671,0.809273
30672,0.848114
30673,0.3796
30674,0.652597
30675,0.730896
30676,0.608229
30677,0.848935
30678,0.684317
30679,0.587672
30680,0.532061
30681,0.593193
30682,0.644658
30683,0.510844
30684,0.863578
30685,0.688285
30686,0.242272
30687,0.35827
30688,0.977137
30689,0.855193
30690,0.694256
30691,0.659636
30692,0.747276
30693,0.745803
30694,0.820511
30695,0.86803
30696,0.657907
30697,0.658395
30698,0.750725
30699,0.758904
30700,0.858119
30701,0.407053
30702,0.878112
30703,0.667295
30704,0.671327
30705,0.652371
30706,0.866632
30707,0.835214
30708,0.701243
30709,0.613294
30710,0.644776
30711,0.725024
30712,0.638645
30713,0.649507
30714,0.895325
30715,0.927493
30716,0.578441
30717,0.973449
30718,0.486395
30719,0.912127
30720,0.778041
30721,0.78393
30722,0.717894
30723,0.956059
30724,0.882365
30725,0.776344
30726,0.818416
30727,0.864914
30728,0.739576
30729,0.055298
30730,0.720416
30731,0.917434
30732,0.060108
30733,0.411162
30734,0.960106
30735,0.769905
30736,0.822678
30737,0.952119
30738,0.891185
30739,0.594401
30740,0.711687
30741,0.63482
30742,0.573279
30743,0.644128
30744,0.722288
30745,0.642416
30746,0.621247
30747,0.855267
30748,0.767895
30749,0.955426
30750,0.434818
30751,0.626301
30752,0.815734
30753,0.705392
30754,0.533609
30755,0.656431
30756,0.718683
30757,0.642476
30758,0.891701
30759,0.636684
30760,0.758164
30761,0.669033
30762,0.706827
30763,0.926154
30764,0.845409
30765,0.983066
30766,0.79923
30767,0.451782
30768,0.865166
30769,0.91312
30770,0.685129
30771,0.439066
30772,0.724308
30773,0.628928
30774,0.752093
30775,0.901473
30776,0.606823
30777,0.738999
30778,0.662731
30779,0.796044
30780,0.98976
30781,0.778033
30782,0.729491
30783,0.519642
30784,0.828432
30785,0.380087
30786,0.784058
30787,0.87403
30788,0.744839
30789,0.824083
30790,0.93102
30791,0.097383
30792,0.644364
30793,0.642693
30794,0.649934
30795,0.657468
30796,0.769594
30797,0.373108
30798,0.497785
30799,0.986287
30800,0.618557
30801,0.830892
30802,0.610564
30803,0.638148
30804,0.692509
30805,0.923471
30806,0.881351
30807,0.809101
30808,0.627732
30809,0.821525
30810,0.916754
30811,0.528544
30812,0.862075
30813,0.948188
30814,0.894475
30815,0.55897
30816,0.962316
30817,0.976919
30818,0.705407
30819,0.46611
30820,0.776916
30821,0.756312
30822,0.228102
30823,0.83134
30824,0.990667
30825,0.674059
30826,0.878536
30827,0.966539
30828,0.596315
30829,0.355345
30830,0.674008
30831,0.900785
30832,0.643959
30833,0.534342
30834,0.965743
30835,0.664338
30836,0.896215
30837,0.673988
30838,0.720278
30839,0.964512
30840,0.687364
30841,0.784721
30842,0.914548
30843,0.771488
30844,0.835185
30845,0.767303
30846,0.694236
30847,0.902897
30848,0.826658
30849,0.074283
30850,0.799958
30851,0.882122
30852,0.697874
30853,0.762055
30854,0.950349
30855,0.789236
30856,0.688686
30857,0.933806
30858,0.730363
30859,0.465402
30860,0.523452
30861,0.635135
30862,0.694142
30863,0.870386
30864,0.64922
30865,0.731471
30866,0.744866
30867,0.775165
30868,0.570614
30869,0.785095
30870,0.730184
30871,0.873233
30872,0.451898
30873,0.691527
30874,0.817472
30875,0.8497
30876,0.761378
30877,0.553604
30878,0.695207
30879,0.808728
30880,0.713277
30881,0.766093
30882,0.990404
30883,0.763246
30884,0.657823
30885,0.73793
30886,0.422837
30887,0.775706
30888,0.688753
30889,0.855567
30890,0.665351
30891,0.898629
30892,0.793888
30893,0.842909
30894,0.591959
30895,0.91918
30896,0.807444
30897,0.877662
30898,0.634772
30899,0.979514
30900,0.723322
30901,0.911384
30902,0.321383
30903,0.551544
30904,0.95405
30905,0.570468
30906,0.68383
30907,0.688866
30908,0.771503
30909,0.660232
30910,0.741286
30911,0.522244
30912,0.686507
30913,0.735369
30914,0.52414
30915,0.940394
30916,0.272539
30917,0.983015
30918,0.620609
30919,0.77237
30920,0.953571
30921,0.756156
30922,0.170065
30923,0.951223
30924,0.786106
30925,0.680553
30926,0.379201
30927,0.600861
30928,0.698025
30929,0.686739
30930,0.690794
30931,0.693362
30932,0.893877
30933,0.80227
30934,0.765343
30935,0.833636
30936,0.782341
30937,0.879064
30938,0.753317
30939,0.829864
30940,0.636597
30941,0.366209
30942,0.482455
30943,0.867106
30944,0.747279
30945,0.55057
30946,0.40872
30947,0.788949
30948,0.991377
30949,0.757166
30950,0.749798
30951,0.958177
30952,0.933176
30953,0.619078
30954,0.732834
30955,0.855315
30956,0.634763
30957,0.685161
30958,0.89324
30959,0.835728
30960,0.976638
30961,0.746734
30962,0.702116
30963,0.682847
30964,0.69452
30965,0.827323
30966,0.943785
30967,0.881194
30968,0.888211
30969,0.859084
30970,0.798834
30971,0.380497
30972,0.862141
30973,0.710551
30974,0.826059
30975,0.657677
30976,0.611552
30977,0.972446
30978,0.966133
30979,0.563048
30980,0.923873
30981,0.806872
30982,0.562622
30983,0.578593
30984,0.741985
30985,0.887855
30986,0.828866
30987,0.641406
30988,0.965898
30989,0.945259
30990,0.32332
30991,0.843284
30992,0.667208
30993,0.784622
30994,0.63639
30995,0.657809
30996,0.810167
30997,0.716569
30998,0.849516
30999,0.586619
31000,0.489352
31001,0.644221
31002,0.978497
31003,0.677699
31004,0.862417
31005,0.707703
31006,0.788282
31007,0.486186
31008,0.569948
31009,0.66406
31010,0.71919
31011,0.607559
31012,0.515216
31013,0.696037
31014,0.849524
31015,0.924774
31016,0.479573
31017,0.620133
31018,0.909894
31019,0.754596
31020,0.817826
31021,0.421891
31022,0.904682
31023,0.796037
31024,0.851742
31025,0.069316
31026,0.905432
31027,0.966513
31028,0.274313
31029,0.930093
31030,0.484489
31031,0.780273
31032,0.803166
31033,0.176996
31034,0.599141
31035,0.532254
31036,0.828792
31037,0.947385
31038,0.68841
31039,0.417128
31040,0.831973
31041,0.824837
31042,0.844241
31043,0.861222
31044,0.897474
31045,0.644535
31046,0.712868
31047,0.739657
31048,0.659488
31049,0.951788
31050,0.973019
31051,0.935073
31052,0.837331
31053,0.895521
31054,0.704522
31055,0.772945
31056,0.743912
31057,0.333307
31058,0.552818
31059,0.830088
31060,0.971989
31061,0.695693
31062,0.940428
31063,0.941314
31064,0.971627
31065,0.282698
31066,0.587575
31067,0.975092
31068,0.788499
31069,0.781651
31070,0.734437
31071,0.589602
31072,0.662746
31073,0.983145
31074,0.891717
31075,0.419758
31076,0.552749
31077,0.562172
31078,0.657122
31079,0.936701
31080,0.94459
31081,0.582439
31082,0.813002
31083,0.761132
31084,0.656552
31085,0.561818
31086,0.921315
31087,0.557429
31088,0.684469
31089,0.846611
31090,0.873468
31091,0.184422
31092,0.962129
31093,0.756567
31094,0.92663
31095,0.782235
31096,0.707026
31097,0.747639
31098,0.792877
31099,0.753805
31100,0.873783
31101,0.811593
31102,0.535554
31103,0.818513
31104,0.670703
31105,0.545371
31106,0.847561
31107,0.796859
31108,0.068988
31109,0.415422
31110,0.069895
31111,0.583398
31112,0.744221
31113,0.109369
31114,0.552213
31115,0.419084
31116,0.872109
31117,0.735793
31118,0.922949
31119,0.86826
31120,0.740386
31121,0.793892
31122,0.892128
31123,0.073212
31124,0.748159
31125,0.697418
31126,0.979391
31127,0.317839
31128,0.741293
31129,0.725131
31130,0.678501
31131,0.795257
31132,0.901494
31133,0.615813
31134,0.956493
31135,0.685306
31136,0.764752
31137,0.83175
31138,0.607721
31139,0.453411
31140,0.918572
31141,0.83258
31142,0.978446
31143,0.293685
31144,0.824171
31145,0.876481
31146,0.647763
31147,0.605745
31148,0.620271
31149,0.853093
31150,0.445906
31151,0.618114
31152,0.770827
31153,0.841454
31154,0.648504
31155,0.850978
31156,0.50718
31157,0.746678
31158,0.534666
31159,0.701101
31160,0.81303
31161,0.50181
31162,0.784367
31163,0.654513
31164,0.550076
31165,0.976112
31166,0.349224
31167,0.782928
31168,0.680048
31169,0.697509
31170,0.785606
31171,0.790699
31172,0.665034
31173,0.672698
31174,0.960175
31175,0.456566
31176,0.839621
31177,0.72069
31178,0.976405
31179,0.536798
31180,0.740672
31181,0.296163
31182,0.566924
31183,0.8768
31184,0.566428
31185,0.556578
31186,0.204826
31187,0.585603
31188,0.781453
31189,0.072654
31190,0.736689
31191,0.743219
31192,0.784581
31193,0.666513
31194,0.773709
31195,0.759965
31196,0.912646
31197,0.630764
31198,0.981142
31199,0.835354
31200,0.909506
31201,0.971959
31202,0.889184
31203,0.825748
31204,0.885235
31205,0.568003
31206,0.574904
31207,0.932273
31208,0.882922
31209,0.537132
31210,0.648991
31211,0.831503
31212,0.743417
31213,0.861126
31214,0.767213
31215,0.792902
31216,0.627036
31217,0.543491
31218,0.76788
31219,0.704785
31220,0.718776
31221,0.942864
31222,0.685862
31223,0.761919
31224,0.980232
31225,0.948999
31226,0.66123
31227,0.64648
31228,0.440122
31229,0.747723
31230,0.880366
31231,0.7942
31232,0.587431
31233,0.610706
31234,0.438809
31235,0.81424
31236,0.861757
31237,0.59487
31238,0.923044
31239,0.465155
31240,0.774994
31241,0.790709
31242,0.619399
31243,0.079
31244,0.351204
31245,0.97789
31246,0.595038
31247,0.586394
31248,0.712486
31249,0.75435
31250,0.683683
31251,0.926682
31252,0.97952
31253,0.728153
31254,0.767978
31255,0.357561
31256,0.68192
31257,0.358114
31258,0.904061
31259,0.557901
31260,0.930959
31261,0.806196
31262,0.858802
31263,0.866546
31264,0.196586
31265,0.892764
31266,0.878073
31267,0.982875
31268,0.625181
31269,0.782245
31270,0.97907
31271,0.934612
31272,0.561059
31273,0.724826
31274,0.963112
31275,0.854141
31276,0.951504
31277,0.414618
31278,0.969614
31279,0.938615
31280,0.925219
31281,0.840771
31282,0.826104
31283,0.202792
31284,0.814524
31285,0.732623
31286,0.667513
31287,0.415382
31288,0.980032
31289,0.966044
31290,0.981108
31291,0.472488
31292,0.893016
31293,0.929513
31294,0.69616
31295,0.871987
31296,0.434323
31297,0.64796
31298,0.550677
31299,0.889256
31300,0.804681
31301,0.577539
31302,0.673242
31303,0.413625
31304,0.644166
31305,0.722224
31306,0.859083
31307,0.550464
31308,0.737142
31309,0.821023
31310,0.592872
31311,0.727131
31312,0.768916
31313,0.975025
31314,0.906188
31315,0.115223
31316,0.864777
31317,0.697009
31318,0.748431
31319,0.733671
31320,0.729339
31321,0.986548
31322,0.979398
31323,0.726258
31324,0.847369
31325,0.764228
31326,0.340823
31327,0.71484
31328,0.972607
31329,0.967802
31330,0.477854
31331,0.523146
31332,0.963354
31333,0.812132
31334,0.987013
31335,0.98108
31336,0.738272
31337,0.622704
31338,0.480548
31339,0.832886
31340,0.865333
31341,0.214574
31342,0.920808
31343,0.654832
31344,0.678331
31345,0.784099
31346,0.572785
31347,0.604027
31348,0.515548
31349,0.415081
31350,0.695317
31351,0.884307
31352,0.813215
31353,0.82585
31354,0.904712
31355,0.664408
31356,0.889812
31357,0.43288
31358,0.668808
31359,0.855063
31360,0.314273
31361,0.644066
31362,0.655174
31363,0.972987
31364,0.687339
31365,0.977437
31366,0.816496
31367,0.806234
31368,0.757474
31369,0.802268
31370,0.749807
31371,0.917002
31372,0.992096
31373,0.889199
31374,0.890619
31375,0.590787
31376,0.68833
31377,0.787193
31378,0.724612
31379,0.781013
31380,0.767395
31381,0.873753
31382,0.914839
31383,0.088838
31384,0.777598
31385,0.461468
31386,0.850078
31387,0.508098
31388,0.887342
31389,0.845215
31390,0.61333
31391,0.535238
31392,0.658172
31393,0.972832
31394,0.857758
31395,0.951133
31396,0.794966
31397,0.678704
31398,0.863284
31399,0.777134
31400,0.115975
31401,0.115017
31402,0.867775
31403,0.907787
31404,0.550978
31405,0.535152
31406,0.456227
31407,0.956054
31408,0.431983
31409,0.667031
31410,0.616986
31411,0.614484
31412,0.773972
31413,0.836118
31414,0.663301
31415,0.977037
31416,0.654201
31417,0.742623
31418,0.955078
31419,0.846904
31420,0.927251
31421,0.429081
31422,0.563879
31423,0.545037
31424,0.945308
31425,0.589608
31426,0.968047
31427,0.797471
31428,0.677407
31429,0.606925
31430,0.705408
31431,0.786551
31432,0.573131
31433,0.684434
31434,0.92426
31435,0.637779
31436,0.843448
31437,0.49144
31438,0.980131
31439,0.752283
31440,0.804832
31441,0.808106
31442,0.809518
31443,0.418136
31444,0.5912
31445,0.822469
31446,0.763744
31447,0.905217
31448,0.607407
31449,0.7339
31450,0.825827
31451,0.471014
31452,0.61189
31453,0.804716
31454,0.715962
31455,0.741396
31456,0.762379
31457,0.509268
31458,0.765751
31459,0.692145
31460,0.480198
31461,0.633331
31462,0.318017
31463,0.850197
31464,0.976584
31465,0.589764
31466,0.687849
31467,0.670888
31468,0.752143
31469,0.829674
31470,0.746085
31471,0.874188
31472,0.954213
31473,0.536305
31474,0.910572
31475,0.844842
31476,0.987597
31477,0.140232
31478,0.951196
31479,0.961411
31480,0.481904
31481,0.907906
31482,0.954659
31483,0.917423
31484,0.992412
31485,0.891965
31486,0.911034
31487,0.976513
31488,0.946254
31489,0.883031
31490,0.69874
31491,0.414021
31492,0.61842
31493,0.294053
31494,0.565505
31495,0.869953
31496,0.8601
31497,0.594306
31498,0.671318
31499,0.906574
31500,0.597845
31501,0.495395
31502,0.69438
31503,0.675386
31504,0.874823
31505,0.966968
31506,0.985581
31507,0.79551
31508,0.874511
31509,0.755283
31510,0.901358
31511,0.820439
31512,0.716125
31513,0.883763
31514,0.124904
31515,0.911184
31516,0.924993
31517,0.729014
31518,0.758109
31519,0.633509
31520,0.751321
31521,0.662411
31522,0.909615
31523,0.873222
31524,0.130171
31525,0.544509
31526,0.653743
31527,0.87934
31528,0.789637
31529,0.439666
31530,0.988964
31531,0.75643
31532,0.810675
31533,0.73398
31534,0.696307
31535,0.847606
31536,0.634984
31537,0.812484
31538,0.735048
31539,0.831283
31540,0.456108
31541,0.684364
31542,0.499331
31543,0.698677
31544,0.975953
31545,0.811148
31546,0.086741
31547,0.65429
31548,0.869245
31549,0.578874
31550,0.85584
31551,0.535727
31552,0.696111
31553,0.254117
31554,0.063897
31555,0.728962
31556,0.850246
31557,0.44114
31558,0.395
31559,0.897262
31560,0.952267
31561,0.750515
31562,0.971633
31563,0.95148
31564,0.80838
31565,0.891776
31566,0.525807
31567,0.995556
31568,0.769782
31569,0.974277
31570,0.75113
31571,0.791688
31572,0.498863
31573,0.993868
31574,0.979061
31575,0.870242
31576,0.946855
31577,0.835058
31578,0.954669
31579,0.555101
31580,0.289428
31581,0.660402
31582,0.539711
31583,0.912185
31584,0.650032
31585,0.596358
31586,0.509506
31587,0.295278
31588,0.718176
31589,0.842023
31590,0.673578
31591,0.624516
31592,0.358343
31593,0.554396
31594,0.839456
31595,0.111589
31596,0.776796
31597,0.958403
31598,0.456425
31599,0.922098
31600,0.890212
31601,0.953513
31602,0.440225
31603,0.742924
31604,0.846959
31605,0.976388
31606,0.514324
31607,0.777862
31608,0.619154
31609,0.650331
31610,0.655055
31611,0.620208
31612,0.905311
31613,0.589571
31614,0.61373
31615,0.798313
31616,0.550079
31617,0.263611
31618,0.812657
31619,0.568579
31620,0.942197
31621,0.819938
31622,0.624373
31623,0.873751
31624,0.875282
31625,0.627761
31626,0.819215
31627,0.4991
31628,0.757511
31629,0.811825
31630,0.868755
31631,0.88072
31632,0.67828
31633,0.620273
31634,0.956589
31635,0.757321
31636,0.613424
31637,0.977434
31638,0.957079
31639,0.774923
31640,0.686109
31641,0.959243
31642,0.890665
31643,0.664804
31644,0.227455
31645,0.548335
31646,0.177211
31647,0.762979
31648,0.785967
31649,0.847798
31650,0.604957
31651,0.381087
31652,0.566627
31653,0.789924
31654,0.738903
31655,0.837629
31656,0.662792
31657,0.774519
31658,0.914283
31659,0.80414
31660,0.957912
31661,0.642226
31662,0.796503
31663,0.580633
31664,0.595494
31665,0.568249
31666,0.673351
31667,0.85885
31668,0.869586
31669,0.854964
31670,0.742122
31671,0.80097
31672,0.802235
31673,0.669853
31674,0.701237
31675,0.806759
31676,0.912992
31677,0.722168
31678,0.980529
31679,0.675789
31680,0.635895
31681,0.535905
31682,0.400397
31683,0.900999
31684,0.941008
31685,0.976308
31686,0.767193
31687,0.934072
31688,0.79022
31689,0.496407
31690,0.763955
31691,0.978797
31692,0.640897
31693,0.613221
31694,0.708872
31695,0.678096
31696,0.735723
31697,0.901071
31698,0.671273
31699,0.515053
31700,0.887145
31701,0.615263
31702,0.827922
31703,0.602595
31704,0.677893
31705,0.539695
31706,0.852045
31707,0.532727
31708,0.864006
31709,0.364678
31710,0.390562
31711,0.689957
31712,0.847408
31713,0.940405
31714,0.985396
31715,0.889899
31716,0.810733
31717,0.704604
31718,0.707766
31719,0.529635
31720,0.689546
31721,0.827228
31722,0.98401
31723,0.648263
31724,0.162132
31725,0.569891
31726,0.874238
31727,0.56849
31728,0.424238
31729,0.212377
31730,0.783826
31731,0.452544
31732,0.804444
31733,0.642558
31734,0.785505
31735,0.667832
31736,0.963534
31737,0.825345
31738,0.91902
31739,0.919801
31740,0.28356
31741,0.831738
31742,0.478815
31743,0.969618
31744,0.68933
31745,0.165653
31746,0.893689
31747,0.854922
31748,0.945017
31749,0.599915
31750,0.681052
31751,0.742009
31752,0.777704
31753,0.533235
31754,0.88885
31755,0.792391
31756,0.921311
31757,0.758061
31758,0.704475
31759,0.811976
31760,0.700269
31761,0.218602
31762,0.915176
31763,0.398452
31764,0.852068
31765,0.659165
31766,0.572394
31767,0.558552
31768,0.831467
31769,0.873598
31770,0.796665
31771,0.279425
31772,0.898998
31773,0.829293
31774,0.734773
31775,0.350299
31776,0.944928
31777,0.229426
31778,0.905892
31779,0.678703
31780,0.689411
31781,0.669913
31782,0.782527
31783,0.488077
31784,0.876981
31785,0.384743
31786,0.830741
31787,0.093883
31788,0.964307
31789,0.712094
31790,0.787167
31791,0.609272
31792,0.809352
31793,0.7718
31794,0.785508
31795,0.464202
31796,0.846195
31797,0.442094
31798,0.745474
31799,0.530464
31800,0.829206
31801,0.731762
31802,0.946465
31803,0.581482
31804,0.927902
31805,0.373075
31806,0.584758
31807,0.930692
31808,0.55613
31809,0.640115
31810,0.598368
31811,0.812436
31812,0.7476
31813,0.762926
31814,0.464043
31815,0.543043
31816,0.79655
31817,0.881126
31818,0.565968
31819,0.871104
31820,0.717032
31821,0.96141
31822,0.852812
31823,0.576815
31824,0.822762
31825,0.576427
31826,0.071285
31827,0.768488
31828,0.975091
31829,0.82874
31830,0.742795
31831,0.863843
31832,0.517797
31833,0.946617
31834,0.582252
31835,0.777918
31836,0.545142
31837,0.722157
31838,0.922849
31839,0.891968
31840,0.719
31841,0.441551
31842,0.457178
31843,0.8495
31844,0.985494
31845,0.946124
31846,0.851968
31847,0.902033
31848,0.392546
31849,0.78815
31850,0.381216
31851,0.971224
31852,0.853868
31853,0.724911
31854,0.639026
31855,0.761966
31856,0.840085
31857,0.879208
31858,0.642245
31859,0.818335
31860,0.676981
31861,0.654575
31862,0.686384
31863,0.958363
31864,0.778271
31865,0.346539
31866,0.977778
31867,0.892854
31868,0.648712
31869,0.658227
31870,0.888978
31871,0.878775
31872,0.944777
31873,0.774296
31874,0.759007
31875,0.847321
31876,0.972738
31877,0.619804
31878,0.962513
31879,0.954121
31880,0.736498
31881,0.885908
31882,0.827421
31883,0.899504
31884,0.977154
31885,0.720623
31886,0.905443
31887,0.533328
31888,0.924053
31889,0.62893
31890,0.652361
31891,0.895873
31892,0.975684
31893,0.808698
31894,0.904851
31895,0.69577
31896,0.672957
31897,0.952903
31898,0.435852
31899,0.670213
31900,0.779092
31901,0.722615
31902,0.809162
31903,0.423039
31904,0.829587
31905,0.787394
31906,0.867581
31907,0.700774
31908,0.737892
31909,0.747079
31910,0.826442
31911,0.698525
31912,0.653365
31913,0.393995
31914,0.970384
31915,0.972747
31916,0.821743
31917,0.92542
31918,0.604758
31919,0.755898
31920,0.975284
31921,0.77693
31922,0.958693
31923,0.613088
31924,0.746538
31925,0.097509
31926,0.644997
31927,0.61762
31928,0.760514
31929,0.632176
31930,0.892873
31931,0.754094
31932,0.777938
31933,0.765089
31934,0.745633
31935,0.69233
31936,0.723615
31937,0.70429
31938,0.654705
31939,0.643064
31940,0.559574
31941,0.784159
31942,0.57965
31943,0.636449
31944,0.845912
31945,0.697573
31946,0.987268
31947,0.870195
31948,0.563305
31949,0.856461
31950,0.932447
31951,0.800576
31952,0.76875
31953,0.602134
31954,0.392065
31955,0.629458
31956,0.986892
31957,0.483677
31958,0.707728
31959,0.76933
31960,0.707605
31961,0.663479
31962,0.791122
31963,0.766915
31964,0.54241
31965,0.827404
31966,0.870567
31967,0.513841
31968,0.971159
31969,0.889447
31970,0.072677
31971,0.901988
31972,0.421937
31973,0.738254
31974,0.709861
31975,0.745233
31976,0.44094
31977,0.968218
31978,0.620511
31979,0.722738
31980,0.974189
31981,0.646095
31982,0.500907
31983,0.476584
31984,0.570471
31985,0.879392
31986,0.468771
31987,0.617647
31988,0.651496
31989,0.218523
31990,0.682068
31991,0.700806
31992,0.845953
31993,0.641246
31994,0.15591
31995,0.906257
31996,0.732304
31997,0.980517
31998,0.69056
31999,0.675462
32000,0.869512
32001,0.826052
32002,0.716988
32003,0.772386
32004,0.967805
32005,0.723466
32006,0.660714
32007,0.968243
32008,0.526564
32009,0.695021
32010,0.915911
32011,0.953175
32012,0.718841
32013,0.686086
32014,0.850637
32015,0.608455
32016,0.664558
32017,0.545231
32018,0.773715
32019,0.37277
32020,0.854346
32021,0.658624
32022,0.635505
32023,0.683237
32024,0.624561
32025,0.610088
32026,0.78759
32027,0.775801
32028,0.930625
32029,0.676624
32030,0.853629
32031,0.872723
32032,0.755395
32033,0.472093
32034,0.936724
32035,0.786425
32036,0.820312
32037,0.618501
32038,0.670836
32039,0.842876
32040,0.7055
32041,0.94053
32042,0.708535
32043,0.553712
32044,0.760847
32045,0.981841
32046,0.941958
32047,0.9878
32048,0.982827
32049,0.762129
32050,0.73763
32051,0.54874
32052,0.578352
32053,0.390114
32054,0.688618
32055,0.757407
32056,0.803027
32057,0.686039
32058,0.709313
32059,0.689735
32060,0.715356
32061,0.139438
32062,0.349313
32063,0.975981
32064,0.459659
32065,0.858546
32066,0.677984
32067,0.920685
32068,0.74271
32069,0.961471
32070,0.75009
32071,0.666881
32072,0.863225
32073,0.238131
32074,0.943446
32075,0.592928
32076,0.705071
32077,0.476327
32078,0.968472
32079,0.673022
32080,0.246904
32081,0.399898
32082,0.500557
32083,0.706681
32084,0.669246
32085,0.274941
32086,0.426071
32087,0.641703
32088,0.674554
32089,0.045946
32090,0.861725
32091,0.951287
32092,0.953709
32093,0.645626
32094,0.615983
32095,0.550845
32096,0.950149
32097,0.548881
32098,0.786013
32099,0.252628
32100,0.44113
32101,0.777256
32102,0.789689
32103,0.718909
32104,0.971826
32105,0.964712
32106,0.733862
32107,0.760072
32108,0.679165
32109,0.260295
32110,0.536726
32111,0.729886
32112,0.944071
32113,0.675298
32114,0.573743
32115,0.602546
32116,0.736554
32117,0.727173
32118,0.762351
32119,0.661688
32120,0.974389
32121,0.630974
32122,0.611648
32123,0.735787
32124,0.85875
32125,0.65805
32126,0.468419
32127,0.667355
32128,0.661973
32129,0.689114
32130,0.657251
32131,0.754701
32132,0.757639
32133,0.74549
32134,0.537555
32135,0.060814
32136,0.576475
32137,0.859109
32138,0.48513
32139,0.953585
32140,0.625362
32141,0.428265
32142,0.852822
32143,0.448773
32144,0.423452
32145,0.845962
32146,0.826982
32147,0.915494
32148,0.690538
32149,0.650852
32150,0.655592
32151,0.488149
32152,0.823873
32153,0.510624
32154,0.844589
32155,0.033657
32156,0.669235
32157,0.877125
32158,0.416476
32159,0.531316
32160,0.694538
32161,0.798421
32162,0.732333
32163,0.622659
32164,0.674728
32165,0.710314
32166,0.260587
32167,0.801397
32168,0.678087
32169,0.717235
32170,0.849108
32171,0.047146
32172,0.986783
32173,0.936728
32174,0.901795
32175,0.607872
32176,0.716535
32177,0.625983
32178,0.672907
32179,0.405655
32180,0.733249
32181,0.909016
32182,0.8739
32183,0.511197
32184,0.786453
32185,0.93719
32186,0.986742
32187,0.92568
32188,0.607774
32189,0.913495
32190,0.930088
32191,0.583309
32192,0.953819
32193,0.556703
32194,0.487879
32195,0.921307
32196,0.590618
32197,0.739655
32198,0.926386
32199,0.667588
32200,0.527543
32201,0.703432
32202,0.711592
32203,0.897083
32204,0.831946
32205,0.607692
32206,0.976095
32207,0.966826
32208,0.973029
32209,0.409728
32210,0.940401
32211,0.985952
32212,0.649599
32213,0.654291
32214,0.923396
32215,0.982777
32216,0.886382
32217,0.385613
32218,0.639697
32219,0.813717
32220,0.973436
32221,0.844919
32222,0.884197
32223,0.338204
32224,0.678951
32225,0.843404
32226,0.152298
32227,0.689221
32228,0.883542
32229,0.707927
32230,0.895145
32231,0.863607
32232,0.793211
32233,0.562002
32234,0.599904
32235,0.543
32236,0.515451
32237,0.776087
32238,0.492932
32239,0.54012
32240,0.519957
32241,0.432216
32242,0.80951
32243,0.861461
32244,0.855027
32245,0.742997
32246,0.677354
32247,0.637556
32248,0.934462
32249,0.672635
32250,0.661011
32251,0.940939
32252,0.8507
32253,0.682661
32254,0.782592
32255,0.622704
32256,0.951252
32257,0.816922
32258,0.981035
32259,0.7576
32260,0.741709
32261,0.889655
32262,0.75352
32263,0.717377
32264,0.801117
32265,0.569305
32266,0.976034
32267,0.660479
32268,0.595363
32269,0.769814
32270,0.973382
32271,0.83111
32272,0.487142
32273,0.381627
32274,0.775417
32275,0.891533
32276,0.396387
32277,0.870092
32278,0.935549
32279,0.648151
32280,0.216352
32281,0.67942
32282,0.960724
32283,0.858186
32284,0.917386
32285,0.642829
32286,0.829356
32287,0.704962
32288,0.989288
32289,0.944342
32290,0.847843
32291,0.795336
32292,0.5294
32293,0.849247
32294,0.698186
32295,0.676394
32296,0.809018
32297,0.928926
32298,0.944059
32299,0.639239
32300,0.92089
32301,0.750206
32302,0.740859
32303,0.62825
32304,0.859245
32305,0.627762
32306,0.616541
32307,0.863511
32308,0.828556
32309,0.87637
32310,0.458209
32311,0.933482
32312,0.595811
32313,0.600894
32314,0.845727
32315,0.630399
32316,0.846459
32317,0.470558
32318,0.770584
32319,0.785922
32320,0.674182
32321,0.731534
32322,0.690698
32323,0.468687
32324,0.674601
32325,0.873692
32326,0.983086
32327,0.102878
32328,0.98797
32329,0.710402
32330,0.811443
32331,0.88991
32332,0.827421
32333,0.779096
32334,0.904819
32335,0.636122
32336,0.729547
32337,0.704923
32338,0.883817
32339,0.858345
32340,0.951508
32341,0.821898
32342,0.470802
32343,0.548117
32344,0.665797
32345,0.793173
32346,0.741193
32347,0.221521
32348,0.142444
32349,0.638412
32350,0.69323
32351,0.517956
32352,0.742324
32353,0.918584
32354,0.717186
32355,0.697698
32356,0.640677
32357,0.686056
32358,0.860912
32359,0.732349
32360,0.682671
32361,0.470635
32362,0.975924
32363,0.862566
32364,0.682656
32365,0.933389
32366,0.646222
32367,0.770151
32368,0.97217
32369,0.659786
32370,0.800745
32371,0.916177
32372,0.831307
32373,0.899186
32374,0.444647
32375,0.793158
32376,0.725247
32377,0.667806
32378,0.753867
32379,0.676757
32380,0.592504
32381,0.852345
32382,0.550677
32383,0.872347
32384,0.770297
32385,0.651778
32386,0.6888
32387,0.969381
32388,0.883849
32389,0.547159
32390,0.948804
32391,0.051718
32392,0.661088
32393,0.930872
32394,0.744367
32395,0.609465
32396,0.812005
32397,0.059253
32398,0.510145
32399,0.826491
32400,0.647509
32401,0.97397
32402,0.6593
32403,0.878026
32404,0.46084
32405,0.154291
32406,0.770815
32407,0.889874
32408,0.593809
32409,0.760733
32410,0.68766
32411,0.55263
32412,0.666243
32413,0.627001
32414,0.128677
32415,0.73038
32416,0.939776
32417,0.963991
32418,0.984532
32419,0.495872
32420,0.708045
32421,0.921734
32422,0.733026
32423,0.74718
32424,0.783641
32425,0.823463
32426,0.911859
32427,0.608957
32428,0.690902
32429,0.957811
32430,0.864867
32431,0.93406
32432,0.760674
32433,0.879271
32434,0.972904
32435,0.737783
32436,0.734421
32437,0.748821
32438,0.995128
32439,0.593478
32440,0.812905
32441,0.674475
32442,0.965559
32443,0.859868
32444,0.769091
32445,0.261439
32446,0.77897
32447,0.812137
32448,0.755542
32449,0.927125
32450,0.843378
32451,0.635096
32452,0.84035
32453,0.801803
32454,0.734568
32455,0.548963
32456,0.860593
32457,0.625162
32458,0.712007
32459,0.929635
32460,0.577403
32461,0.907433
32462,0.290905
32463,0.731617
32464,0.784043
32465,0.65977
32466,0.947455
32467,0.75701
32468,0.595049
32469,0.485977
32470,0.883953
32471,0.804688
32472,0.624734
32473,0.705002
32474,0.918431
32475,0.423386
32476,0.323651
32477,0.70741
32478,0.068629
32479,0.625268
32480,0.520364
32481,0.813331
32482,0.873461
32483,0.917554
32484,0.945068
32485,0.818315
32486,0.63637
32487,0.620176
32488,0.538377
32489,0.897152
32490,0.911156
32491,0.738744
32492,0.993748
32493,0.723982
32494,0.693705
32495,0.689035
32496,0.709033
32497,0.796544
32498,0.408856
32499,0.825911
32500,0.796085
32501,0.492768
32502,0.839681
32503,0.621472
32504,0.84173
32505,0.716836
32506,0.97096
32507,0.883375
32508,0.650352
32509,0.873276
32510,0.792617
32511,0.723049
32512,0.745736
32513,0.074723
32514,0.621265
32515,0.84728
32516,0.80304
32517,0.648595
32518,0.546223
32519,0.959127
32520,0.740699
32521,0.493113
32522,0.968919
32523,0.817863
32524,0.509309
32525,0.382483
32526,0.718557
32527,0.685344
32528,0.806319
32529,0.419203
32530,0.944552
32531,0.749699
32532,0.451978
32533,0.666341
32534,0.857657
32535,0.854559
32536,0.666181
32537,0.980558
32538,0.727994
32539,0.861468
32540,0.548698
32541,0.96861
32542,0.451181
32543,0.710922
32544,0.887064
32545,0.461244
32546,0.402221
32547,0.9328
32548,0.909112
32549,0.972024
32550,0.684352
32551,0.561762
32552,0.815787
32553,0.708918
32554,0.441799
32555,0.673937
32556,0.749642
32557,0.747144
32558,0.55541
32559,0.570703
32560,0.710194
32561,0.800783
32562,0.97832
32563,0.850344
32564,0.10841
32565,0.679623
32566,0.870078
32567,0.951156
32568,0.770245
32569,0.743972
32570,0.907102
32571,0.575033
32572,0.43124
32573,0.824548
32574,0.881975
32575,0.66088
32576,0.923017
32577,0.712676
32578,0.697079
32579,0.490327
32580,0.973639
32581,0.914218
32582,0.644802
32583,0.787902
32584,0.736789
32585,0.574121
32586,0.337908
32587,0.58465
32588,0.734318
32589,0.65749
32590,0.868616
32591,0.96485
32592,0.806342
32593,0.276088
32594,0.921978
32595,0.716442
32596,0.688838
32597,0.432395
32598,0.678278
32599,0.764264
32600,0.895642
32601,0.576064
32602,0.694847
32603,0.692354
32604,0.715683
32605,0.984947
32606,0.614653
32607,0.644656
32608,0.53786
32609,0.83878
32610,0.558519
32611,0.736828
32612,0.712416
32613,0.878519
32614,0.579263
32615,0.59587
32616,0.975163
32617,0.669603
32618,0.562516
32619,0.542106
32620,0.792341
32621,0.900329
32622,0.951099
32623,0.8318
32624,0.687538
32625,0.754186
32626,0.877334
32627,0.440718
32628,0.751976
32629,0.941747
32630,0.773797
32631,0.820989
32632,0.855431
32633,0.752314
32634,0.925255
32635,0.744249
32636,0.635185
32637,0.956756
32638,0.665766
32639,0.796345
32640,0.764174
32641,0.887287
32642,0.967476
32643,0.626886
32644,0.332525
32645,0.791066
32646,0.799712
32647,0.398275
32648,0.636494
32649,0.929712
32650,0.989249
32651,0.549347
32652,0.969383
32653,0.671414
32654,0.479532
32655,0.710459
32656,0.605437
32657,0.960078
32658,0.467065
32659,0.415704
32660,0.741838
32661,0.617138
32662,0.661008
32663,0.388575
32664,0.980328
32665,0.767088
32666,0.886113
32667,0.640545
32668,0.768691
32669,0.976979
32670,0.965105
32671,0.693755
32672,0.603383
32673,0.615037
32674,0.639259
32675,0.926506
32676,0.670312
32677,0.795493
32678,0.623261
32679,0.971708
32680,0.824426
32681,0.663557
32682,0.087029
32683,0.715322
32684,0.91556
32685,0.27512
32686,0.881217
32687,0.90533
32688,0.9116
32689,0.915159
32690,0.759339
32691,0.60836
32692,0.673371
32693,0.52076
32694,0.943303
32695,0.783747
32696,0.635843
32697,0.807764
32698,0.559995
32699,0.263944
32700,0.844089
32701,0.659949
32702,0.750875
32703,0.879124
32704,0.764009
32705,0.628878
32706,0.772107
32707,0.51073
32708,0.842554
32709,0.677318
32710,0.502124
32711,0.671651
32712,0.833635
32713,0.737006
32714,0.887924
32715,0.890156
32716,0.793742
32717,0.691951
32718,0.947967
32719,0.974972
32720,0.527993
32721,0.631882
32722,0.534867
32723,0.583234
32724,0.978897
32725,0.403607
32726,0.383295
32727,0.909309
32728,0.917415
32729,0.630524
32730,0.579922
32731,0.147977
32732,0.707921
32733,0.758041
32734,0.739088
32735,0.931065
32736,0.800522
32737,0.889703
32738,0.958273
32739,0.836972
32740,0.784926
32741,0.693864
32742,0.049893
32743,0.733402
32744,0.574535
32745,0.16052
32746,0.87594
32747,0.838276
32748,0.133852
32749,0.690396
32750,0.551441
32751,0.763187
32752,0.947853
32753,0.91704
32754,0.76419
32755,0.974254
32756,0.673214
32757,0.899477
32758,0.884315
32759,0.498633
32760,0.788966
32761,0.964952
32762,0.673166
32763,0.741086
32764,0.728
32765,0.070984
32766,0.417254
32767,0.506425
32768,0.66161
32769,0.990446
32770,0.590891
32771,0.709791
32772,0.586471
32773,0.811196
32774,0.770984
32775,0.955188
32776,0.873965
32777,0.944111
32778,0.576506
32779,0.762453
32780,0.877256
32781,0.588319
32782,0.777077
32783,0.725374
32784,0.875192
32785,0.430702
32786,0.117175
32787,0.716226
32788,0.713002
32789,0.82711
32790,0.705305
32791,0.891835
32792,0.866747
32793,0.602745
32794,0.580795
32795,0.768906
32796,0.497497
32797,0.989066
32798,0.755092
32799,0.771908
32800,0.703973
32801,0.985799
32802,0.671443
32803,0.978109
32804,0.332706
32805,0.867821
32806,0.828768
32807,0.201969
32808,0.824779
32809,0.577488
32810,0.712922
32811,0.709241
32812,0.906361
32813,0.758591
32814,0.877447
32815,0.771302
32816,0.893173
32817,0.769216
32818,0.716204
32819,0.330282
32820,0.706952
32821,0.632084
32822,0.608644
32823,0.819996
32824,0.921114
32825,0.258153
32826,0.860342
32827,0.829014
32828,0.777824
32829,0.80422
32830,0.490652
32831,0.84917
32832,0.791788
32833,0.539459
32834,0.713458
32835,0.711651
32836,0.730571
32837,0.582298
32838,0.872889
32839,0.877714
32840,0.739409
32841,0.706859
32842,0.897481
32843,0.822375
32844,0.765153
32845,0.850465
32846,0.587417
32847,0.907137
32848,0.843682
32849,0.491313
32850,0.821751
32851,0.536933
32852,0.747107
32853,0.780816
32854,0.47081
32855,0.719966
32856,0.932386
32857,0.632774
32858,0.723602
32859,0.8414
32860,0.824029
32861,0.484841
32862,0.803882
32863,0.489966
32864,0.863625
32865,0.398535
32866,0.958783
32867,0.660066
32868,0.578421
32869,0.851542
32870,0.704429
32871,0.632147
32872,0.470269
32873,0.577024
32874,0.740349
32875,0.75908
32876,0.791335
32877,0.87922
32878,0.751195
32879,0.80747
32880,0.093812
32881,0.929806
32882,0.755855
32883,0.865564
32884,0.980085
32885,0.930519
32886,0.910827
32887,0.782995
32888,0.402597
32889,0.738315
32890,0.764751
32891,0.950255
32892,0.700544
32893,0.210209
32894,0.853163
32895,0.93697
32896,0.652196
32897,0.603005
32898,0.921285
32899,0.612847
32900,0.909761
32901,0.6243
32902,0.616968
32903,0.766183
32904,0.285273
32905,0.983097
32906,0.700822
32907,0.926192
32908,0.771748
32909,0.934455
32910,0.759564
32911,0.868979
32912,0.786566
32913,0.974466
32914,0.493667
32915,0.971726
32916,0.470384
32917,0.936619
32918,0.982649
32919,0.83535
32920,0.329815
32921,0.441453
32922,0.566413
32923,0.656641
32924,0.990253
32925,0.721096
32926,0.937341
32927,0.971586
32928,0.268679
32929,0.734505
32930,0.820909
32931,0.841301
32932,0.695359
32933,0.694244
32934,0.950386
32935,0.736079
32936,0.551939
32937,0.960666
32938,0.590916
32939,0.664187
32940,0.698478
32941,0.708157
32942,0.673682
32943,0.903671
32944,0.971938
32945,0.943059
32946,0.785226
32947,0.721032
32948,0.968749
32949,0.522034
32950,0.96893
32951,0.887474
32952,0.693758
32953,0.84297
32954,0.793958
32955,0.552409
32956,0.941907
32957,0.615151
32958,0.658744
32959,0.920812
32960,0.72082
32961,0.786895
32962,0.91684
32963,0.185146
32964,0.771245
32965,0.741428
32966,0.592936
32967,0.787661
32968,0.909908
32969,0.667784
32970,0.913539
32971,0.339054
32972,0.839044
32973,0.610374
32974,0.617198
32975,0.389464
32976,0.66031
32977,0.799723
32978,0.810166
32979,0.898066
32980,0.874533
32981,0.907503
32982,0.466461
32983,0.939176
32984,0.599511
32985,0.82327
32986,0.848643
32987,0.535034
32988,0.586668
32989,0.66607
32990,0.897961
32991,0.963997
32992,0.76469
32993,0.900462
32994,0.535402
32995,0.826354
32996,0.614248
32997,0.728896
32998,0.943685
32999,0.659839
33000,0.509553
33001,0.791452
33002,0.905357
33003,0.825194
33004,0.402885
33005,0.9309
33006,0.436188
33007,0.608074
33008,0.463199
33009,0.719004
33010,0.982589
33011,0.183201
33012,0.493791
33013,0.806017
33014,0.746335
33015,0.953631
33016,0.618227
33017,0.895467
33018,0.553574
33019,0.833699
33020,0.975857
33021,0.809243
33022,0.505988
33023,0.872038
33024,0.591963
33025,0.97549
33026,0.76528
33027,0.593513
33028,0.788046
33029,0.841383
33030,0.74304
33031,0.816375
33032,0.985296
33033,0.889564
33034,0.901262
33035,0.888286
33036,0.724079
33037,0.598157
33038,0.941126
33039,0.712702
33040,0.862519
33041,0.725998
33042,0.136436
33043,0.974469
33044,0.702767
33045,0.840913
33046,0.682504
33047,0.386861
33048,0.627778
33049,0.440725
33050,0.935798
33051,0.181982
33052,0.977701
33053,0.541736
33054,0.98809
33055,0.315
33056,0.853803
33057,0.575266
33058,0.942765
33059,0.763722
33060,0.573663
33061,0.280846
33062,0.522083
33063,0.927465
33064,0.533752
33065,0.626473
33066,0.414228
33067,0.929636
33068,0.199405
33069,0.861413
33070,0.923192
33071,0.874797
33072,0.722318
33073,0.602893
33074,0.60122
33075,0.032261
33076,0.637692
33077,0.658085
33078,0.722182
33079,0.48189
33080,0.749083
33081,0.877812
33082,0.915633
33083,0.922289
33084,0.734691
33085,0.681091
33086,0.743248
33087,0.799126
33088,0.51223
33089,0.716852
33090,0.728791
33091,0.955493
33092,0.82047
33093,0.573477
33094,0.767279
33095,0.703486
33096,0.963935
33097,0.708789
33098,0.611477
33099,0.527749
33100,0.981335
33101,0.753703
33102,0.94378
33103,0.386223
33104,0.893468
33105,0.94436
33106,0.610237
33107,0.524064
33108,0.749252
33109,0.517059
33110,0.699572
33111,0.772306
33112,0.908068
33113,0.394306
33114,0.747217
33115,0.670544
33116,0.721836
33117,0.808475
33118,0.767735
33119,0.804429
33120,0.951275
33121,0.845066
33122,0.819858
33123,0.78173
33124,0.770098
33125,0.829995
33126,0.690975
33127,0.575197
33128,0.462188
33129,0.630164
33130,0.424133
33131,0.841737
33132,0.730564
33133,0.884132
33134,0.838904
33135,0.80198
33136,0.66981
33137,0.803218
33138,0.920362
33139,0.937799
33140,0.673834
33141,0.934257
33142,0.49504
33143,0.813254
33144,0.525127
33145,0.670891
33146,0.51857
33147,0.671209
33148,0.923712
33149,0.761873
33150,0.526711
33151,0.542369
33152,0.878905
33153,0.9073
33154,0.953729
33155,0.830245
33156,0.88394
33157,0.935205
33158,0.667903
33159,0.59838
33160,0.977195
33161,0.565543
33162,0.84382
33163,0.928723
33164,0.866123
33165,0.862017
33166,0.613806
33167,0.280925
33168,0.883466
33169,0.985589
33170,0.967649
33171,0.789608
33172,0.876843
33173,0.68952
33174,0.546801
33175,0.772907
33176,0.894895
33177,0.95647
33178,0.679681
33179,0.743419
33180,0.94537
33181,0.880664
33182,0.063907
33183,0.819033
33184,0.496616
33185,0.896928
33186,0.52487
33187,0.398542
33188,0.36871
33189,0.839843
33190,0.931748
33191,0.866603
33192,0.146367
33193,0.889326
33194,0.862709
33195,0.852854
33196,0.850692
33197,0.43585
33198,0.910747
33199,0.520236
33200,0.033018
33201,0.830839
33202,0.908639
33203,0.730726
33204,0.301147
33205,0.987964
33206,0.986062
33207,0.641917
33208,0.772987
33209,0.505889
33210,0.73835
33211,0.070999
33212,0.712813
33213,0.628226
33214,0.709484
33215,0.760899
33216,0.313789
33217,0.705288
33218,0.613538
33219,0.980402
33220,0.58029
33221,0.804077
33222,0.606455
33223,0.923331
33224,0.059779
33225,0.571736
33226,0.716596
33227,0.525701
33228,0.981849
33229,0.668575
33230,0.593107
33231,0.635
33232,0.754932
33233,0.871084
33234,0.75479
33235,0.918157
33236,0.722752
33237,0.159124
33238,0.80909
33239,0.580478
33240,0.440797
33241,0.904474
33242,0.776694
33243,0.504324
33244,0.609777
33245,0.372347
33246,0.418178
33247,0.590843
33248,0.511885
33249,0.659964
33250,0.709469
33251,0.726742
33252,0.750706
33253,0.713186
33254,0.52713
33255,0.870188
33256,0.847282
33257,0.452693
33258,0.922069
33259,0.843233
33260,0.550522
33261,0.581376
33262,0.56028
33263,0.698217
33264,0.447251
33265,0.76517
33266,0.649282
33267,0.757664
33268,0.912297
33269,0.493951
33270,0.654997
33271,0.784721
33272,0.651037
33273,0.683884
33274,0.779332
33275,0.913484
33276,0.799704
33277,0.959859
33278,0.635507
33279,0.957043
33280,0.537481
33281,0.708506
33282,0.502498
33283,0.750594
33284,0.918088
33285,0.577678
33286,0.215145
33287,0.580065
33288,0.756227
33289,0.857283
33290,0.121819
33291,0.618865
33292,0.712036
33293,0.385564
33294,0.473532
33295,0.829911
33296,0.909637
33297,0.853801
33298,0.891997
33299,0.721325
33300,0.078752
33301,0.704864
33302,0.812066
33303,0.4757
33304,0.534175
33305,0.590085
33306,0.623106
33307,0.874445
33308,0.613637
33309,0.763261
33310,0.789651
33311,0.695569
33312,0.938744
33313,0.82342
33314,0.588494
33315,0.972253
33316,0.45962
33317,0.980397
33318,0.608361
33319,0.827976
33320,0.499091
33321,0.827049
33322,0.965873
33323,0.525983
33324,0.900863
33325,0.745611
33326,0.549734
33327,0.795141
33328,0.977372
33329,0.855848
33330,0.973363
33331,0.128802
33332,0.775235
33333,0.567882
33334,0.482042
33335,0.55336
33336,0.540889
33337,0.952215
33338,0.613938
33339,0.682896
33340,0.606823
33341,0.813767
33342,0.706043
33343,0.121212
33344,0.972857
33345,0.725141
33346,0.947859
33347,0.720969
33348,0.956611
33349,0.813315
33350,0.463442
33351,0.873713
33352,0.881184
33353,0.755665
33354,0.101237
33355,0.589633
33356,0.491956
33357,0.914272
33358,0.153526
33359,0.613239
33360,0.725312
33361,0.412462
33362,0.83461
33363,0.084977
33364,0.526148
33365,0.771174
33366,0.696655
33367,0.806356
33368,0.652456
33369,0.892698
33370,0.677774
33371,0.907169
33372,0.626232
33373,0.964168
33374,0.743644
33375,0.675716
33376,0.048955
33377,0.264673
33378,0.839312
33379,0.891543
33380,0.921238
33381,0.912551
33382,0.46885
33383,0.396931
33384,0.682759
33385,0.739952
33386,0.770609
33387,0.881309
33388,0.756288
33389,0.930819
33390,0.741342
33391,0.641208
33392,0.08434
33393,0.366632
33394,0.69718
33395,0.715115
33396,0.76653
33397,0.604563
33398,0.807768
33399,0.718659
33400,0.796255
33401,0.805179
33402,0.341774
33403,0.981435
33404,0.544771
33405,0.775417
33406,0.64807
33407,0.855201
33408,0.783047
33409,0.485927
33410,0.732604
33411,0.860334
33412,0.824908
33413,0.559997
33414,0.716515
33415,0.793717
33416,0.689944
33417,0.894756
33418,0.928798
33419,0.698233
33420,0.952603
33421,0.680516
33422,0.570262
33423,0.808987
33424,0.966467
33425,0.964022
33426,0.740588
33427,0.7404
33428,0.817094
33429,0.705046
33430,0.857299
33431,0.605674
33432,0.682148
33433,0.846045
33434,0.722144
33435,0.801041
33436,0.981573
33437,0.703281
33438,0.746219
33439,0.582503
33440,0.82439
33441,0.592987
33442,0.401606
33443,0.418985
33444,0.899129
33445,0.590309
33446,0.524198
33447,0.801005
33448,0.877648
33449,0.754322
33450,0.956207
33451,0.853432
33452,0.098475
33453,0.931609
33454,0.861599
33455,0.895286
33456,0.702181
33457,0.907912
33458,0.666644
33459,0.609629
33460,0.847426
33461,0.776541
33462,0.695194
33463,0.83305
33464,0.919692
33465,0.499486
33466,0.955178
33467,0.796123
33468,0.860883
33469,0.905209
33470,0.950431
33471,0.798752
33472,0.454739
33473,0.668056
33474,0.553705
33475,0.874505
33476,0.974831
33477,0.589426
33478,0.81906
33479,0.46426
33480,0.638187
33481,0.977614
33482,0.671795
33483,0.830708
33484,0.594214
33485,0.349601
33486,0.903811
33487,0.608747
33488,0.568397
33489,0.801086
33490,0.709042
33491,0.588235
33492,0.985168
33493,0.752422
33494,0.940089
33495,0.887187
33496,0.788758
33497,0.548651
33498,0.488548
33499,0.892355
33500,0.93879
33501,0.972486
33502,0.858328
33503,0.935071
33504,0.694518
33505,0.760832
33506,0.804881
33507,0.566955
33508,0.807566
33509,0.962169
33510,0.611265
33511,0.949075
33512,0.798972
33513,0.806054
33514,0.862908
33515,0.660934
33516,0.962963
33517,0.748513
33518,0.764269
33519,0.203009
33520,0.825618
33521,0.80845
33522,0.89349
33523,0.820778
33524,0.888106
33525,0.612226
33526,0.835145
33527,0.772387
33528,0.914146
33529,0.662866
33530,0.934266
33531,0.562419
33532,0.558059
33533,0.543646
33534,0.588477
33535,0.956918
33536,0.935685
33537,0.872323
33538,0.688766
33539,0.807077
33540,0.732302
33541,0.711123
33542,0.96095
33543,0.765055
33544,0.242367
33545,0.908233
33546,0.735584
33547,0.981085
33548,0.824418
33549,0.560679
33550,0.805646
33551,0.715365
33552,0.072529
33553,0.785382
33554,0.397253
33555,0.902165
33556,0.232176
33557,0.631455
33558,0.510064
33559,0.905212
33560,0.810525
33561,0.478865
33562,0.674041
33563,0.918417
33564,0.987428
33565,0.609407
33566,0.933573
33567,0.701482
33568,0.536205
33569,0.712479
33570,0.83155
33571,0.858813
33572,0.760701
33573,0.649559
33574,0.618118
33575,0.817671
33576,0.860886
33577,0.703373
33578,0.834664
33579,0.812094
33580,0.761766
33581,0.726367
33582,0.919005
33583,0.65099
33584,0.885894
33585,0.90831
33586,0.599014
33587,0.822471
33588,0.979991
33589,0.696974
33590,0.632462
33591,0.931874
33592,0.895355
33593,0.951248
33594,0.943615
33595,0.552269
33596,0.640164
33597,0.711073
33598,0.703611
33599,0.809935
33600,0.725263
33601,0.458592
33602,0.709896
33603,0.991772
33604,0.744773
33605,0.974245
33606,0.92736
33607,0.995002
33608,0.681429
33609,0.533896
33610,0.977566
33611,0.575768
33612,0.723746
33613,0.958941
33614,0.779804
33615,0.942465
33616,0.765127
33617,0.904702
33618,0.888828
33619,0.728686
33620,0.723014
33621,0.267533
33622,0.699184
33623,0.987709
33624,0.849221
33625,0.83899
33626,0.802527
33627,0.801879
33628,0.92475
33629,0.55377
33630,0.734011
33631,0.978822
33632,0.787949
33633,0.6304
33634,0.637009
33635,0.576609
33636,0.564899
33637,0.583499
33638,0.467215
33639,0.663255
33640,0.425148
33641,0.916958
33642,0.758128
33643,0.951942
33644,0.686166
33645,0.970797
33646,0.499926
33647,0.882313
33648,0.667793
33649,0.732884
33650,0.660946
33651,0.137067
33652,0.611732
33653,0.725386
33654,0.755435
33655,0.686827
33656,0.630952
33657,0.87915
33658,0.612792
33659,0.947397
33660,0.973646
33661,0.902754
33662,0.832686
33663,0.391788
33664,0.69972
33665,0.947186
33666,0.074539
33667,0.989318
33668,0.895311
33669,0.805168
33670,0.82545
33671,0.773977
33672,0.788065
33673,0.982754
33674,0.872321
33675,0.769269
33676,0.967297
33677,0.521886
33678,0.751039
33679,0.66706
33680,0.609015
33681,0.567015
33682,0.171686
33683,0.809089
33684,0.750771
33685,0.756496
33686,0.719021
33687,0.742319
33688,0.714669
33689,0.834789
33690,0.741174
33691,0.58638
33692,0.597016
33693,0.581108
33694,0.977681
33695,0.619057
33696,0.506473
33697,0.649317
33698,0.736824
33699,0.978044
33700,0.968516
33701,0.775016
33702,0.983953
33703,0.641706
33704,0.901604
33705,0.827564
33706,0.499823
33707,0.708471
33708,0.907522
33709,0.67728
33710,0.897354
33711,0.289779
33712,0.895828
33713,0.879962
33714,0.955326
33715,0.814859
33716,0.614287
33717,0.579366
33718,0.892606
33719,0.611786
33720,0.959544
33721,0.536256
33722,0.722398
33723,0.927831
33724,0.925143
33725,0.983263
33726,0.706903
33727,0.676556
33728,0.830665
33729,0.724122
33730,0.740441
33731,0.912089
33732,0.563808
33733,0.82726
33734,0.785268
33735,0.743471
33736,0.914024
33737,0.885564
33738,0.717924
33739,0.637718
33740,0.853825
33741,0.663319
33742,0.388458
33743,0.735282
33744,0.759031
33745,0.392133
33746,0.632967
33747,0.981813
33748,0.461589
33749,0.774184
33750,0.736762
33751,0.862162
33752,0.97614
33753,0.699964
33754,0.620384
33755,0.852096
33756,0.928091
33757,0.615913
33758,0.887863
33759,0.652878
33760,0.844858
33761,0.809026
33762,0.618314
33763,0.598046
33764,0.727215
33765,0.873831
33766,0.759205
33767,0.103561
33768,0.654986
33769,0.6283
33770,0.611773
33771,0.548882
33772,0.64355
33773,0.942968
33774,0.981107
33775,0.705073
33776,0.761126
33777,0.737248
33778,0.543677
33779,0.931778
33780,0.311796
33781,0.937151
33782,0.636232
33783,0.875249
33784,0.976332
33785,0.810216
33786,0.538182
33787,0.886115
33788,0.821641
33789,0.840206
33790,0.756816
33791,0.777216
33792,0.965306
33793,0.537864
33794,0.444767
33795,0.894828
33796,0.675352
33797,0.729045
33798,0.587489
33799,0.525731
33800,0.922121
33801,0.893671
33802,0.047616
33803,0.805791
33804,0.586536
33805,0.93047
33806,0.084397
33807,0.816609
33808,0.490566
33809,0.509494
33810,0.745735
33811,0.697801
33812,0.979058
33813,0.688366
33814,0.912121
33815,0.758415
33816,0.640281
33817,0.984969
33818,0.694325
33819,0.61589
33820,0.686648
33821,0.615589
33822,0.848779
33823,0.090177
33824,0.676224
33825,0.82184
33826,0.927483
33827,0.050432
33828,0.772014
33829,0.832507
33830,0.946074
33831,0.643667
33832,0.942634
33833,0.908731
33834,0.840724
33835,0.966444
33836,0.690457
33837,0.963667
33838,0.819268
33839,0.935773
33840,0.658729
33841,0.981537
33842,0.891636
33843,0.378744
33844,0.844022
33845,0.605145
33846,0.448303
33847,0.743021
33848,0.851395
33849,0.964974
33850,0.047076
33851,0.960719
33852,0.676845
33853,0.64521
33854,0.507638
33855,0.55436
33856,0.691626
33857,0.65592
33858,0.948724
33859,0.992655
33860,0.68476
33861,0.807237
33862,0.763051
33863,0.816135
33864,0.924594
33865,0.614158
33866,0.607086
33867,0.867492
33868,0.617648
33869,0.89822
33870,0.443926
33871,0.867074
33872,0.557041
33873,0.863689
33874,0.665741
33875,0.764236
33876,0.868738
33877,0.758124
33878,0.896991
33879,0.814485
33880,0.833776
33881,0.856445
33882,0.679557
33883,0.829259
33884,0.793215
33885,0.438899
33886,0.92537
33887,0.889466
33888,0.793786
33889,0.357948
33890,0.765499
33891,0.732826
33892,0.514889
33893,0.851027
33894,0.75618
33895,0.897617
33896,0.84631
33897,0.859459
33898,0.542552
33899,0.604156
33900,0.932835
33901,0.856821
33902,0.516458
33903,0.891379
33904,0.8213
33905,0.501097
33906,0.252845
33907,0.757997
33908,0.956469
33909,0.763892
33910,0.762163
33911,0.969353
33912,0.739821
33913,0.772226
33914,0.756605
33915,0.899582
33916,0.660189
33917,0.901803
33918,0.983069
33919,0.594145
33920,0.593664
33921,0.961224
33922,0.897368
33923,0.531277
33924,0.675996
33925,0.635265
33926,0.488377
33927,0.982084
33928,0.781579
33929,0.985067
33930,0.743435
33931,0.493308
33932,0.722226
33933,0.597367
33934,0.910424
33935,0.69477
33936,0.980976
33937,0.441077
33938,0.359139
33939,0.782784
33940,0.732394
33941,0.714628
33942,0.96444
33943,0.75003
33944,0.732487
33945,0.694
33946,0.681022
33947,0.662441
33948,0.525513
33949,0.554426
33950,0.935709
33951,0.654783
33952,0.495909
33953,0.635218
33954,0.896311
33955,0.776797
33956,0.746589
33957,0.842326
33958,0.543257
33959,0.902533
33960,0.878038
33961,0.936671
33962,0.677335
33963,0.886065
33964,0.463546
33965,0.579088
33966,0.798681
33967,0.835578
33968,0.5559
33969,0.964019
33970,0.656269
33971,0.677822
33972,0.692228
33973,0.759451
33974,0.647835
33975,0.784356
33976,0.75747
33977,0.668955
33978,0.96026
33979,0.836547
33980,0.965923
33981,0.841064
33982,0.967937
33983,0.9376
33984,0.59241
33985,0.928557
33986,0.735603
33987,0.776205
33988,0.543898
33989,0.788316
33990,0.675372
33991,0.74233
33992,0.717847
33993,0.890535
33994,0.618735
33995,0.895215
33996,0.745238
33997,0.98706
33998,0.583072
33999,0.843483
34000,0.983156
34001,0.948853
34002,0.690674
34003,0.890353
34004,0.723667
34005,0.797086
34006,0.824039
34007,0.519147
34008,0.675044
34009,0.599535
34010,0.556578
34011,0.716122
34012,0.303207
34013,0.852571
34014,0.610779
34015,0.473258
34016,0.684437
34017,0.651041
34018,0.583123
34019,0.867979
34020,0.875452
34021,0.853012
34022,0.555963
34023,0.827773
34024,0.644162
34025,0.485307
34026,0.863659
34027,0.907292
34028,0.733525
34029,0.69369
34030,0.743649
34031,0.794079
34032,0.95791
34033,0.739832
34034,0.92832
34035,0.874288
34036,0.563659
34037,0.730975
34038,0.934615
34039,0.129204
34040,0.617648
34041,0.685346
34042,0.494159
34043,0.899738
34044,0.888658
34045,0.866928
34046,0.455487
34047,0.491063
34048,0.395664
34049,0.675788
34050,0.370173
34051,0.579131
34052,0.559849
34053,0.715856
34054,0.976547
34055,0.875473
34056,0.492698
34057,0.745853
34058,0.497951
34059,0.486247
34060,0.984577
34061,0.947837
34062,0.769191
34063,0.938274
34064,0.51019
34065,0.562651
34066,0.733434
34067,0.787771
34068,0.717988
34069,0.779377
34070,0.938222
34071,0.886762
34072,0.733406
34073,0.501812
34074,0.481178
34075,0.809592
34076,0.785042
34077,0.981764
34078,0.898657
34079,0.844865
34080,0.674329
34081,0.941724
34082,0.638086
34083,0.648456
34084,0.881119
34085,0.779956
34086,0.827296
34087,0.752447
34088,0.680668
34089,0.777641
34090,0.657202
34091,0.945963
34092,0.429777
34093,0.539109
34094,0.492721
34095,0.728485
34096,0.835352
34097,0.824234
34098,0.802676
34099,0.629684
34100,0.773789
34101,0.967156
34102,0.668361
34103,0.785733
34104,0.844052
34105,0.812929
34106,0.85796
34107,0.906958
34108,0.658935
34109,0.816857
34110,0.87759
34111,0.228877
34112,0.912749
34113,0.81611
34114,0.885222
34115,0.834453
34116,0.454705
34117,0.616045
34118,0.873246
34119,0.871989
34120,0.905667
34121,0.724387
34122,0.899267
34123,0.22966
34124,0.984293
34125,0.79257
34126,0.533232
34127,0.814792
34128,0.919245
34129,0.379897
34130,0.974508
34131,0.507744
34132,0.599134
34133,0.893525
34134,0.950606
34135,0.237175
34136,0.919308
34137,0.623819
34138,0.625041
34139,0.798043
34140,0.967037
34141,0.966363
34142,0.570239
34143,0.47901
34144,0.715392
34145,0.795881
34146,0.606798
34147,0.681061
34148,0.879223
34149,0.068613
34150,0.729082
34151,0.756612
34152,0.647915
34153,0.762706
34154,0.788808
34155,0.715659
34156,0.843215
34157,0.714092
34158,0.537083
34159,0.672007
34160,0.631113
34161,0.506426
34162,0.805397
34163,0.851574
34164,0.62487
34165,0.96219
34166,0.601873
34167,0.623009
34168,0.870824
34169,0.504286
34170,0.072775
34171,0.617164
34172,0.682025
34173,0.637896
34174,0.638263
34175,0.057531
34176,0.758962
34177,0.486545
34178,0.562904
34179,0.520314
34180,0.650423
34181,0.908298
34182,0.85882
34183,0.903785
34184,0.603331
34185,0.376376
34186,0.880104
34187,0.657201
34188,0.730081
34189,0.835482
34190,0.963993
34191,0.688244
34192,0.861711
34193,0.416084
34194,0.942643
34195,0.7192
34196,0.394934
34197,0.733813
34198,0.81951
34199,0.394322
34200,0.92185
34201,0.685783
34202,0.524437
34203,0.715374
34204,0.748147
34205,0.811079
34206,0.629885
34207,0.792373
34208,0.96827
34209,0.748239
34210,0.778132
34211,0.361991
34212,0.586653
34213,0.8744
34214,0.985528
34215,0.520083
34216,0.944736
34217,0.882907
34218,0.553759
34219,0.540952
34220,0.663964
34221,0.901455
34222,0.282167
34223,0.552305
34224,0.667858
34225,0.586945
34226,0.796306
34227,0.864049
34228,0.349927
34229,0.988189
34230,0.491465
34231,0.791332
34232,0.793723
34233,0.90921
34234,0.430382
34235,0.464059
34236,0.854603
34237,0.937519
34238,0.87344
34239,0.748878
34240,0.369874
34241,0.645801
34242,0.700197
34243,0.883758
34244,0.749746
34245,0.811996
34246,0.753177
34247,0.574548
34248,0.930965
34249,0.889046
34250,0.704757
34251,0.497065
34252,0.408569
34253,0.641722
34254,0.684883
34255,0.959419
34256,0.805324
34257,0.824293
34258,0.737621
34259,0.945119
34260,0.567165
34261,0.651382
34262,0.301614
34263,0.291367
34264,0.701975
34265,0.141526
34266,0.887771
34267,0.8566
34268,0.604086
34269,0.92154
34270,0.831209
34271,0.987118
34272,0.977035
34273,0.787089
34274,0.678127
34275,0.72149
34276,0.595572
34277,0.442266
34278,0.598591
34279,0.647552
34280,0.530705
34281,0.251482
34282,0.725057
34283,0.736926
34284,0.704171
34285,0.702467
34286,0.828404
34287,0.610358
34288,0.676136
34289,0.704804
34290,0.151895
34291,0.940127
34292,0.56341
34293,0.931144
34294,0.809151
34295,0.738006
34296,0.920407
34297,0.415955
34298,0.943648
34299,0.627119
34300,0.503333
34301,0.946384
34302,0.779684
34303,0.65974
34304,0.967931
34305,0.532674
34306,0.887251
34307,0.655476
34308,0.908691
34309,0.881635
34310,0.831547
34311,0.635188
34312,0.770677
34313,0.703972
34314,0.728159
34315,0.699671
34316,0.719546
34317,0.725608
34318,0.791903
34319,0.702179
34320,0.786814
34321,0.629554
34322,0.731914
34323,0.92214
34324,0.899688
34325,0.216782
34326,0.568061
34327,0.699498
34328,0.49403
34329,0.653595
34330,0.883863
34331,0.948732
34332,0.685603
34333,0.756501
34334,0.971811
34335,0.669268
34336,0.638016
34337,0.718586
34338,0.774635
34339,0.971852
34340,0.946977
34341,0.612318
34342,0.819427
34343,0.641439
34344,0.664312
34345,0.82323
34346,0.743676
34347,0.65303
34348,0.529697
34349,0.589814
34350,0.88981
34351,0.688001
34352,0.724884
34353,0.865058
34354,0.720694
34355,0.794456
34356,0.873192
34357,0.649161
34358,0.966233
34359,0.27968
34360,0.952209
34361,0.593472
34362,0.838344
34363,0.815468
34364,0.802945
34365,0.562719
34366,0.740096
34367,0.251261
34368,0.764337
34369,0.72746
34370,0.774382
34371,0.499228
34372,0.947921
34373,0.80204
34374,0.941919
34375,0.740627
34376,0.965446
34377,0.715828
34378,0.667711
34379,0.630956
34380,0.866676
34381,0.850924
34382,0.710622
34383,0.65322
34384,0.600781
34385,0.648542
34386,0.256203
34387,0.949776
34388,0.959838
34389,0.764673
34390,0.673577
34391,0.912678
34392,0.79119
34393,0.732249
34394,0.812489
34395,0.983608
34396,0.687277
34397,0.574979
34398,0.889932
34399,0.775406
34400,0.977334
34401,0.54702
34402,0.72275
34403,0.758152
34404,0.738401
34405,0.8038
34406,0.707427
34407,0.859421
34408,0.758284
34409,0.679875
34410,0.767924
34411,0.790949
34412,0.581368
34413,0.70857
34414,0.487712
34415,0.980398
34416,0.960073
34417,0.853853
34418,0.764812
34419,0.716106
34420,0.745177
34421,0.593488
34422,0.932085
34423,0.633846
34424,0.779648
34425,0.524033
34426,0.868585
34427,0.872114
34428,0.827394
34429,0.671418
34430,0.90953
34431,0.159274
34432,0.687418
34433,0.977833
34434,0.971661
34435,0.712104
34436,0.704472
34437,0.545272
34438,0.872652
34439,0.880511
34440,0.823349
34441,0.984523
34442,0.532709
34443,0.814539
34444,0.658618
34445,0.759519
34446,0.491234
34447,0.745077
34448,0.765845
34449,0.849599
34450,0.975844
34451,0.899172
34452,0.799285
34453,0.885378
34454,0.539223
34455,0.812836
34456,0.811501
34457,0.660947
34458,0.665097
34459,0.878633
34460,0.758081
34461,0.569101
34462,0.984531
34463,0.7022
34464,0.844409
34465,0.710028
34466,0.696682
34467,0.656159
34468,0.038699
34469,0.683696
34470,0.760362
34471,0.682314
34472,0.961617
34473,0.819153
34474,0.710799
34475,0.779934
34476,0.899204
34477,0.953037
34478,0.689662
34479,0.799468
34480,0.756191
34481,0.758168
34482,0.925151
34483,0.373711
34484,0.822029
34485,0.537489
34486,0.856815
34487,0.576038
34488,0.765264
34489,0.523752
34490,0.966065
34491,0.744066
34492,0.613068
34493,0.554208
34494,0.667016
34495,0.933136
34496,0.960249
34497,0.484439
34498,0.748534
34499,0.612269
34500,0.442528
34501,0.530338
34502,0.720425
34503,0.784626
34504,0.546237
34505,0.691567
34506,0.53377
34507,0.898699
34508,0.959375
34509,0.683256
34510,0.575227
34511,0.634838
34512,0.05648
34513,0.940033
34514,0.620303
34515,0.662419
34516,0.714007
34517,0.736058
34518,0.973833
34519,0.206541
34520,0.842854
34521,0.780376
34522,0.102608
34523,0.777795
34524,0.885058
34525,0.911824
34526,0.901472
34527,0.949173
34528,0.951371
34529,0.728825
34530,0.279457
34531,0.598169
34532,0.765317
34533,0.463251
34534,0.976864
34535,0.711975
34536,0.671435
34537,0.906148
34538,0.89558
34539,0.844537
34540,0.841666
34541,0.356817
34542,0.813653
34543,0.800239
34544,0.901231
34545,0.955839
34546,0.563089
34547,0.504178
34548,0.920189
34549,0.909256
34550,0.994119
34551,0.514587
34552,0.752367
34553,0.827564
34554,0.73521
34555,0.767944
34556,0.785682
34557,0.882345
34558,0.701492
34559,0.921272
34560,0.687696
34561,0.543448
34562,0.979247
34563,0.993011
34564,0.746377
34565,0.964463
34566,0.6695
34567,0.83586
34568,0.449079
34569,0.938752
34570,0.695009
34571,0.837145
34572,0.419402
34573,0.623525
34574,0.544973
34575,0.625632
34576,0.660821
34577,0.727757
34578,0.822053
34579,0.977802
34580,0.839955
34581,0.951569
34582,0.952728
34583,0.815944
34584,0.759652
34585,0.631268
34586,0.511194
34587,0.185807
34588,0.770923
34589,0.629304
34590,0.545572
34591,0.863474
34592,0.799023
34593,0.633259
34594,0.085383
34595,0.824964
34596,0.742412
34597,0.584691
34598,0.755896
34599,0.500907
34600,0.814477
34601,0.925632
34602,0.933281
34603,0.890206
34604,0.875846
34605,0.694119
34606,0.702383
34607,0.886626
34608,0.798355
34609,0.637143
34610,0.811356
34611,0.544783
34612,0.76122
34613,0.508152
34614,0.553919
34615,0.916413
34616,0.963647
34617,0.687817
34618,0.769308
34619,0.197639
34620,0.67294
34621,0.87334
34622,0.677566
34623,0.902416
34624,0.977398
34625,0.652317
34626,0.690778
34627,0.907992
34628,0.726771
34629,0.570289
34630,0.841872
34631,0.70322
34632,0.568981
34633,0.948774
34634,0.418329
34635,0.700742
34636,0.476823
34637,0.461075
34638,0.370372
34639,0.912427
34640,0.073102
34641,0.701615
34642,0.952571
34643,0.448254
34644,0.571656
34645,0.923752
34646,0.850424
34647,0.914858
34648,0.495248
34649,0.823749
34650,0.73169
34651,0.350594
34652,0.355263
34653,0.829819
34654,0.978867
34655,0.648995
34656,0.979614
34657,0.870045
34658,0.985102
34659,0.838934
34660,0.049572
34661,0.792669
34662,0.40864
34663,0.930517
34664,0.986164
34665,0.75001
34666,0.83019
34667,0.917703
34668,0.53757
34669,0.852367
34670,0.861184
34671,0.712175
34672,0.944165
34673,0.714836
34674,0.88368
34675,0.754806
34676,0.976778
34677,0.667206
34678,0.588767
34679,0.20658
34680,0.789608
34681,0.643481
34682,0.742254
34683,0.894353
34684,0.760665
34685,0.75037
34686,0.518016
34687,0.650008
34688,0.609833
34689,0.743478
34690,0.921427
34691,0.624799
34692,0.653806
34693,0.875756
34694,0.909807
34695,0.553709
34696,0.621321
34697,0.723962
34698,0.761007
34699,0.767925
34700,0.743341
34701,0.722792
34702,0.652872
34703,0.650114
34704,0.698513
34705,0.902609
34706,0.976388
34707,0.858201
34708,0.848075
34709,0.837669
34710,0.832927
34711,0.967946
34712,0.556368
34713,0.615064
34714,0.930258
34715,0.825579
34716,0.725748
34717,0.734006
34718,0.985056
34719,0.96494
34720,0.801087
34721,0.837
34722,0.759939
34723,0.104878
34724,0.649721
34725,0.813538
34726,0.795618
34727,0.976228
34728,0.840391
34729,0.932585
34730,0.669818
34731,0.763919
34732,0.439297
34733,0.874248
34734,0.806007
34735,0.606463
34736,0.704111
34737,0.738324
34738,0.8875
34739,0.903943
34740,0.613711
34741,0.537572
34742,0.660009
34743,0.676265
34744,0.74998
34745,0.835331
34746,0.72689
34747,0.870283
34748,0.584424
34749,0.555162
34750,0.575732
34751,0.929914
34752,0.58831
34753,0.812819
34754,0.706403
34755,0.976441
34756,0.661934
34757,0.868303
34758,0.61902
34759,0.552729
34760,0.928727
34761,0.754058
34762,0.787492
34763,0.876021
34764,0.905431
34765,0.944092
34766,0.909541
34767,0.897532
34768,0.615975
34769,0.641804
34770,0.643066
34771,0.466605
34772,0.809811
34773,0.976055
34774,0.779234
34775,0.641515
34776,0.715531
34777,0.959305
34778,0.192132
34779,0.877225
34780,0.824616
34781,0.569165
34782,0.970975
34783,0.801494
34784,0.832835
34785,0.917644
34786,0.275626
34787,0.602445
34788,0.585772
34789,0.823805
34790,0.695869
34791,0.535973
34792,0.971931
34793,0.703144
34794,0.687488
34795,0.857055
34796,0.745799
34797,0.766534
34798,0.783985
34799,0.543749
34800,0.818944
34801,0.960744
34802,0.976785
34803,0.51379
34804,0.632869
34805,0.547687
34806,0.812355
34807,0.425307
34808,0.696759
34809,0.550329
34810,0.605466
34811,0.809775
34812,0.723284
34813,0.875159
34814,0.763369
34815,0.981838
34816,0.69678
34817,0.478301
34818,0.617897
34819,0.838109
34820,0.960603
34821,0.563448
34822,0.753937
34823,0.83824
34824,0.669903
34825,0.610261
34826,0.925652
34827,0.828204
34828,0.988644
34829,0.443588
34830,0.96348
34831,0.681229
34832,0.643608
34833,0.896945
34834,0.519548
34835,0.434331
34836,0.9323
34837,0.949954
34838,0.777615
34839,0.706926
34840,0.394979
34841,0.625799
34842,0.792747
34843,0.844811
34844,0.704923
34845,0.87282
34846,0.870919
34847,0.745245
34848,0.48221
34849,0.391715
34850,0.050167
34851,0.529552
34852,0.915336
34853,0.902237
34854,0.111553
34855,0.954201
34856,0.701259
34857,0.953325
34858,0.406159
34859,0.688215
34860,0.554018
34861,0.638747
34862,0.637081
34863,0.71971
34864,0.908338
34865,0.89652
34866,0.9641
34867,0.661646
34868,0.77887
34869,0.680808
34870,0.920451
34871,0.70987
34872,0.754386
34873,0.959588
34874,0.710765
34875,0.569936
34876,0.656841
34877,0.395424
34878,0.975437
34879,0.408862
34880,0.921332
34881,0.777495
34882,0.707344
34883,0.851839
34884,0.690076
34885,0.909595
34886,0.687026
34887,0.708497
34888,0.526907
34889,0.74732
34890,0.957621
34891,0.68886
34892,0.793071
34893,0.76846
34894,0.441537
34895,0.912003
34896,0.608099
34897,0.722317
34898,0.803616
34899,0.900085
34900,0.532169
34901,0.940306
34902,0.691584
34903,0.717976
34904,0.544109
34905,0.774024
34906,0.607848
34907,0.875488
34908,0.836073
34909,0.879532
34910,0.495685
34911,0.801223
34912,0.945595
34913,0.836171
34914,0.640128
34915,0.586326
34916,0.345365
34917,0.772703
34918,0.718944
34919,0.901452
34920,0.56893
34921,0.802588
34922,0.190107
34923,0.597048
34924,0.538109
34925,0.861627
34926,0.07983
34927,0.814493
34928,0.571997
34929,0.761107
34930,0.725064
34931,0.421542
34932,0.582786
34933,0.96968
34934,0.072076
34935,0.759093
34936,0.960981
34937,0.844386
34938,0.488559
34939,0.668964
34940,0.923506
34941,0.564038
34942,0.579431
34943,0.072901
34944,0.979327
34945,0.446288
34946,0.712913
34947,0.456672
34948,0.597903
34949,0.970759
34950,0.760126
34951,0.78869
34952,0.71037
34953,0.805508
34954,0.937808
34955,0.976629
34956,0.780257
34957,0.721577
34958,0.74628
34959,0.927596
34960,0.67529
34961,0.320416
34962,0.185691
34963,0.871737
34964,0.596183
34965,0.739421
34966,0.946804
34967,0.48278
34968,0.694369
34969,0.510879
34970,0.767464
34971,0.872928
34972,0.744168
34973,0.4651
34974,0.498838
34975,0.953781
34976,0.812559
34977,0.80843
34978,0.728156
34979,0.974357
34980,0.705291
34981,0.904992
34982,0.98031
34983,0.835658
34984,0.391252
34985,0.858031
34986,0.872054
34987,0.757704
34988,0.636984
34989,0.730543
34990,0.942135
34991,0.681266
34992,0.872947
34993,0.879861
34994,0.83192
34995,0.913692
34996,0.904141
34997,0.87798
34998,0.982881
34999,0.656247
35000,0.877807
35001,0.721139
35002,0.975819
35003,0.850298
35004,0.575232
35005,0.966485
35006,0.694124
35007,0.828314
35008,0.744514
35009,0.977705
35010,0.960945
35011,0.834534
35012,0.680026
35013,0.938416
35014,0.805637
35015,0.67773
35016,0.676954
35017,0.450335
35018,0.891663
35019,0.809602
35020,0.567132
35021,0.883786
35022,0.896183
35023,0.888061
35024,0.911239
35025,0.873253
35026,0.665713
35027,0.708096
35028,0.975177
35029,0.972212
35030,0.666025
35031,0.578782
35032,0.60654
35033,0.350438
35034,0.868185
35035,0.549139
35036,0.812039
35037,0.688268
35038,0.186728
35039,0.893761
35040,0.875617
35041,0.599882
35042,0.706968
35043,0.709637
35044,0.580987
35045,0.669389
35046,0.905581
35047,0.828184
35048,0.629881
35049,0.876749
35050,0.861925
35051,0.612653
35052,0.989242
35053,0.656149
35054,0.490827
35055,0.895526
35056,0.845981
35057,0.785068
35058,0.86944
35059,0.564458
35060,0.753486
35061,0.690788
35062,0.499448
35063,0.677897
35064,0.633927
35065,0.792352
35066,0.71041
35067,0.632312
35068,0.906241
35069,0.644734
35070,0.746608
35071,0.655554
35072,0.463364
35073,0.982479
35074,0.790973
35075,0.578649
35076,0.746522
35077,0.660124
35078,0.924266
35079,0.72179
35080,0.719595
35081,0.911812
35082,0.941682
35083,0.876037
35084,0.977998
35085,0.758102
35086,0.742226
35087,0.770381
35088,0.955999
35089,0.862525
35090,0.640589
35091,0.990372
35092,0.929776
35093,0.633742
35094,0.569041
35095,0.377635
35096,0.889337
35097,0.974174
35098,0.504238
35099,0.644641
35100,0.057182
35101,0.675901
35102,0.8296
35103,0.366401
35104,0.911215
35105,0.496726
35106,0.596261
35107,0.708425
35108,0.450003
35109,0.600569
35110,0.574839
35111,0.267574
35112,0.602929
35113,0.954343
35114,0.683547
35115,0.70887
35116,0.870876
35117,0.803131
35118,0.895107
35119,0.912024
35120,0.628218
35121,0.650457
35122,0.635991
35123,0.200354
35124,0.856484
35125,0.664142
35126,0.814118
35127,0.900961
35128,0.871532
35129,0.699112
35130,0.957133
35131,0.94088
35132,0.547517
35133,0.36174
35134,0.827776
35135,0.927253
35136,0.145314
35137,0.866309
35138,0.670792
35139,0.590266
35140,0.732405
35141,0.668151
35142,0.730995
35143,0.989073
35144,0.815212
35145,0.971858
35146,0.859719
35147,0.375843
35148,0.704779
35149,0.807128
35150,0.768363
35151,0.936809
35152,0.578111
35153,0.833729
35154,0.505431
35155,0.873041
35156,0.902679
35157,0.960875
35158,0.268456
35159,0.762943
35160,0.430198
35161,0.856384
35162,0.506606
35163,0.879814
35164,0.93183
35165,0.923456
35166,0.885538
35167,0.68668
35168,0.948225
35169,0.628097
35170,0.7545
35171,0.663461
35172,0.832749
35173,0.276474
35174,0.064157
35175,0.74766
35176,0.911568
35177,0.946674
35178,0.900965
35179,0.9293
35180,0.727776
35181,0.796391
35182,0.957066
35183,0.980972
35184,0.575211
35185,0.907522
35186,0.933195
35187,0.75027
35188,0.832369
35189,0.720276
35190,0.714403
35191,0.859338
35192,0.51704
35193,0.977024
35194,0.950587
35195,0.715901
35196,0.327905
35197,0.527025
35198,0.877822
35199,0.827906
35200,0.467725
35201,0.647534
35202,0.864485
35203,0.579587
35204,0.750708
35205,0.497499
35206,0.507601
35207,0.334356
35208,0.690949
35209,0.7331
35210,0.725697
35211,0.472432
35212,0.685344
35213,0.624131
35214,0.801944
35215,0.911612
35216,0.0884
35217,0.758532
35218,0.792295
35219,0.578722
35220,0.847134
35221,0.984312
35222,0.9196
35223,0.761086
35224,0.615871
35225,0.961097
35226,0.619944
35227,0.831968
35228,0.611239
35229,0.583547
35230,0.677569
35231,0.882783
35232,0.847115
35233,0.883337
35234,0.536221
35235,0.832989
35236,0.688437
35237,0.198957
35238,0.718457
35239,0.737133
35240,0.955005
35241,0.416947
35242,0.873926
35243,0.61379
35244,0.967404
35245,0.851656
35246,0.480683
35247,0.871809
35248,0.951952
35249,0.693391
35250,0.820898
35251,0.939945
35252,0.342713
35253,0.79165
35254,0.769524
35255,0.550219
35256,0.343159
35257,0.585236
35258,0.993392
35259,0.85872
35260,0.61457
35261,0.445191
35262,0.746612
35263,0.964377
35264,0.733922
35265,0.93984
35266,0.653657
35267,0.93732
35268,0.677507
35269,0.776427
35270,0.523788
35271,0.657226
35272,0.725421
35273,0.727489
35274,0.407279
35275,0.091729
35276,0.642527
35277,0.666646
35278,0.453905
35279,0.816536
35280,0.792725
35281,0.649774
35282,0.557858
35283,0.787772
35284,0.96962
35285,0.386007
35286,0.666123
35287,0.642644
35288,0.724764
35289,0.980367
35290,0.633642
35291,0.547339
35292,0.89763
35293,0.947774
35294,0.573554
35295,0.050477
35296,0.692345
35297,0.903777
35298,0.067515
35299,0.645862
35300,0.856915
35301,0.920486
35302,0.746532
35303,0.864548
35304,0.917546
35305,0.812533
35306,0.750184
35307,0.493481
35308,0.667347
35309,0.719703
35310,0.824458
35311,0.919043
35312,0.782682
35313,0.73636
35314,0.96732
35315,0.754891
35316,0.912301
35317,0.579179
35318,0.856455
35319,0.506698
35320,0.522137
35321,0.600711
35322,0.492253
35323,0.837803
35324,0.948286
35325,0.749016
35326,0.415059
35327,0.945052
35328,0.859449
35329,0.735998
35330,0.818823
35331,0.596439
35332,0.689675
35333,0.824857
35334,0.2252
35335,0.734066
35336,0.774616
35337,0.931973
35338,0.839273
35339,0.628252
35340,0.945804
35341,0.082399
35342,0.85474
35343,0.787782
35344,0.941285
35345,0.93339
35346,0.907029
35347,0.690515
35348,0.8837
35349,0.544667
35350,0.528952
35351,0.420637
35352,0.947003
35353,0.69716
35354,0.731912
35355,0.870174
35356,0.186809
35357,0.727008
35358,0.572031
35359,0.613059
35360,0.510474
35361,0.569158
35362,0.320511
35363,0.69726
35364,0.854091
35365,0.821547
35366,0.70348
35367,0.796632
35368,0.920387
35369,0.896331
35370,0.965733
35371,0.833384
35372,0.698631
35373,0.561137
35374,0.556262
35375,0.851194
35376,0.336308
35377,0.863269
35378,0.85659
35379,0.938113
35380,0.853604
35381,0.620287
35382,0.938321
35383,0.933594
35384,0.442872
35385,0.774249
35386,0.404512
35387,0.828415
35388,0.888477
35389,0.878365
35390,0.589806
35391,0.735105
35392,0.649635
35393,0.585861
35394,0.348041
35395,0.70651
35396,0.669566
35397,0.488876
35398,0.805834
35399,0.69809
35400,0.850512
35401,0.605085
35402,0.862385
35403,0.746816
35404,0.534747
35405,0.695068
35406,0.441208
35407,0.74085
35408,0.971963
35409,0.692151
35410,0.953801
35411,0.675961
35412,0.536573
35413,0.950548
35414,0.925329
35415,0.790855
35416,0.522032
35417,0.513118
35418,0.611772
35419,0.756938
35420,0.543822
35421,0.923085
35422,0.640184
35423,0.974286
35424,0.58462
35425,0.517017
35426,0.607195
35427,0.876851
35428,0.506429
35429,0.943894
35430,0.346297
35431,0.714061
35432,0.764507
35433,0.821556
35434,0.565193
35435,0.061097
35436,0.601521
35437,0.59942
35438,0.840263
35439,0.649886
35440,0.650623
35441,0.966415
35442,0.448121
35443,0.698753
35444,0.600193
35445,0.992934
35446,0.520672
35447,0.893297
35448,0.646581
35449,0.776347
35450,0.920139
35451,0.908391
35452,0.501644
35453,0.512086
35454,0.983104
35455,0.760545
35456,0.70484
35457,0.525705
35458,0.703955
35459,0.646996
35460,0.727713
35461,0.493795
35462,0.553772
35463,0.583437
35464,0.747466
35465,0.87732
35466,0.811192
35467,0.599241
35468,0.826071
35469,0.732907
35470,0.872779
35471,0.634631
35472,0.251367
35473,0.729322
35474,0.782831
35475,0.373297
35476,0.900886
35477,0.657828
35478,0.855562
35479,0.839633
35480,0.845306
35481,0.955519
35482,0.208669
35483,0.585056
35484,0.916234
35485,0.792177
35486,0.657957
35487,0.923379
35488,0.932669
35489,0.932657
35490,0.784002
35491,0.617209
35492,0.633289
35493,0.81075
35494,0.920121
35495,0.898382
35496,0.743561
35497,0.575409
35498,0.827411
35499,0.676416
35500,0.67375
35501,0.863096
35502,0.852489
35503,0.567045
35504,0.889522
35505,0.07115
35506,0.412618
35507,0.8497
35508,0.73553
35509,0.777895
35510,0.785656
35511,0.532623
35512,0.964102
35513,0.662665
35514,0.757449
35515,0.886632
35516,0.862069
35517,0.914126
35518,0.663421
35519,0.85785
35520,0.752814
35521,0.858921
35522,0.229846
35523,0.693747
35524,0.713801
35525,0.97201
35526,0.881993
35527,0.741541
35528,0.669874
35529,0.647525
35530,0.900135
35531,0.617171
35532,0.735353
35533,0.605175
35534,0.469723
35535,0.606928
35536,0.51645
35537,0.761969
35538,0.551879
35539,0.879209
35540,0.693246
35541,0.747223
35542,0.855594
35543,0.617617
35544,0.25439
35545,0.923105
35546,0.967166
35547,0.833375
35548,0.906223
35549,0.849635
35550,0.974366
35551,0.518713
35552,0.703676
35553,0.825983
35554,0.079557
35555,0.651088
35556,0.664418
35557,0.899851
35558,0.836901
35559,0.418941
35560,0.662235
35561,0.730332
35562,0.243948
35563,0.80149
35564,0.879003
35565,0.827557
35566,0.756872
35567,0.583941
35568,0.95948
35569,0.842529
35570,0.307237
35571,0.801749
35572,0.620099
35573,0.397294
35574,0.494994
35575,0.452003
35576,0.669632
35577,0.64045
35578,0.702102
35579,0.729588
35580,0.411241
35581,0.69112
35582,0.835084
35583,0.233849
35584,0.773478
35585,0.774338
35586,0.823297
35587,0.687617
35588,0.780758
35589,0.50902
35590,0.876491
35591,0.964371
35592,0.589482
35593,0.548908
35594,0.785368
35595,0.251744
35596,0.886496
35597,0.977366
35598,0.905618
35599,0.678672
35600,0.95558
35601,0.566213
35602,0.963775
35603,0.982557
35604,0.978199
35605,0.071331
35606,0.836217
35607,0.792576
35608,0.927323
35609,0.84769
35610,0.706095
35611,0.667958
35612,0.350508
35613,0.695885
35614,0.917561
35615,0.520016
35616,0.651155
35617,0.931995
35618,0.646821
35619,0.79768
35620,0.613402
35621,0.876476
35622,0.90186
35623,0.621897
35624,0.889071
35625,0.937448
35626,0.896386
35627,0.803437
35628,0.746146
35629,0.67219
35630,0.925454
35631,0.550529
35632,0.665635
35633,0.406944
35634,0.718864
35635,0.692502
35636,0.992837
35637,0.717874
35638,0.584183
35639,0.936844
35640,0.845001
35641,0.70624
35642,0.902122
35643,0.975424
35644,0.957932
35645,0.747114
35646,0.372534
35647,0.971001
35648,0.842241
35649,0.6558
35650,0.748213
35651,0.73606
35652,0.8263
35653,0.472396
35654,0.559644
35655,0.550993
35656,0.772632
35657,0.693333
35658,0.89952
35659,0.843896
35660,0.9743
35661,0.481687
35662,0.775535
35663,0.60553
35664,0.797662
35665,0.485496
35666,0.623531
35667,0.780527
35668,0.9248
35669,0.561794
35670,0.865571
35671,0.783647
35672,0.302529
35673,0.677207
35674,0.657236
35675,0.956422
35676,0.437784
35677,0.929643
35678,0.841566
35679,0.941841
35680,0.712152
35681,0.698942
35682,0.752022
35683,0.842344
35684,0.788497
35685,0.726528
35686,0.805872
35687,0.275782
35688,0.846073
35689,0.451319
35690,0.952284
35691,0.750843
35692,0.888275
35693,0.88796
35694,0.668057
35695,0.752934
35696,0.08132
35697,0.826097
35698,0.563117
35699,0.524412
35700,0.779403
35701,0.719768
35702,0.659993
35703,0.529577
35704,0.585778
35705,0.859426
35706,0.939784
35707,0.553492
35708,0.949172
35709,0.952847
35710,0.74738
35711,0.743178
35712,0.71157
35713,0.632895
35714,0.404003
35715,0.799774
35716,0.544999
35717,0.811325
35718,0.687278
35719,0.660318
35720,0.779924
35721,0.320698
35722,0.93595
35723,0.592432
35724,0.833903
35725,0.741655
35726,0.739529
35727,0.869508
35728,0.793373
35729,0.941271
35730,0.708347
35731,0.691436
35732,0.644093
35733,0.488984
35734,0.681538
35735,0.636147
35736,0.737364
35737,0.725258
35738,0.390139
35739,0.963272
35740,0.842464
35741,0.929533
35742,0.740019
35743,0.446854
35744,0.808654
35745,0.623779
35746,0.725713
35747,0.423551
35748,0.938607
35749,0.641727
35750,0.933913
35751,0.567449
35752,0.888579
35753,0.743038
35754,0.634639
35755,0.592333
35756,0.925633
35757,0.948239
35758,0.923812
35759,0.555721
35760,0.971126
35761,0.560788
35762,0.619114
35763,0.768322
35764,0.553012
35765,0.505866
35766,0.332195
35767,0.888023
35768,0.859163
35769,0.65392
35770,0.837734
35771,0.766733
35772,0.983761
35773,0.480321
35774,0.784852
35775,0.56593
35776,0.454532
35777,0.912903
35778,0.641164
35779,0.557175
35780,0.959399
35781,0.471938
35782,0.90464
35783,0.889318
35784,0.85557
35785,0.705566
35786,0.769278
35787,0.95785
35788,0.920658
35789,0.943206
35790,0.664855
35791,0.566206
35792,0.799313
35793,0.565117
35794,0.612042
35795,0.956977
35796,0.459406
35797,0.344587
35798,0.855317
35799,0.448605
35800,0.963365
35801,0.976206
35802,0.843625
35803,0.463801
35804,0.280956
35805,0.740497
35806,0.91144
35807,0.664536
35808,0.866795
35809,0.927647
35810,0.837185
35811,0.730015
35812,0.824332
35813,0.72741
35814,0.600431
35815,0.705532
35816,0.973534
35817,0.84283
35818,0.39146
35819,0.675255
35820,0.815115
35821,0.671807
35822,0.601166
35823,0.724911
35824,0.702945
35825,0.803234
35826,0.739386
35827,0.712476
35828,0.728405
35829,0.830165
35830,0.849543
35831,0.934725
35832,0.521963
35833,0.535372
35834,0.636326
35835,0.393786
35836,0.870524
35837,0.485234
35838,0.93454
35839,0.48353
35840,0.519071
35841,0.7684
35842,0.830676
35843,0.866275
35844,0.88611
35845,0.690737
35846,0.982499
35847,0.811037
35848,0.31473
35849,0.285481
35850,0.887171
35851,0.906592
35852,0.639012
35853,0.396176
35854,0.556097
35855,0.609393
35856,0.116693
35857,0.877789
35858,0.486488
35859,0.857091
35860,0.462028
35861,0.757161
35862,0.618286
35863,0.910761
35864,0.80916
35865,0.702992
35866,0.948685
35867,0.824404
35868,0.876059
35869,0.425977
35870,0.888169
35871,0.76068
35872,0.770454
35873,0.668392
35874,0.407066
35875,0.670277
35876,0.795295
35877,0.808095
35878,0.72367
35879,0.542737
35880,0.353965
35881,0.46229
35882,0.476925
35883,0.849404
35884,0.637633
35885,0.961191
35886,0.598571
35887,0.824636
35888,0.780033
35889,0.504028
35890,0.896148
35891,0.87429
35892,0.920555
35893,0.877647
35894,0.756726
35895,0.62007
35896,0.857257
35897,0.781932
35898,0.63676
35899,0.966785
35900,0.674823
35901,0.237611
35902,0.884378
35903,0.595744
35904,0.652079
35905,0.685583
35906,0.205309
35907,0.879528
35908,0.909567
35909,0.702468
35910,0.920155
35911,0.495785
35912,0.560965
35913,0.909861
35914,0.404963
35915,0.910716
35916,0.154912
35917,0.037106
35918,0.775821
35919,0.499876
35920,0.736613
35921,0.647832
35922,0.836314
35923,0.559957
35924,0.360485
35925,0.806139
35926,0.446073
35927,0.665715
35928,0.805448
35929,0.884245
35930,0.927317
35931,0.894313
35932,0.500374
35933,0.935852
35934,0.466603
35935,0.862015
35936,0.675943
35937,0.35596
35938,0.920477
35939,0.698621
35940,0.731841
35941,0.888308
35942,0.283524
35943,0.803061
35944,0.670227
35945,0.343993
35946,0.954524
35947,0.566192
35948,0.785516
35949,0.727347
35950,0.775809
35951,0.987801
35952,0.709979
35953,0.681804
35954,0.812468
35955,0.780144
35956,0.902763
35957,0.058262
35958,0.757146
35959,0.571923
35960,0.423244
35961,0.645091
35962,0.933265
35963,0.616508
35964,0.629588
35965,0.890344
35966,0.737977
35967,0.312724
35968,0.953547
35969,0.652789
35970,0.787079
35971,0.655493
35972,0.851464
35973,0.951989
35974,0.657845
35975,0.775576
35976,0.092165
35977,0.806381
35978,0.825843
35979,0.612256
35980,0.805928
35981,0.34677
35982,0.833941
35983,0.726735
35984,0.572469
35985,0.406956
35986,0.712714
35987,0.789397
35988,0.830489
35989,0.66684
35990,0.329963
35991,0.840936
35992,0.556498
35993,0.644292
35994,0.904984
35995,0.986509
35996,0.897011
35997,0.857881
35998,0.777101
35999,0.454289
36000,0.71513
36001,0.854009
36002,0.222993
36003,0.651316
36004,0.600682
36005,0.926373
36006,0.937398
36007,0.152267
36008,0.739956
36009,0.685467
36010,0.736926
36011,0.919647
36012,0.976408
36013,0.703159
36014,0.881868
36015,0.900939
36016,0.91101
36017,0.089675
36018,0.416087
36019,0.139154
36020,0.921565
36021,0.673957
36022,0.975627
36023,0.814251
36024,0.959063
36025,0.98143
36026,0.842092
36027,0.87538
36028,0.86421
36029,0.919939
36030,0.701895
36031,0.868645
36032,0.458763
36033,0.721126
36034,0.926266
36035,0.807923
36036,0.867902
36037,0.713229
36038,0.55217
36039,0.662188
36040,0.364102
36041,0.071969
36042,0.698539
36043,0.746055
36044,0.927334
36045,0.70998
36046,0.983158
36047,0.698312
36048,0.725478
36049,0.487954
36050,0.819437
36051,0.977446
36052,0.375621
36053,0.177778
36054,0.873384
36055,0.858106
36056,0.462662
36057,0.497547
36058,0.919438
36059,0.557287
36060,0.83585
36061,0.938551
36062,0.485875
36063,0.69392
36064,0.800021
36065,0.860664
36066,0.754869
36067,0.624709
36068,0.711444
36069,0.509104
36070,0.608218
36071,0.593633
36072,0.800267
36073,0.940486
36074,0.79767
36075,0.49009
36076,0.57225
36077,0.925827
36078,0.50887
36079,0.683343
36080,0.790774
36081,0.724121
36082,0.396797
36083,0.503784
36084,0.679197
36085,0.584165
36086,0.977191
36087,0.559881
36088,0.356484
36089,0.555101
36090,0.748724
36091,0.592277
36092,0.797851
36093,0.690478
36094,0.747739
36095,0.970528
36096,0.405378
36097,0.516407
36098,0.069179
36099,0.923469
36100,0.660793
36101,0.948299
36102,0.885688
36103,0.402282
36104,0.774069
36105,0.775586
36106,0.903193
36107,0.673234
36108,0.736376
36109,0.775966
36110,0.762138
36111,0.726357
36112,0.755824
36113,0.617399
36114,0.646327
36115,0.950358
36116,0.634784
36117,0.983076
36118,0.927483
36119,0.928903
36120,0.898174
36121,0.915393
36122,0.732331
36123,0.822772
36124,0.815296
36125,0.832711
36126,0.592827
36127,0.53835
36128,0.784528
36129,0.608164
36130,0.893636
36131,0.942212
36132,0.625534
36133,0.890674
36134,0.624938
36135,0.879098
36136,0.844057
36137,0.852002
36138,0.713135
36139,0.814431
36140,0.993293
36141,0.944097
36142,0.927249
36143,0.608269
36144,0.621474
36145,0.733739
36146,0.935237
36147,0.853367
36148,0.587997
36149,0.684282
36150,0.63754
36151,0.883448
36152,0.676745
36153,0.333261
36154,0.91758
36155,0.933089
36156,0.913437
36157,0.92966
36158,0.893002
36159,0.79392
36160,0.13077
36161,0.910646
36162,0.774231
36163,0.409645
36164,0.821281
36165,0.618382
36166,0.881982
36167,0.736526
36168,0.81921
36169,0.701149
36170,0.666093
36171,0.928362
36172,0.15355
36173,0.669029
36174,0.842353
36175,0.719226
36176,0.804606
36177,0.851309
36178,0.702123
36179,0.860716
36180,0.885412
36181,0.898561
36182,0.71647
36183,0.762973
36184,0.825378
36185,0.5755
36186,0.959672
36187,0.75819
36188,0.811789
36189,0.881408
36190,0.659385
36191,0.555454
36192,0.934969
36193,0.465081
36194,0.558406
36195,0.862202
36196,0.66087
36197,0.969921
36198,0.9042
36199,0.806348
36200,0.74979
36201,0.946149
36202,0.871439
36203,0.84322
36204,0.664561
36205,0.952608
36206,0.244163
36207,0.544963
36208,0.760691
36209,0.810976
36210,0.70483
36211,0.903653
36212,0.689593
36213,0.836976
36214,0.908229
36215,0.464122
36216,0.838581
36217,0.078872
36218,0.566813
36219,0.891262
36220,0.515168
36221,0.898869
36222,0.718253
36223,0.957851
36224,0.652298
36225,0.85586
36226,0.911868
36227,0.970376
36228,0.567356
36229,0.827993
36230,0.598988
36231,0.046075
36232,0.986929
36233,0.616599
36234,0.836882
36235,0.788605
36236,0.634188
36237,0.700004
36238,0.799782
36239,0.211718
36240,0.785994
36241,0.738267
36242,0.739931
36243,0.980435
36244,0.867954
36245,0.649485
36246,0.619467
36247,0.64713
36248,0.952383
36249,0.76572
36250,0.797385
36251,0.728516
36252,0.884342
36253,0.47685
36254,0.203979
36255,0.762715
36256,0.931266
36257,0.454154
36258,0.963011
36259,0.570094
36260,0.730145
36261,0.882786
36262,0.791435
36263,0.800241
36264,0.922702
36265,0.616964
36266,0.842235
36267,0.10927
36268,0.891742
36269,0.734964
36270,0.783175
36271,0.708951
36272,0.579818
36273,0.798017
36274,0.095596
36275,0.321953
36276,0.764126
36277,0.725171
36278,0.852704
36279,0.771966
36280,0.97986
36281,0.803321
36282,0.59622
36283,0.564964
36284,0.819701
36285,0.485734
36286,0.824474
36287,0.753362
36288,0.92108
36289,0.979002
36290,0.603425
36291,0.641991
36292,0.813808
36293,0.652967
36294,0.769828
36295,0.83464
36296,0.788259
36297,0.804136
36298,0.873008
36299,0.62618
36300,0.645446
36301,0.596163
36302,0.797689
36303,0.946167
36304,0.746272
36305,0.970585
36306,0.935257
36307,0.910344
36308,0.98041
36309,0.707287
36310,0.885732
36311,0.967301
36312,0.557603
36313,0.859901
36314,0.735572
36315,0.94505
36316,0.956623
36317,0.87028
36318,0.795044
36319,0.754115
36320,0.930418
36321,0.915225
36322,0.831424
36323,0.201584
36324,0.856793
36325,0.49125
36326,0.83352
36327,0.94938
36328,0.659683
36329,0.700622
36330,0.957952
36331,0.746862
36332,0.597929
36333,0.668193
36334,0.60038
36335,0.685685
36336,0.843733
36337,0.974676
36338,0.295963
36339,0.947071
36340,0.637394
36341,0.974466
36342,0.787049
36343,0.913914
36344,0.912609
36345,0.87372
36346,0.785222
36347,0.645082
36348,0.703549
36349,0.749409
36350,0.950642
36351,0.807504
36352,0.605782
36353,0.510328
36354,0.417102
36355,0.870245
36356,0.659736
36357,0.896079
36358,0.824847
36359,0.905251
36360,0.923658
36361,0.743753
36362,0.802249
36363,0.464893
36364,0.676701
36365,0.429472
36366,0.952786
36367,0.458499
36368,0.873729
36369,0.608011
36370,0.667385
36371,0.785603
36372,0.735893
36373,0.544103
36374,0.263866
36375,0.707745
36376,0.683034
36377,0.808192
36378,0.701764
36379,0.700856
36380,0.387862
36381,0.541333
36382,0.963266
36383,0.708293
36384,0.949503
36385,0.953438
36386,0.916289
36387,0.801054
36388,0.918973
36389,0.590484
36390,0.89638
36391,0.85466
36392,0.903951
36393,0.803006
36394,0.685722
36395,0.703183
36396,0.472731
36397,0.058887
36398,0.972747
36399,0.824736
36400,0.927773
36401,0.580101
36402,0.689484
36403,0.913414
36404,0.623129
36405,0.538694
36406,0.77138
36407,0.922324
36408,0.60014
36409,0.689588
36410,0.858837
36411,0.178256
36412,0.841007
36413,0.230931
36414,0.946754
36415,0.890611
36416,0.71014
36417,0.855346
36418,0.619485
36419,0.861717
36420,0.823489
36421,0.901607
36422,0.600359
36423,0.907445
36424,0.656005
36425,0.579565
36426,0.450906
36427,0.563924
36428,0.85747
36429,0.960148
36430,0.669278
36431,0.823556
36432,0.803001
36433,0.74669
36434,0.589037
36435,0.502546
36436,0.945242
36437,0.535038
36438,0.832519
36439,0.367979
36440,0.900547
36441,0.831252
36442,0.736392
36443,0.81488
36444,0.679303
36445,0.965991
36446,0.976367
36447,0.129381
36448,0.650443
36449,0.782882
36450,0.835118
36451,0.915107
36452,0.575997
36453,0.621483
36454,0.589259
36455,0.474971
36456,0.892729
36457,0.702719
36458,0.869339
36459,0.674464
36460,0.545744
36461,0.725399
36462,0.536759
36463,0.032974
36464,0.055188
36465,0.847084
36466,0.731235
36467,0.719749
36468,0.919873
36469,0.618424
36470,0.734119
36471,0.762572
36472,0.096355
36473,0.953799
36474,0.661136
36475,0.661839
36476,0.635137
36477,0.534478
36478,0.875701
36479,0.831986
36480,0.609221
36481,0.454165
36482,0.917466
36483,0.982402
36484,0.684321
36485,0.914054
36486,0.60868
36487,0.754905
36488,0.83777
36489,0.92504
36490,0.861294
36491,0.517257
36492,0.481798
36493,0.664592
36494,0.533437
36495,0.691984
36496,0.628843
36497,0.425685
36498,0.93474
36499,0.823754
36500,0.766287
36501,0.523735
36502,0.943771
36503,0.742167
36504,0.302111
36505,0.840509
36506,0.548913
36507,0.983803
36508,0.838021
36509,0.664342
36510,0.985962
36511,0.525301
36512,0.777446
36513,0.202018
36514,0.850589
36515,0.418627
36516,0.544401
36517,0.671118
36518,0.339322
36519,0.9791
36520,0.808996
36521,0.584169
36522,0.845132
36523,0.679536
36524,0.715614
36525,0.937939
36526,0.569145
36527,0.629933
36528,0.902616
36529,0.540244
36530,0.683189
36531,0.78887
36532,0.520741
36533,0.598988
36534,0.829559
36535,0.651653
36536,0.40784
36537,0.986104
36538,0.476588
36539,0.654106
36540,0.812246
36541,0.875853
36542,0.678601
36543,0.672321
36544,0.859186
36545,0.953344
36546,0.640206
36547,0.710797
36548,0.547271
36549,0.577698
36550,0.672804
36551,0.743134
36552,0.899591
36553,0.344527
36554,0.850277
36555,0.702734
36556,0.881371
36557,0.700688
36558,0.900077
36559,0.881714
36560,0.673308
36561,0.977005
36562,0.623077
36563,0.865822
36564,0.618894
36565,0.68054
36566,0.695411
36567,0.739221
36568,0.743233
36569,0.775955
36570,0.70041
36571,0.832248
36572,0.709959
36573,0.960769
36574,0.066201
36575,0.953881
36576,0.591873
36577,0.935676
36578,0.811051
36579,0.946315
36580,0.79534
36581,0.975241
36582,0.764002
36583,0.785813
36584,0.982823
36585,0.613985
36586,0.924379
36587,0.577665
36588,0.783064
36589,0.850566
36590,0.413601
36591,0.676039
36592,0.686991
36593,0.746792
36594,0.946547
36595,0.718014
36596,0.924322
36597,0.51568
36598,0.877057
36599,0.6882
36600,0.847217
36601,0.900541
36602,0.882123
36603,0.422269
36604,0.80388
36605,0.674934
36606,0.785181
36607,0.792717
36608,0.573753
36609,0.69247
36610,0.556699
36611,0.859017
36612,0.919973
36613,0.925459
36614,0.976233
36615,0.940507
36616,0.660766
36617,0.948198
36618,0.968516
36619,0.51799
36620,0.546047
36621,0.628805
36622,0.758759
36623,0.75936
36624,0.951043
36625,0.801947
36626,0.590564
36627,0.779539
36628,0.771797
36629,0.95107
36630,0.574574
36631,0.593409
36632,0.621356
36633,0.707299
36634,0.697878
36635,0.896817
36636,0.59969
36637,0.732856
36638,0.893174
36639,0.535459
36640,0.803008
36641,0.385181
36642,0.250354
36643,0.723034
36644,0.916524
36645,0.69861
36646,0.529457
36647,0.777387
36648,0.665686
36649,0.897805
36650,0.81864
36651,0.850217
36652,0.629131
36653,0.976703
36654,0.917726
36655,0.831545
36656,0.742369
36657,0.781274
36658,0.500246
36659,0.977582
36660,0.750284
36661,0.934278
36662,0.860997
36663,0.938555
36664,0.871829
36665,0.707023
36666,0.481936
36667,0.957486
36668,0.970475
36669,0.634488
36670,0.862974
36671,0.484861
36672,0.814211
36673,0.867945
36674,0.755608
36675,0.44177
36676,0.890164
36677,0.950286
36678,0.815386
36679,0.8761
36680,0.838839
36681,0.854905
36682,0.985441
36683,0.086222
36684,0.423097
36685,0.762774
36686,0.907302
36687,0.64992
36688,0.737761
36689,0.83755
36690,0.688491
36691,0.616485
36692,0.774785
36693,0.715101
36694,0.684394
36695,0.847985
36696,0.405867
36697,0.688594
36698,0.646604
36699,0.500594
36700,0.427099
36701,0.686965
36702,0.925644
36703,0.604766
36704,0.756591
36705,0.660659
36706,0.731631
36707,0.820412
36708,0.671393
36709,0.624756
36710,0.911394
36711,0.778887
36712,0.829753
36713,0.808815
36714,0.664375
36715,0.772438
36716,0.567304
36717,0.523425
36718,0.6861
36719,0.53236
36720,0.814026
36721,0.869876
36722,0.652122
36723,0.826052
36724,0.718804
36725,0.938421
36726,0.706248
36727,0.591583
36728,0.808715
36729,0.698353
36730,0.963706
36731,0.775659
36732,0.737218
36733,0.925057
36734,0.710133
36735,0.573698
36736,0.680331
36737,0.663641
36738,0.649534
36739,0.669398
36740,0.094113
36741,0.940631
36742,0.74558
36743,0.650911
36744,0.928159
36745,0.67153
36746,0.841542
36747,0.619831
36748,0.891851
36749,0.948211
36750,0.659304
36751,0.872089
36752,0.403555
36753,0.473349
36754,0.58328
36755,0.834089
36756,0.928827
36757,0.917636
36758,0.492283
36759,0.69535
36760,0.430835
36761,0.760869
36762,0.845365
36763,0.961024
36764,0.857459
36765,0.370681
36766,0.453268
36767,0.767059
36768,0.893475
36769,0.57162
36770,0.055105
36771,0.727216
36772,0.719431
36773,0.687016
36774,0.479131
36775,0.867455
36776,0.813689
36777,0.132897
36778,0.917642
36779,0.896521
36780,0.720163
36781,0.647306
36782,0.957807
36783,0.955461
36784,0.065456
36785,0.742165
36786,0.81482
36787,0.921661
36788,0.94685
36789,0.641798
36790,0.339727
36791,0.813485
36792,0.967446
36793,0.40012
36794,0.704821
36795,0.736114
36796,0.844606
36797,0.807459
36798,0.513263
36799,0.83928
36800,0.880472
36801,0.995165
36802,0.603334
36803,0.742795
36804,0.822028
36805,0.742227
36806,0.662456
36807,0.83596
36808,0.588459
36809,0.620483
36810,0.691139
36811,0.630275
36812,0.815306
36813,0.929415
36814,0.361288
36815,0.868869
36816,0.809882
36817,0.874119
36818,0.785245
36819,0.519167
36820,0.405269
36821,0.748991
36822,0.739517
36823,0.534047
36824,0.914828
36825,0.585663
36826,0.775944
36827,0.614658
36828,0.698995
36829,0.737749
36830,0.713701
36831,0.948216
36832,0.835546
36833,0.764818
36834,0.737589
36835,0.45595
36836,0.719293
36837,0.778134
36838,0.956754
36839,0.360746
36840,0.674198
36841,0.545775
36842,0.770913
36843,0.72487
36844,0.802663
36845,0.927934
36846,0.420417
36847,0.638867
36848,0.982502
36849,0.687672
36850,0.719107
36851,0.945424
36852,0.806936
36853,0.881467
36854,0.458464
36855,0.364756
36856,0.791627
36857,0.969786
36858,0.946565
36859,0.813073
36860,0.765532
36861,0.84718
36862,0.886643
36863,0.787837
36864,0.961185
36865,0.837811
36866,0.397982
36867,0.854198
36868,0.761344
36869,0.5339
36870,0.557413
36871,0.919456
36872,0.841367
36873,0.966017
36874,0.91642
36875,0.420186
36876,0.68465
36877,0.542229
36878,0.642911
36879,0.432246
36880,0.661442
36881,0.719406
36882,0.489144
36883,0.89598
36884,0.632342
36885,0.700734
36886,0.755874
36887,0.83884
36888,0.709305
36889,0.656164
36890,0.867943
36891,0.871532
36892,0.570906
36893,0.245235
36894,0.1655
36895,0.706647
36896,0.70389
36897,0.856776
36898,0.93027
36899,0.696103
36900,0.702361
36901,0.870472
36902,0.088967
36903,0.932319
36904,0.736051
36905,0.111841
36906,0.52775
36907,0.238899
36908,0.60663
36909,0.823447
36910,0.826613
36911,0.605963
36912,0.717167
36913,0.822941
36914,0.641225
36915,0.649799
36916,0.992369
36917,0.750377
36918,0.809036
36919,0.870334
36920,0.723904
36921,0.214212
36922,0.601918
36923,0.630888
36924,0.405627
36925,0.719929
36926,0.653368
36927,0.729001
36928,0.915293
36929,0.881673
36930,0.718617
36931,0.566648
36932,0.675685
36933,0.947007
36934,0.797988
36935,0.964854
36936,0.902207
36937,0.785752
36938,0.585419
36939,0.485608
36940,0.904915
36941,0.732287
36942,0.464489
36943,0.804092
36944,0.941864
36945,0.626103
36946,0.90048
36947,0.876635
36948,0.463572
36949,0.912013
36950,0.859399
36951,0.909587
36952,0.882717
36953,0.677458
36954,0.471492
36955,0.831711
36956,0.943167
36957,0.832586
36958,0.927939
36959,0.807886
36960,0.650101
36961,0.61986
36962,0.970644
36963,0.819815
36964,0.876597
36965,0.851585
36966,0.974669
36967,0.890086
36968,0.808734
36969,0.827787
36970,0.86235
36971,0.813827
36972,0.965364
36973,0.915955
36974,0.729381
36975,0.486266
36976,0.97036
36977,0.552263
36978,0.61421
36979,0.711316
36980,0.661026
36981,0.98087
36982,0.961624
36983,0.536772
36984,0.721535
36985,0.929436
36986,0.745304
36987,0.701057
36988,0.56415
36989,0.81334
36990,0.869029
36991,0.42849
36992,0.78562
36993,0.616108
36994,0.856334
36995,0.776823
36996,0.339771
36997,0.394595
36998,0.247528
36999,0.124204
37000,0.794075
37001,0.75223
37002,0.512831
37003,0.676797
37004,0.73295
37005,0.874165
37006,0.595212
37007,0.681114
37008,0.688342
37009,0.248838
37010,0.671208
37011,0.903296
37012,0.467337
37013,0.95775
37014,0.52052
37015,0.562875
37016,0.073285
37017,0.989827
37018,0.335054
37019,0.824195
37020,0.731381
37021,0.903918
37022,0.400106
37023,0.635446
37024,0.523664
37025,0.760647
37026,0.904569
37027,0.634437
37028,0.256023
37029,0.921883
37030,0.900408
37031,0.618856
37032,0.604474
37033,0.642034
37034,0.729525
37035,0.520874
37036,0.839081
37037,0.913912
37038,0.59759
37039,0.543454
37040,0.751964
37041,0.629748
37042,0.511856
37043,0.06174
37044,0.984088
37045,0.610216
37046,0.061665
37047,0.886956
37048,0.697299
37049,0.648592
37050,0.965703
37051,0.133239
37052,0.042057
37053,0.931342
37054,0.732585
37055,0.685697
37056,0.522621
37057,0.809414
37058,0.623706
37059,0.652038
37060,0.60161
37061,0.908376
37062,0.5755
37063,0.785169
37064,0.180572
37065,0.923886
37066,0.709971
37067,0.838697
37068,0.898397
37069,0.469229
37070,0.551592
37071,0.496385
37072,0.656291
37073,0.789134
37074,0.509852
37075,0.859974
37076,0.989865
37077,0.516221
37078,0.262087
37079,0.870018
37080,0.91742
37081,0.840535
37082,0.706489
37083,0.641748
37084,0.947049
37085,0.487607
37086,0.986201
37087,0.836811
37088,0.752425
37089,0.917706
37090,0.478959
37091,0.744686
37092,0.730756
37093,0.684628
37094,0.898094
37095,0.986793
37096,0.927337
37097,0.572008
37098,0.578918
37099,0.545372
37100,0.967946
37101,0.228863
37102,0.795651
37103,0.637791
37104,0.093422
37105,0.825315
37106,0.856355
37107,0.74926
37108,0.903986
37109,0.973467
37110,0.411022
37111,0.689512
37112,0.584597
37113,0.644234
37114,0.945311
37115,0.635196
37116,0.617923
37117,0.971401
37118,0.960824
37119,0.741236
37120,0.612929
37121,0.441173
37122,0.552997
37123,0.727211
37124,0.986663
37125,0.855091
37126,0.472893
37127,0.811162
37128,0.526983
37129,0.622533
37130,0.068825
37131,0.628024
37132,0.849658
37133,0.7072
37134,0.658005
37135,0.721368
37136,0.704502
37137,0.726222
37138,0.112275
37139,0.616272
37140,0.532933
37141,0.657389
37142,0.649579
37143,0.746983
37144,0.882038
37145,0.832405
37146,0.856768
37147,0.535616
37148,0.061513
37149,0.250884
37150,0.741605
37151,0.680088
37152,0.762781
37153,0.900764
37154,0.663595
37155,0.748714
37156,0.505385
37157,0.641704
37158,0.965137
37159,0.34843
37160,0.786234
37161,0.904602
37162,0.869107
37163,0.87607
37164,0.594456
37165,0.739503
37166,0.728871
37167,0.489006
37168,0.955283
37169,0.659795
37170,0.834005
37171,0.791112
37172,0.560153
37173,0.838918
37174,0.893575
37175,0.706475
37176,0.945293
37177,0.769656
37178,0.967574
37179,0.729474
37180,0.781672
37181,0.95478
37182,0.810171
37183,0.676929
37184,0.648811
37185,0.105679
37186,0.876706
37187,0.725528
37188,0.595269
37189,0.871893
37190,0.601063
37191,0.777286
37192,0.458239
37193,0.880408
37194,0.81859
37195,0.986826
37196,0.77436
37197,0.565594
37198,0.699809
37199,0.604747
37200,0.788899
37201,0.479455
37202,0.736641
37203,0.552389
37204,0.99043
37205,0.901552
37206,0.48824
37207,0.971752
37208,0.567362
37209,0.810954
37210,0.783737
37211,0.86636
37212,0.602357
37213,0.965815
37214,0.457539
37215,0.567783
37216,0.979632
37217,0.495447
37218,0.307532
37219,0.674071
37220,0.961281
37221,0.59432
37222,0.742555
37223,0.862034
37224,0.741731
37225,0.847715
37226,0.517277
37227,0.974086
37228,0.454224
37229,0.499891
37230,0.945475
37231,0.860891
37232,0.685743
37233,0.642711
37234,0.698391
37235,0.661216
37236,0.914991
37237,0.69532
37238,0.708013
37239,0.656401
37240,0.517569
37241,0.904007
37242,0.588383
37243,0.735784
37244,0.678683
37245,0.784409
37246,0.699715
37247,0.852535
37248,0.768145
37249,0.646692
37250,0.872787
37251,0.943603
37252,0.671197
37253,0.626474
37254,0.526567
37255,0.918074
37256,0.807976
37257,0.671763
37258,0.799493
37259,0.928965
37260,0.974625
37261,0.670216
37262,0.839451
37263,0.633393
37264,0.551348
37265,0.63822
37266,0.95131
37267,0.87636
37268,0.94867
37269,0.765531
37270,0.860177
37271,0.704939
37272,0.765085
37273,0.640313
37274,0.662408
37275,0.881806
37276,0.771756
37277,0.386758
37278,0.93837
37279,0.64248
37280,0.847299
37281,0.857879
37282,0.74273
37283,0.924585
37284,0.917494
37285,0.885167
37286,0.928463
37287,0.347646
37288,0.893349
37289,0.657873
37290,0.915327
37291,0.67127
37292,0.795508
37293,0.56415
37294,0.89355
37295,0.562538
37296,0.867175
37297,0.978303
37298,0.652065
37299,0.292576
37300,0.538107
37301,0.962342
37302,0.935413
37303,0.979451
37304,0.656475
37305,0.860917
37306,0.665167
37307,0.213312
37308,0.846862
37309,0.530688
37310,0.677679
37311,0.546765
37312,0.823322
37313,0.54538
37314,0.475845
37315,0.792831
37316,0.549819
37317,0.765385
37318,0.681125
37319,0.85751
37320,0.581715
37321,0.736888
37322,0.609194
37323,0.762396
37324,0.71578
37325,0.971452
37326,0.677358
37327,0.690681
37328,0.750149
37329,0.944439
37330,0.58223
37331,0.15955
37332,0.924572
37333,0.60394
37334,0.136593
37335,0.62387
37336,0.895218
37337,0.717928
37338,0.606739
37339,0.07106
37340,0.599753
37341,0.935092
37342,0.969849
37343,0.853457
37344,0.635623
37345,0.35107
37346,0.68913
37347,0.558381
37348,0.615225
37349,0.79564
37350,0.796161
37351,0.48293
37352,0.525877
37353,0.740106
37354,0.782907
37355,0.747751
37356,0.941377
37357,0.629974
37358,0.710189
37359,0.743748
37360,0.782495
37361,0.912351
37362,0.927752
37363,0.908729
37364,0.985603
37365,0.683047
37366,0.627362
37367,0.893316
37368,0.7463
37369,0.692514
37370,0.752768
37371,0.674343
37372,0.656125
37373,0.840776
37374,0.914383
37375,0.718936
37376,0.834347
37377,0.985915
37378,0.697616
37379,0.578367
37380,0.881677
37381,0.633337
37382,0.889509
37383,0.974733
37384,0.607468
37385,0.803635
37386,0.942821
37387,0.887764
37388,0.511893
37389,0.407626
37390,0.809251
37391,0.748092
37392,0.913239
37393,0.600927
37394,0.893111
37395,0.615382
37396,0.403231
37397,0.091831
37398,0.97245
37399,0.895833
37400,0.890303
37401,0.690046
37402,0.660843
37403,0.900488
37404,0.653084
37405,0.5457
37406,0.665168
37407,0.801646
37408,0.807354
37409,0.565011
37410,0.620042
37411,0.813013
37412,0.983742
37413,0.638044
37414,0.947332
37415,0.937948
37416,0.817449
37417,0.774728
37418,0.632798
37419,0.384836
37420,0.922235
37421,0.719171
37422,0.856562
37423,0.948343
37424,0.816777
37425,0.756146
37426,0.77432
37427,0.731012
37428,0.913299
37429,0.662681
37430,0.791359
37431,0.588913
37432,0.83857
37433,0.535385
37434,0.65035
37435,0.542648
37436,0.530242
37437,0.637825
37438,0.991499
37439,0.900095
37440,0.759957
37441,0.1692
37442,0.60221
37443,0.589031
37444,0.988839
37445,0.869792
37446,0.713586
37447,0.778806
37448,0.083862
37449,0.622845
37450,0.723536
37451,0.657621
37452,0.819387
37453,0.516637
37454,0.948759
37455,0.182112
37456,0.899244
37457,0.69108
37458,0.769353
37459,0.398923
37460,0.302651
37461,0.695463
37462,0.906506
37463,0.951808
37464,0.588946
37465,0.593824
37466,0.960553
37467,0.69947
37468,0.798343
37469,0.604415
37470,0.712687
37471,0.827732
37472,0.888193
37473,0.523439
37474,0.990486
37475,0.97976
37476,0.544283
37477,0.854609
37478,0.746529
37479,0.809951
37480,0.057612
37481,0.640282
37482,0.790561
37483,0.740086
37484,0.743408
37485,0.495457
37486,0.726161
37487,0.754404
37488,0.838262
37489,0.512913
37490,0.941609
37491,0.911383
37492,0.456925
37493,0.421517
37494,0.87458
37495,0.938304
37496,0.652578
37497,0.633133
37498,0.543173
37499,0.808776
37500,0.666835
37501,0.551213
37502,0.799961
37503,0.614454
37504,0.507111
37505,0.835248
37506,0.434935
37507,0.470346
37508,0.982594
37509,0.640859
37510,0.611764
37511,0.867206
37512,0.461697
37513,0.642578
37514,0.983955
37515,0.838064
37516,0.725898
37517,0.812259
37518,0.659808
37519,0.583432
37520,0.724911
37521,0.550658
37522,0.63818
37523,0.922718
37524,0.730815
37525,0.666308
37526,0.590605
37527,0.820325
37528,0.847548
37529,0.59664
37530,0.630128
37531,0.789153
37532,0.902164
37533,0.747493
37534,0.508017
37535,0.865147
37536,0.623529
37537,0.710324
37538,0.750522
37539,0.771952
37540,0.810502
37541,0.565119
37542,0.779736
37543,0.582931
37544,0.710416
37545,0.958166
37546,0.80838
37547,0.749079
37548,0.950349
37549,0.858969
37550,0.698362
37551,0.66704
37552,0.790308
37553,0.467697
37554,0.847528
37555,0.908814
37556,0.943636
37557,0.985677
37558,0.787145
37559,0.781208
37560,0.094502
37561,0.797103
37562,0.785654
37563,0.868638
37564,0.73478
37565,0.53698
37566,0.673664
37567,0.590309
37568,0.857634
37569,0.809125
37570,0.689399
37571,0.651265
37572,0.672753
37573,0.94579
37574,0.587513
37575,0.806586
37576,0.649728
37577,0.884964
37578,0.719976
37579,0.675366
37580,0.832263
37581,0.756252
37582,0.224424
37583,0.818225
37584,0.976289
37585,0.63961
37586,0.984248
37587,0.857387
37588,0.835648
37589,0.228113
37590,0.763336
37591,0.829535
37592,0.656265
37593,0.79281
37594,0.841821
37595,0.790396
37596,0.74382
37597,0.661763
37598,0.37271
37599,0.847588
37600,0.861386
37601,0.953848
37602,0.848766
37603,0.625325
37604,0.645991
37605,0.735705
37606,0.797731
37607,0.711862
37608,0.232034
37609,0.703865
37610,0.609241
37611,0.920294
37612,0.478507
37613,0.580616
37614,0.649269
37615,0.893789
37616,0.598836
37617,0.64601
37618,0.809224
37619,0.554472
37620,0.963149
37621,0.896793
37622,0.685468
37623,0.927375
37624,0.658331
37625,0.98419
37626,0.695728
37627,0.667879
37628,0.797279
37629,0.785036
37630,0.714126
37631,0.885062
37632,0.429866
37633,0.708266
37634,0.414878
37635,0.724222
37636,0.61283
37637,0.868615
37638,0.756505
37639,0.656452
37640,0.043256
37641,0.764902
37642,0.734348
37643,0.570691
37644,0.604503
37645,0.540787
37646,0.062757
37647,0.559926
37648,0.132616
37649,0.600497
37650,0.813311
37651,0.75147
37652,0.652419
37653,0.677012
37654,0.94722
37655,0.904747
37656,0.73914
37657,0.657997
37658,0.505697
37659,0.14468
37660,0.070223
37661,0.433184
37662,0.900325
37663,0.714358
37664,0.871508
37665,0.651546
37666,0.361286
37667,0.988481
37668,0.746749
37669,0.516805
37670,0.684987
37671,0.595496
37672,0.463252
37673,0.77897
37674,0.683998
37675,0.161819
37676,0.902902
37677,0.756136
37678,0.477511
37679,0.958401
37680,0.768881
37681,0.556163
37682,0.935726
37683,0.446363
37684,0.893307
37685,0.711619
37686,0.843115
37687,0.742622
37688,0.451351
37689,0.932736
37690,0.920071
37691,0.96063
37692,0.665764
37693,0.880253
37694,0.653375
37695,0.828283
37696,0.722846
37697,0.671834
37698,0.790006
37699,0.767487
37700,0.149076
37701,0.926101
37702,0.533677
37703,0.416835
37704,0.7835
37705,0.616763
37706,0.562106
37707,0.712447
37708,0.687045
37709,0.838955
37710,0.915257
37711,0.797629
37712,0.696396
37713,0.451754
37714,0.736627
37715,0.61133
37716,0.213055
37717,0.718828
37718,0.510949
37719,0.977634
37720,0.295716
37721,0.63755
37722,0.782939
37723,0.699312
37724,0.967825
37725,0.733138
37726,0.733961
37727,0.886063
37728,0.671132
37729,0.888516
37730,0.7181
37731,0.686722
37732,0.803617
37733,0.835585
37734,0.695402
37735,0.81901
37736,0.872505
37737,0.781216
37738,0.972788
37739,0.970402
37740,0.720812
37741,0.909632
37742,0.664585
37743,0.729319
37744,0.653381
37745,0.91471
37746,0.584
37747,0.664319
37748,0.821797
37749,0.708398
37750,0.94196
37751,0.814992
37752,0.822488
37753,0.48172
37754,0.830373
37755,0.785177
37756,0.889251
37757,0.60479
37758,0.927221
37759,0.81969
37760,0.838749
37761,0.859042
37762,0.424698
37763,0.386429
37764,0.590438
37765,0.531905
37766,0.983284
37767,0.861879
37768,0.951555
37769,0.52612
37770,0.842184
37771,0.704874
37772,0.43244
37773,0.443507
37774,0.583952
37775,0.763181
37776,0.842037
37777,0.781112
37778,0.728341
37779,0.976472
37780,0.80785
37781,0.859577
37782,0.584655
37783,0.917894
37784,0.981985
37785,0.826828
37786,0.591927
37787,0.902556
37788,0.246611
37789,0.781468
37790,0.654718
37791,0.978846
37792,0.687831
37793,0.622294
37794,0.864431
37795,0.859845
37796,0.637166
37797,0.460396
37798,0.766061
37799,0.740132
37800,0.787346
37801,0.678612
37802,0.65895
37803,0.785512
37804,0.820819
37805,0.753244
37806,0.960167
37807,0.887422
37808,0.846695
37809,0.433569
37810,0.160724
37811,0.898876
37812,0.41807
37813,0.502003
37814,0.673201
37815,0.832264
37816,0.75605
37817,0.885481
37818,0.756373
37819,0.52517
37820,0.686048
37821,0.653783
37822,0.948305
37823,0.855102
37824,0.838844
37825,0.809081
37826,0.798968
37827,0.895521
37828,0.877978
37829,0.824538
37830,0.627723
37831,0.672716
37832,0.653095
37833,0.922418
37834,0.736929
37835,0.718219
37836,0.738491
37837,0.43949
37838,0.737591
37839,0.740926
37840,0.745439
37841,0.95743
37842,0.875571
37843,0.531045
37844,0.785474
37845,0.560989
37846,0.728485
37847,0.983849
37848,0.953504
37849,0.983752
37850,0.562773
37851,0.931728
37852,0.57351
37853,0.820532
37854,0.625942
37855,0.695919
37856,0.836716
37857,0.758794
37858,0.936525
37859,0.720647
37860,0.747868
37861,0.800291
37862,0.352434
37863,0.769549
37864,0.714437
37865,0.71769
37866,0.739483
37867,0.910011
37868,0.697674
37869,0.478468
37870,0.620311
37871,0.695429
37872,0.578489
37873,0.819216
37874,0.650257
37875,0.783131
37876,0.544613
37877,0.696269
37878,0.709807
37879,0.847119
37880,0.547038
37881,0.603108
37882,0.970235
37883,0.881974
37884,0.871371
37885,0.630614
37886,0.643009
37887,0.799611
37888,0.624214
37889,0.593956
37890,0.517342
37891,0.751626
37892,0.980772
37893,0.876127
37894,0.623055
37895,0.816572
37896,0.819163
37897,0.422186
37898,0.984877
37899,0.787852
37900,0.67979
37901,0.807771
37902,0.886607
37903,0.855759
37904,0.301453
37905,0.670016
37906,0.762018
37907,0.614949
37908,0.977878
37909,0.685352
37910,0.83084
37911,0.907887
37912,0.872183
37913,0.338424
37914,0.815124
37915,0.857997
37916,0.824592
37917,0.694488
37918,0.388694
37919,0.985754
37920,0.711663
37921,0.775893
37922,0.928436
37923,0.954543
37924,0.544023
37925,0.758748
37926,0.463921
37927,0.9023
37928,0.628645
37929,0.728518
37930,0.663342
37931,0.919464
37932,0.824724
37933,0.988209
37934,0.257552
37935,0.75053
37936,0.388157
37937,0.773498
37938,0.576135
37939,0.61024
37940,0.75
37941,0.970627
37942,0.709469
37943,0.907394
37944,0.957312
37945,0.869522
37946,0.612597
37947,0.690408
37948,0.257066
37949,0.406242
37950,0.91521
37951,0.960863
37952,0.769498
37953,0.865895
37954,0.837124
37955,0.589899
37956,0.472141
37957,0.811167
37958,0.897792
37959,0.685687
37960,0.967236
37961,0.712557
37962,0.912648
37963,0.893239
37964,0.577808
37965,0.632753
37966,0.576459
37967,0.934657
37968,0.792315
37969,0.614561
37970,0.826693
37971,0.985911
37972,0.921702
37973,0.762185
37974,0.64538
37975,0.641628
37976,0.715411
37977,0.932012
37978,0.755047
37979,0.595263
37980,0.857236
37981,0.660195
37982,0.940356
37983,0.776248
37984,0.193214
37985,0.955189
37986,0.514873
37987,0.730438
37988,0.707135
37989,0.585617
37990,0.827583
37991,0.812005
37992,0.639773
37993,0.895106
37994,0.695515
37995,0.969621
37996,0.878062
37997,0.902749
37998,0.957977
37999,0.346992
38000,0.329889
38001,0.570372
38002,0.642288
38003,0.781074
38004,0.484217
38005,0.561695
38006,0.901773
38007,0.90099
38008,0.293026
38009,0.526396
38010,0.756071
38011,0.905477
38012,0.896654
38013,0.609906
38014,0.645316
38015,0.49289
38016,0.773469
38017,0.198933
38018,0.970138
38019,0.922772
38020,0.917007
38021,0.64206
38022,0.446888
38023,0.679096
38024,0.973632
38025,0.68451
38026,0.817138
38027,0.982745
38028,0.842003
38029,0.928441
38030,0.856966
38031,0.061466
38032,0.957652
38033,0.958946
38034,0.715098
38035,0.907627
38036,0.842976
38037,0.872046
38038,0.654498
38039,0.918032
38040,0.457518
38041,0.814543
38042,0.713367
38043,0.661317
38044,0.716095
38045,0.904817
38046,0.631211
38047,0.63285
38048,0.401648
38049,0.876731
38050,0.781226
38051,0.950518
38052,0.8825
38053,0.794965
38054,0.715657
38055,0.905865
38056,0.797209
38057,0.720755
38058,0.728983
38059,0.893961
38060,0.786156
38061,0.862218
38062,0.878453
38063,0.105653
38064,0.480221
38065,0.793169
38066,0.662808
38067,0.15374
38068,0.173234
38069,0.795196
38070,0.45099
38071,0.879368
38072,0.965414
38073,0.779019
38074,0.841901
38075,0.978848
38076,0.523263
38077,0.969546
38078,0.745701
38079,0.172569
38080,0.950901
38081,0.225577
38082,0.855056
38083,0.962696
38084,0.935934
38085,0.418533
38086,0.820461
38087,0.771919
38088,0.8959
38089,0.884765
38090,0.976034
38091,0.488091
38092,0.680798
38093,0.672803
38094,0.838943
38095,0.59551
38096,0.827233
38097,0.846114
38098,0.642728
38099,0.974176
38100,0.733832
38101,0.922019
38102,0.977328
38103,0.815353
38104,0.971635
38105,0.814819
38106,0.896996
38107,0.531414
38108,0.76409
38109,0.463994
38110,0.477177
38111,0.910233
38112,0.601768
38113,0.714593
38114,0.911533
38115,0.69474
38116,0.941373
38117,0.919361
38118,0.967983
38119,0.827864
38120,0.690514
38121,0.474755
38122,0.937499
38123,0.898717
38124,0.816982
38125,0.824455
38126,0.767081
38127,0.742902
38128,0.66953
38129,0.729293
38130,0.83343
38131,0.10759
38132,0.572135
38133,0.756663
38134,0.654614
38135,0.721026
38136,0.776416
38137,0.581935
38138,0.862303
38139,0.495104
38140,0.658646
38141,0.935113
38142,0.982825
38143,0.555408
38144,0.419721
38145,0.731582
38146,0.710614
38147,0.687444
38148,0.92858
38149,0.729238
38150,0.78755
38151,0.933834
38152,0.455012
38153,0.683471
38154,0.794514
38155,0.758807
38156,0.844705
38157,0.85581
38158,0.648712
38159,0.803895
38160,0.959943
38161,0.811827
38162,0.82754
38163,0.581591
38164,0.904845
38165,0.516348
38166,0.613571
38167,0.844372
38168,0.96736
38169,0.83957
38170,0.667103
38171,0.543628
38172,0.560793
38173,0.683714
38174,0.82989
38175,0.393042
38176,0.513733
38177,0.83844
38178,0.543844
38179,0.924014
38180,0.99308
38181,0.804166
38182,0.645437
38183,0.493213
38184,0.621137
38185,0.741354
38186,0.917054
38187,0.680233
38188,0.898841
38189,0.564111
38190,0.795993
38191,0.962006
38192,0.85866
38193,0.954871
38194,0.740134
38195,0.80038
38196,0.98436
38197,0.960835
38198,0.992671
38199,0.82908
38200,0.598788
38201,0.863718
38202,0.454217
38203,0.683016
38204,0.976747
38205,0.52212
38206,0.533379
38207,0.087538
38208,0.972774
38209,0.692625
38210,0.849671
38211,0.79841
38212,0.760756
38213,0.066081
38214,0.288984
38215,0.818973
38216,0.139824
38217,0.663509
38218,0.617666
38219,0.967109
38220,0.540215
38221,0.782064
38222,0.294679
38223,0.749069
38224,0.899383
38225,0.948316
38226,0.933865
38227,0.745608
38228,0.421219
38229,0.678951
38230,0.4642
38231,0.966141
38232,0.719908
38233,0.743741
38234,0.912983
38235,0.687677
38236,0.972472
38237,0.58174
38238,0.808282
38239,0.6161
38240,0.718478
38241,0.862095
38242,0.742008
38243,0.690701
38244,0.641298
38245,0.711953
38246,0.731226
38247,0.850134
38248,0.218597
38249,0.910106
38250,0.945512
38251,0.482578
38252,0.687376
38253,0.907775
38254,0.969927
38255,0.766896
38256,0.471118
38257,0.798384
38258,0.848788
38259,0.759635
38260,0.846339
38261,0.566284
38262,0.563958
38263,0.660191
38264,0.453555
38265,0.638759
38266,0.746054
38267,0.819087
38268,0.981865
38269,0.717972
38270,0.989015
38271,0.080593
38272,0.913394
38273,0.789407
38274,0.610156
38275,0.902634
38276,0.844516
38277,0.681631
38278,0.952372
38279,0.452223
38280,0.826558
38281,0.732239
38282,0.336058
38283,0.761389
38284,0.713466
38285,0.791412
38286,0.883497
38287,0.710898
38288,0.980003
38289,0.587355
38290,0.763986
38291,0.953829
38292,0.782328
38293,0.914041
38294,0.983088
38295,0.85912
38296,0.911889
38297,0.614785
38298,0.82316
38299,0.541725
38300,0.912744
38301,0.644197
38302,0.976671
38303,0.674702
38304,0.205993
38305,0.543959
38306,0.683299
38307,0.902147
38308,0.805328
38309,0.553761
38310,0.719184
38311,0.723176
38312,0.902481
38313,0.715802
38314,0.714206
38315,0.898783
38316,0.904884
38317,0.798243
38318,0.677775
38319,0.767518
38320,0.967863
38321,0.809486
38322,0.77549
38323,0.919923
38324,0.936982
38325,0.519273
38326,0.892101
38327,0.703918
38328,0.731336
38329,0.879742
38330,0.723179
38331,0.890856
38332,0.680301
38333,0.88229
38334,0.246555
38335,0.538924
38336,0.705246
38337,0.593859
38338,0.804311
38339,0.642978
38340,0.692975
38341,0.666129
38342,0.770523
38343,0.694676
38344,0.909663
38345,0.808041
38346,0.964117
38347,0.802499
38348,0.954344
38349,0.717087
38350,0.922656
38351,0.621231
38352,0.584114
38353,0.96572
38354,0.622119
38355,0.747588
38356,0.683539
38357,0.616391
38358,0.828592
38359,0.974463
38360,0.97654
38361,0.436449
38362,0.714509
38363,0.663842
38364,0.571137
38365,0.471549
38366,0.917192
38367,0.544635
38368,0.798576
38369,0.527502
38370,0.801182
38371,0.903234
38372,0.565638
38373,0.985887
38374,0.686978
38375,0.954953
38376,0.97273
38377,0.912057
38378,0.376891
38379,0.862615
38380,0.754096
38381,0.7408
38382,0.456136
38383,0.950646
38384,0.407766
38385,0.803124
38386,0.622386
38387,0.467096
38388,0.755154
38389,0.977965
38390,0.872764
38391,0.752468
38392,0.902597
38393,0.65064
38394,0.436499
38395,0.558426
38396,0.933081
38397,0.679973
38398,0.882447
38399,0.811837
38400,0.649163
38401,0.939994
38402,0.971574
38403,0.742493
38404,0.904476
38405,0.636293
38406,0.685853
38407,0.770685
38408,0.621702
38409,0.977297
38410,0.47348
38411,0.950851
38412,0.850357
38413,0.264289
38414,0.546156
38415,0.986004
38416,0.917513
38417,0.74361
38418,0.818294
38419,0.779485
38420,0.814733
38421,0.988942
38422,0.617146
38423,0.824246
38424,0.72002
38425,0.907083
38426,0.591391
38427,0.589004
38428,0.544974
38429,0.982328
38430,0.569885
38431,0.835506
38432,0.636791
38433,0.4389
38434,0.470002
38435,0.802126
38436,0.492773
38437,0.860321
38438,0.630309
38439,0.575754
38440,0.909966
38441,0.945313
38442,0.926234
38443,0.960125
38444,0.811907
38445,0.902861
38446,0.798867
38447,0.630366
38448,0.973958
38449,0.777751
38450,0.542904
38451,0.707263
38452,0.546095
38453,0.970946
38454,0.474776
38455,0.186511
38456,0.870378
38457,0.823325
38458,0.711095
38459,0.306809
38460,0.805757
38461,0.98505
38462,0.690039
38463,0.619225
38464,0.876219
38465,0.720041
38466,0.811812
38467,0.805222
38468,0.466029
38469,0.727768
38470,0.884943
38471,0.706784
38472,0.688738
38473,0.808988
38474,0.648483
38475,0.63557
38476,0.764688
38477,0.589232
38478,0.909838
38479,0.854487
38480,0.833413
38481,0.687852
38482,0.927826
38483,0.634246
38484,0.845829
38485,0.505401
38486,0.666015
38487,0.616202
38488,0.895363
38489,0.929786
38490,0.954789
38491,0.770705
38492,0.788201
38493,0.507315
38494,0.852901
38495,0.361547
38496,0.764633
38497,0.608663
38498,0.964186
38499,0.71273
38500,0.19929
38501,0.813403
38502,0.52595
38503,0.873676
38504,0.939576
38505,0.534565
38506,0.695052
38507,0.462316
38508,0.663969
38509,0.678582
38510,0.928695
38511,0.771849
38512,0.772581
38513,0.728128
38514,0.884381
38515,0.905901
38516,0.650194
38517,0.571501
38518,0.837009
38519,0.80046
38520,0.773746
38521,0.369424
38522,0.932211
38523,0.944463
38524,0.597901
38525,0.407298
38526,0.900961
38527,0.773939
38528,0.601612
38529,0.427087
38530,0.935713
38531,0.768679
38532,0.683874
38533,0.803361
38534,0.572246
38535,0.566371
38536,0.854182
38537,0.202967
38538,0.662009
38539,0.562882
38540,0.469162
38541,0.69258
38542,0.649079
38543,0.926091
38544,0.630231
38545,0.542382
38546,0.657676
38547,0.990322
38548,0.80098
38549,0.797804
38550,0.752827
38551,0.690661
38552,0.823769
38553,0.586868
38554,0.656262
38555,0.720485
38556,0.916737
38557,0.793355
38558,0.582219
38559,0.779365
38560,0.833971
38561,0.702458
38562,0.698167
38563,0.844501
38564,0.493747
38565,0.846774
38566,0.906965
38567,0.570246
38568,0.787598
38569,0.587703
38570,0.653611
38571,0.503351
38572,0.590487
38573,0.711233
38574,0.949749
38575,0.847021
38576,0.93115
38577,0.830421
38578,0.519762
38579,0.845277
38580,0.971682
38581,0.98027
38582,0.647283
38583,0.56491
38584,0.646073
38585,0.725011
38586,0.4865
38587,0.833738
38588,0.34648
38589,0.699934
38590,0.934975
38591,0.754446
38592,0.747287
38593,0.866663
38594,0.976761
38595,0.697095
38596,0.916384
38597,0.154375
38598,0.489595
38599,0.986035
38600,0.786945
38601,0.834205
38602,0.550805
38603,0.850367
38604,0.703696
38605,0.904106
38606,0.696866
38607,0.808066
38608,0.472491
38609,0.085954
38610,0.852621
38611,0.793082
38612,0.753647
38613,0.853468
38614,0.754946
38615,0.678512
38616,0.038675
38617,0.773725
38618,0.412697
38619,0.759847
38620,0.794641
38621,0.746547
38622,0.712735
38623,0.988301
38624,0.658811
38625,0.834871
38626,0.722
38627,0.668203
38628,0.664612
38629,0.638951
38630,0.622799
38631,0.574644
38632,0.861349
38633,0.64778
38634,0.93203
38635,0.967008
38636,0.95418
38637,0.911668
38638,0.642489
38639,0.951558
38640,0.855993
38641,0.668572
38642,0.737421
38643,0.922043
38644,0.666913
38645,0.662676
38646,0.860042
38647,0.7341
38648,0.842857
38649,0.535219
38650,0.677083
38651,0.712277
38652,0.820718
38653,0.4922
38654,0.987748
38655,0.945294
38656,0.689924
38657,0.756762
38658,0.879674
38659,0.751685
38660,0.919209
38661,0.730087
38662,0.457222
38663,0.906246
38664,0.426291
38665,0.964233
38666,0.978727
38667,0.9635
38668,0.789624
38669,0.088613
38670,0.914792
38671,0.342224
38672,0.423549
38673,0.426776
38674,0.800913
38675,0.592738
38676,0.824807
38677,0.883551
38678,0.50067
38679,0.845212
38680,0.866056
38681,0.961683
38682,0.801288
38683,0.744726
38684,0.672516
38685,0.495766
38686,0.810985
38687,0.858966
38688,0.616409
38689,0.852972
38690,0.552552
38691,0.70422
38692,0.857406
38693,0.912122
38694,0.7569
38695,0.565311
38696,0.914469
38697,0.672994
38698,0.661709
38699,0.310871
38700,0.724813
38701,0.605548
38702,0.828954
38703,0.707319
38704,0.933102
38705,0.720157
38706,0.234367
38707,0.934221
38708,0.880306
38709,0.59976
38710,0.883408
38711,0.576656
38712,0.179473
38713,0.875795
38714,0.867922
38715,0.652316
38716,0.687064
38717,0.589981
38718,0.778944
38719,0.800325
38720,0.867282
38721,0.589115
38722,0.882854
38723,0.556296
38724,0.926415
38725,0.887765
38726,0.715925
38727,0.833612
38728,0.577278
38729,0.629902
38730,0.745817
38731,0.493164
38732,0.746551
38733,0.983994
38734,0.956938
38735,0.978258
38736,0.799386
38737,0.944312
38738,0.436431
38739,0.23946
38740,0.720796
38741,0.901361
38742,0.903913
38743,0.698214
38744,0.618027
38745,0.669984
38746,0.631247
38747,0.981923
38748,0.884387
38749,0.636267
38750,0.978198
38751,0.789396
38752,0.79228
38753,0.762425
38754,0.815295
38755,0.636095
38756,0.188966
38757,0.927437
38758,0.814336
38759,0.887632
38760,0.519669
38761,0.513441
38762,0.035749
38763,0.85926
38764,0.968104
38765,0.956721
38766,0.655812
38767,0.656373
38768,0.843837
38769,0.960394
38770,0.748641
38771,0.502584
38772,0.83224
38773,0.719079
38774,0.699019
38775,0.491579
38776,0.391949
38777,0.773586
38778,0.645476
38779,0.775942
38780,0.744883
38781,0.968385
38782,0.710015
38783,0.413446
38784,0.929439
38785,0.060423
38786,0.25696
38787,0.653169
38788,0.82388
38789,0.812881
38790,0.915858
38791,0.534405
38792,0.972499
38793,0.507075
38794,0.982378
38795,0.958078
38796,0.566993
38797,0.744827
38798,0.600198
38799,0.977456
38800,0.619825
38801,0.96274
38802,0.905293
38803,0.541854
38804,0.664052
38805,0.431092
38806,0.981755
38807,0.713942
38808,0.674565
38809,0.961529
38810,0.860284
38811,0.605518
38812,0.968323
38813,0.868812
38814,0.864368
38815,0.900053
38816,0.937415
38817,0.536682
38818,0.707124
38819,0.61928
38820,0.461611
38821,0.979886
38822,0.376766
38823,0.766016
38824,0.133112
38825,0.889974
38826,0.871432
38827,0.951272
38828,0.889336
38829,0.245428
38830,0.8831
38831,0.643245
38832,0.812524
38833,0.971401
38834,0.65098
38835,0.968836
38836,0.776047
38837,0.64601
38838,0.935702
38839,0.578301
38840,0.973737
38841,0.767776
38842,0.980484
38843,0.803847
38844,0.632341
38845,0.848508
38846,0.513962
38847,0.553232
38848,0.649652
38849,0.819023
38850,0.721453
38851,0.521747
38852,0.737323
38853,0.787762
38854,0.760653
38855,0.956888
38856,0.669806
38857,0.908792
38858,0.673567
38859,0.344784
38860,0.958696
38861,0.503472
38862,0.439139
38863,0.823087
38864,0.901191
38865,0.534947
38866,0.946433
38867,0.744094
38868,0.774418
38869,0.538358
38870,0.602163
38871,0.917717
38872,0.8994
38873,0.759377
38874,0.986145
38875,0.835352
38876,0.838775
38877,0.93259
38878,0.539175
38879,0.96978
38880,0.832408
38881,0.603595
38882,0.772377
38883,0.605965
38884,0.930054
38885,0.863295
38886,0.977134
38887,0.672931
38888,0.667439
38889,0.523674
38890,0.609986
38891,0.776791
38892,0.519248
38893,0.080918
38894,0.679673
38895,0.785558
38896,0.901785
38897,0.807949
38898,0.801645
38899,0.862184
38900,0.458757
38901,0.768967
38902,0.229887
38903,0.538595
38904,0.819065
38905,0.890211
38906,0.548014
38907,0.746566
38908,0.676361
38909,0.933912
38910,0.500526
38911,0.782338
38912,0.432377
38913,0.871948
38914,0.822181
38915,0.934577
38916,0.652068
38917,0.819113
38918,0.91696
38919,0.898473
38920,0.967154
38921,0.945796
38922,0.846896
38923,0.806568
38924,0.704649
38925,0.694948
38926,0.663736
38927,0.605564
38928,0.756667
38929,0.658038
38930,0.593118
38931,0.872511
38932,0.787812
38933,0.742665
38934,0.863908
38935,0.854925
38936,0.371206
38937,0.806816
38938,0.661702
38939,0.775483
38940,0.693205
38941,0.718706
38942,0.954106
38943,0.667693
38944,0.504993
38945,0.736309
38946,0.74678
38947,0.852608
38948,0.495959
38949,0.531246
38950,0.875399
38951,0.732879
38952,0.53173
38953,0.96934
38954,0.907767
38955,0.174679
38956,0.879111
38957,0.952237
38958,0.97253
38959,0.346048
38960,0.992509
38961,0.82893
38962,0.860925
38963,0.632495
38964,0.46345
38965,0.388445
38966,0.548894
38967,0.531991
38968,0.754043
38969,0.6147
38970,0.567575
38971,0.971789
38972,0.78815
38973,0.675274
38974,0.724881
38975,0.80472
38976,0.877497
38977,0.850854
38978,0.933017
38979,0.47993
38980,0.689016
38981,0.158101
38982,0.857638
38983,0.780095
38984,0.840627
38985,0.676598
38986,0.668939
38987,0.874755
38988,0.596354
38989,0.569938
38990,0.747205
38991,0.65548
38992,0.96798
38993,0.488661
38994,0.800065
38995,0.976603
38996,0.512526
38997,0.566727
38998,0.934555
38999,0.712478
39000,0.842922
39001,0.764313
39002,0.97038
39003,0.445901
39004,0.952403
39005,0.706042
39006,0.712291
39007,0.871557
39008,0.665939
39009,0.938745
39010,0.484092
39011,0.65704
39012,0.855663
39013,0.558159
39014,0.677192
39015,0.632474
39016,0.788882
39017,0.649064
39018,0.80254
39019,0.712527
39020,0.712646
39021,0.651922
39022,0.601599
39023,0.956007
39024,0.870591
39025,0.932886
39026,0.843294
39027,0.458424
39028,0.858338
39029,0.951963
39030,0.695721
39031,0.605521
39032,0.631413
39033,0.76493
39034,0.70635
39035,0.988879
39036,0.953075
39037,0.640022
39038,0.536348
39039,0.736792
39040,0.7131
39041,0.761394
39042,0.861398
39043,0.995236
39044,0.502515
39045,0.112187
39046,0.777757
39047,0.776066
39048,0.73536
39049,0.946207
39050,0.55116
39051,0.943898
39052,0.189809
39053,0.923775
39054,0.923764
39055,0.986102
39056,0.73191
39057,0.746298
39058,0.49576
39059,0.067255
39060,0.947583
39061,0.637248
39062,0.505758
39063,0.97279
39064,0.866732
39065,0.858071
39066,0.501726
39067,0.425175
39068,0.9879
39069,0.050852
39070,0.951966
39071,0.72675
39072,0.811718
39073,0.65864
39074,0.83663
39075,0.067483
39076,0.829705
39077,0.840231
39078,0.837673
39079,0.976675
39080,0.713497
39081,0.761919
39082,0.969182
39083,0.781138
39084,0.714539
39085,0.599371
39086,0.795314
39087,0.941434
39088,0.660957
39089,0.444469
39090,0.777747
39091,0.984293
39092,0.567362
39093,0.681949
39094,0.793843
39095,0.568336
39096,0.683803
39097,0.308453
39098,0.807673
39099,0.934919
39100,0.582902
39101,0.111847
39102,0.773269
39103,0.930527
39104,0.774794
39105,0.874133
39106,0.877268
39107,0.813494
39108,0.56055
39109,0.570938
39110,0.476843
39111,0.977148
39112,0.882473
39113,0.875526
39114,0.812095
39115,0.980839
39116,0.926528
39117,0.678809
39118,0.727927
39119,0.710438
39120,0.731496
39121,0.389832
39122,0.887614
39123,0.138777
39124,0.752162
39125,0.471586
39126,0.623154
39127,0.475205
39128,0.559049
39129,0.453617
39130,0.957779
39131,0.737556
39132,0.97366
39133,0.619904
39134,0.832974
39135,0.724309
39136,0.758173
39137,0.45954
39138,0.907907
39139,0.654776
39140,0.980866
39141,0.904955
39142,0.827773
39143,0.934075
39144,0.737973
39145,0.054654
39146,0.736771
39147,0.927604
39148,0.954286
39149,0.907778
39150,0.786143
39151,0.912203
39152,0.953897
39153,0.77502
39154,0.948589
39155,0.976563
39156,0.465384
39157,0.628169
39158,0.471055
39159,0.402374
39160,0.920734
39161,0.85717
39162,0.494298
39163,0.910035
39164,0.624911
39165,0.5807
39166,0.627338
39167,0.62546
39168,0.942789
39169,0.866903
39170,0.624645
39171,0.86425
39172,0.904554
39173,0.824988
39174,0.616829
39175,0.643877
39176,0.822426
39177,0.657825
39178,0.4108
39179,0.684736
39180,0.779161
39181,0.911976
39182,0.579163
39183,0.625162
39184,0.862692
39185,0.616596
39186,0.779384
39187,0.719737
39188,0.841144
39189,0.881007
39190,0.73982
39191,0.940708
39192,0.505394
39193,0.867249
39194,0.828586
39195,0.908909
39196,0.568528
39197,0.815486
39198,0.698719
39199,0.662086
39200,0.553019
39201,0.881856
39202,0.679094
39203,0.637709
39204,0.662785
39205,0.782337
39206,0.591274
39207,0.818047
39208,0.855377
39209,0.670977
39210,0.74334
39211,0.866598
39212,0.653699
39213,0.959447
39214,0.484322
39215,0.657465
39216,0.47645
39217,0.487182
39218,0.670362
39219,0.446657
39220,0.952699
39221,0.994373
39222,0.630239
39223,0.801531
39224,0.973286
39225,0.577386
39226,0.826745
39227,0.820172
39228,0.870086
39229,0.753096
39230,0.576055
39231,0.637664
39232,0.942826
39233,0.736194
39234,0.114324
39235,0.52427
39236,0.913649
39237,0.763719
39238,0.606916
39239,0.952107
39240,0.25138
39241,0.885487
39242,0.883152
39243,0.971693
39244,0.785168
39245,0.4448
39246,0.713175
39247,0.909019
39248,0.756214
39249,0.78034
39250,0.899642
39251,0.451595
39252,0.745697
39253,0.700708
39254,0.558491
39255,0.794712
39256,0.716222
39257,0.055914
39258,0.766617
39259,0.961868
39260,0.652582
39261,0.502018
39262,0.542694
39263,0.594386
39264,0.576769
39265,0.703291
39266,0.92867
39267,0.887543
39268,0.625466
39269,0.737601
39270,0.600094
39271,0.509256
39272,0.868749
39273,0.082387
39274,0.66187
39275,0.600534
39276,0.501843
39277,0.797607
39278,0.611755
39279,0.834614
39280,0.836339
39281,0.798072
39282,0.540345
39283,0.779623
39284,0.755517
39285,0.644813
39286,0.876539
39287,0.585236
39288,0.471267
39289,0.738162
39290,0.970857
39291,0.675599
39292,0.70614
39293,0.644415
39294,0.740437
39295,0.904254
39296,0.63206
39297,0.98
39298,0.739412
39299,0.479184
39300,0.845369
39301,0.904829
39302,0.816692
39303,0.47314
39304,0.688243
39305,0.659138
39306,0.98901
39307,0.799913
39308,0.897098
39309,0.466794
39310,0.844511
39311,0.937718
39312,0.490733
39313,0.706002
39314,0.697924
39315,0.838753
39316,0.946105
39317,0.428137
39318,0.915184
39319,0.92069
39320,0.869179
39321,0.771193
39322,0.980501
39323,0.962386
39324,0.966183
39325,0.79631
39326,0.698025
39327,0.449808
39328,0.627487
39329,0.754173
39330,0.543983
39331,0.748352
39332,0.49416
39333,0.562364
39334,0.984
39335,0.730798
39336,0.862198
39337,0.740584
39338,0.696314
39339,0.972187
39340,0.412163
39341,0.859766
39342,0.814613
39343,0.46778
39344,0.239372
39345,0.449762
39346,0.78676
39347,0.65004
39348,0.570903
39349,0.741049
39350,0.783946
39351,0.871011
39352,0.765172
39353,0.722044
39354,0.876879
39355,0.622018
39356,0.833047
39357,0.797449
39358,0.701226
39359,0.674011
39360,0.688081
39361,0.735089
39362,0.950693
39363,0.801642
39364,0.242208
39365,0.668973
39366,0.975833
39367,0.231396
39368,0.32811
39369,0.896314
39370,0.904578
39371,0.707413
39372,0.58247
39373,0.522274
39374,0.724079
39375,0.470307
39376,0.782502
39377,0.774032
39378,0.854202
39379,0.869192
39380,0.848431
39381,0.883701
39382,0.91807
39383,0.919426
39384,0.234995
39385,0.568292
39386,0.894566
39387,0.670034
39388,0.092006
39389,0.852081
39390,0.980418
39391,0.711631
39392,0.790086
39393,0.937201
39394,0.738684
39395,0.885643
39396,0.760428
39397,0.173985
39398,0.625251
39399,0.8875
39400,0.992042
39401,0.446933
39402,0.667527
39403,0.809729
39404,0.664051
39405,0.914807
39406,0.898603
39407,0.59266
39408,0.620238
39409,0.807328
39410,0.657904
39411,0.902571
39412,0.976672
39413,0.745951
39414,0.856729
39415,0.056258
39416,0.5745
39417,0.778419
39418,0.936444
39419,0.708288
39420,0.80806
39421,0.82853
39422,0.702901
39423,0.952979
39424,0.764164
39425,0.461762
39426,0.961562
39427,0.757897
39428,0.721575
39429,0.950474
39430,0.407918
39431,0.503301
39432,0.4816
39433,0.876872
39434,0.231814
39435,0.776756
39436,0.473166
39437,0.690488
39438,0.663286
39439,0.575353
39440,0.842706
39441,0.602557
39442,0.711401
39443,0.879982
39444,0.583854
39445,0.8211
39446,0.806272
39447,0.810302
39448,0.984639
39449,0.721703
39450,0.930717
39451,0.932417
39452,0.331555
39453,0.431569
39454,0.893121
39455,0.700175
39456,0.845639
39457,0.768616
39458,0.728629
39459,0.63853
39460,0.908569
39461,0.667282
39462,0.946751
39463,0.830078
39464,0.717801
39465,0.839334
39466,0.914044
39467,0.935162
39468,0.577747
39469,0.632602
39470,0.95031
39471,0.925456
39472,0.783738
39473,0.198987
39474,0.687517
39475,0.87761
39476,0.718292
39477,0.645386
39478,0.445788
39479,0.250213
39480,0.506108
39481,0.778792
39482,0.85746
39483,0.96036
39484,0.94676
39485,0.613884
39486,0.37439
39487,0.655627
39488,0.555827
39489,0.251245
39490,0.743514
39491,0.932752
39492,0.645927
39493,0.724325
39494,0.715781
39495,0.663498
39496,0.740363
39497,0.856918
39498,0.576978
39499,0.426143
39500,0.77235
39501,0.682232
39502,0.560769
39503,0.548275
39504,0.958775
39505,0.905567
39506,0.915454
39507,0.548266
39508,0.589479
39509,0.699193
39510,0.890126
39511,0.358169
39512,0.868987
39513,0.967731
39514,0.500469
39515,0.772993
39516,0.755871
39517,0.80608
39518,0.931018
39519,0.914159
39520,0.515073
39521,0.665783
39522,0.760536
39523,0.932765
39524,0.634566
39525,0.627864
39526,0.870798
39527,0.929726
39528,0.82872
39529,0.821494
39530,0.67793
39531,0.552417
39532,0.588595
39533,0.629563
39534,0.518214
39535,0.927245
39536,0.927716
39537,0.811666
39538,0.611368
39539,0.733428
39540,0.840762
39541,0.979815
39542,0.503492
39543,0.501421
39544,0.696436
39545,0.723904
39546,0.820313
39547,0.751475
39548,0.703611
39549,0.981096
39550,0.96106
39551,0.884742
39552,0.919724
39553,0.612818
39554,0.918934
39555,0.524949
39556,0.711341
39557,0.620768
39558,0.653707
39559,0.591906
39560,0.651347
39561,0.834393
39562,0.545937
39563,0.667729
39564,0.76358
39565,0.810072
39566,0.73605
39567,0.711493
39568,0.630758
39569,0.913254
39570,0.938337
39571,0.95535
39572,0.59664
39573,0.720055
39574,0.777845
39575,0.969292
39576,0.678253
39577,0.84017
39578,0.934498
39579,0.566676
39580,0.961257
39581,0.623691
39582,0.642381
39583,0.783568
39584,0.325032
39585,0.886683
39586,0.867211
39587,0.885071
39588,0.472064
39589,0.822291
39590,0.898154
39591,0.665994
39592,0.983676
39593,0.904315
39594,0.747447
39595,0.109525
39596,0.569957
39597,0.687756
39598,0.685798
39599,0.914475
39600,0.978006
39601,0.811361
39602,0.372472
39603,0.428829
39604,0.764155
39605,0.679405
39606,0.645083
39607,0.936673
39608,0.618819
39609,0.112436
39610,0.845259
39611,0.790808
39612,0.922091
39613,0.75406
39614,0.683552
39615,0.885944
39616,0.716999
39617,0.665126
39618,0.780977
39619,0.943188
39620,0.902836
39621,0.645014
39622,0.956141
39623,0.406638
39624,0.933568
39625,0.89246
39626,0.913414
39627,0.816634
39628,0.821222
39629,0.579408
39630,0.9471
39631,0.814433
39632,0.709272
39633,0.468994
39634,0.428482
39635,0.660446
39636,0.796466
39637,0.5147
39638,0.76911
39639,0.884079
39640,0.595874
39641,0.587839
39642,0.460486
39643,0.916077
39644,0.891201
39645,0.748177
39646,0.8176
39647,0.778443
39648,0.847638
39649,0.732223
39650,0.906735
39651,0.627595
39652,0.465728
39653,0.887361
39654,0.630958
39655,0.943961
39656,0.648364
39657,0.905555
39658,0.827481
39659,0.469226
39660,0.703916
39661,0.924118
39662,0.526195
39663,0.958112
39664,0.956856
39665,0.563003
39666,0.083056
39667,0.956892
39668,0.494702
39669,0.520689
39670,0.688088
39671,0.857805
39672,0.677112
39673,0.900578
39674,0.949101
39675,0.867534
39676,0.665725
39677,0.962606
39678,0.922875
39679,0.970593
39680,0.547117
39681,0.571676
39682,0.806819
39683,0.700062
39684,0.747468
39685,0.835493
39686,0.684056
39687,0.800626
39688,0.969134
39689,0.992088
39690,0.820186
39691,0.753799
39692,0.6167
39693,0.833843
39694,0.468278
39695,0.863401
39696,0.485521
39697,0.733481
39698,0.623723
39699,0.416478
39700,0.707011
39701,0.101596
39702,0.052059
39703,0.505135
39704,0.70402
39705,0.450617
39706,0.106455
39707,0.613979
39708,0.913431
39709,0.879627
39710,0.609663
39711,0.680452
39712,0.627585
39713,0.964829
39714,0.801171
39715,0.77983
39716,0.620558
39717,0.289467
39718,0.679924
39719,0.117476
39720,0.968046
39721,0.680388
39722,0.741648
39723,0.976432
39724,0.708758
39725,0.926566
39726,0.556181
39727,0.752961
39728,0.861519
39729,0.963284
39730,0.736428
39731,0.332387
39732,0.594381
39733,0.642843
39734,0.650703
39735,0.865797
39736,0.838411
39737,0.486538
39738,0.226852
39739,0.723765
39740,0.865458
39741,0.889316
39742,0.88487
39743,0.789507
39744,0.982339
39745,0.888257
39746,0.860248
39747,0.950103
39748,0.918655
39749,0.835614
39750,0.928498
39751,0.59352
39752,0.662561
39753,0.604566
39754,0.793597
39755,0.641756
39756,0.898939
39757,0.681418
39758,0.754351
39759,0.76416
39760,0.949265
39761,0.715353
39762,0.55856
39763,0.499424
39764,0.649941
39765,0.50174
39766,0.363409
39767,0.520833
39768,0.956464
39769,0.515114
39770,0.631866
39771,0.49978
39772,0.852563
39773,0.526882
39774,0.767218
39775,0.837302
39776,0.84893
39777,0.835322
39778,0.849223
39779,0.662168
39780,0.950148
39781,0.916102
39782,0.775882
39783,0.71424
39784,0.886325
39785,0.918312
39786,0.68599
39787,0.877943
39788,0.750928
39789,0.816665
39790,0.083105
39791,0.948475
39792,0.557696
39793,0.703932
39794,0.530202
39795,0.953912
39796,0.388247
39797,0.890084
39798,0.966223
39799,0.634015
39800,0.058369
39801,0.499101
39802,0.784823
39803,0.492642
39804,0.981379
39805,0.633506
39806,0.814434
39807,0.607052
39808,0.633515
39809,0.918651
39810,0.709957
39811,0.638152
39812,0.744017
39813,0.74983
39814,0.829634
39815,0.644218
39816,0.968728
39817,0.718852
39818,0.798676
39819,0.623142
39820,0.763634
39821,0.931063
39822,0.509746
39823,0.690079
39824,0.464803
39825,0.75784
39826,0.243803
39827,0.477995
39828,0.617055
39829,0.582341
39830,0.68162
39831,0.950903
39832,0.867841
39833,0.425284
39834,0.769602
39835,0.854043
39836,0.93571
39837,0.874219
39838,0.799785
39839,0.767763
39840,0.688332
39841,0.980672
39842,0.466483
39843,0.760862
39844,0.905129
39845,0.900736
39846,0.923527
39847,0.959183
39848,0.249315
39849,0.891833
39850,0.699409
39851,0.63293
39852,0.763771
39853,0.614863
39854,0.830111
39855,0.530807
39856,0.83781
39857,0.925589
39858,0.540495
39859,0.921582
39860,0.814152
39861,0.816021
39862,0.750408
39863,0.9378
39864,0.979744
39865,0.578475
39866,0.833048
39867,0.714928
39868,0.953723
39869,0.583897
39870,0.874302
39871,0.555983
39872,0.792324
39873,0.550243
39874,0.587659
39875,0.634904
39876,0.98772
39877,0.736245
39878,0.717398
39879,0.458383
39880,0.500872
39881,0.928717
39882,0.560234
39883,0.787978
39884,0.930786
39885,0.699279
39886,0.98032
39887,0.66963
39888,0.889775
39889,0.906035
39890,0.444746
39891,0.668936
39892,0.701721
39893,0.920826
39894,0.826746
39895,0.598065
39896,0.881888
39897,0.599613
39898,0.90871
39899,0.658901
39900,0.591636
39901,0.817746
39902,0.939803
39903,0.938146
39904,0.996101
39905,0.489796
39906,0.775823
39907,0.079622
39908,0.811328
39909,0.893367
39910,0.860136
39911,0.909599
39912,0.690746
39913,0.717964
39914,0.724541
39915,0.966522
39916,0.895814
39917,0.933429
39918,0.730385
39919,0.803486
39920,0.697617
39921,0.58147
39922,0.879969
39923,0.591668
39924,0.115201
39925,0.900564
39926,0.981296
39927,0.774581
39928,0.731879
39929,0.587985
39930,0.555489
39931,0.45397
39932,0.68849
39933,0.926627
39934,0.081113
39935,0.548165
39936,0.5786
39937,0.742004
39938,0.64011
39939,0.936958
39940,0.899168
39941,0.731022
39942,0.648944
39943,0.585959
39944,0.488955
39945,0.755096
39946,0.837716
39947,0.717817
39948,0.776837
39949,0.918845
39950,0.671303
39951,0.563685
39952,0.847996
39953,0.505413
39954,0.834073
39955,0.58991
39956,0.915467
39957,0.862848
39958,0.660671
39959,0.932654
39960,0.839027
39961,0.895133
39962,0.718033
39963,0.546801
39964,0.646671
39965,0.617079
39966,0.868482
39967,0.964682
39968,0.814225
39969,0.589275
39970,0.909832
39971,0.661287
39972,0.975496
39973,0.981214
39974,0.52954
39975,0.073353
39976,0.549081
39977,0.745373
39978,0.724228
39979,0.792838
39980,0.728172
39981,0.845262
39982,0.97799
39983,0.948676
39984,0.937152
39985,0.799132
39986,0.825444
39987,0.780874
39988,0.664631
39989,0.64118
39990,0.490343
39991,0.900168
39992,0.329114
39993,0.402883
39994,0.773392
39995,0.465266
39996,0.50004
39997,0.73413
39998,0.801261
39999,0.61163
